f1 = 0.8428571428571429
loss = 0.21151708215475082
precision = 0.8126721763085399
recall = 0.8753709198813057
