f1 = 0.871834228702993
loss = 0.11401454210281373
precision = 0.8541353383458646
recall = 0.890282131661442
