f1 = 0.9130100076982294
loss = 0.09703129753470421
precision = 0.897125567322239
recall = 0.9294670846394985
