f1 = 0.10185185185185183
loss = 1.3185564875602722
precision = 0.5789473684210527
recall = 0.05583756345177665
