f1 = 0.5837837837837837
loss = 0.4431113004684448
precision = 0.6242774566473989
recall = 0.5482233502538071
