f1 = 0.2145922746781116
loss = 0.1786266416311264
precision = 0.20161290322580644
recall = 0.22935779816513763
