f1 = 0.20477815699658705
loss = 0.6019774228334427
precision = 0.3125
recall = 0.15228426395939088
