f1 = 0.5945945945945945
loss = 0.25131719559431076
precision = 0.5483870967741935
recall = 0.6493055555555556
