f1 = 0.8797564687975646
loss = 0.10013949945569038
precision = 0.8550295857988166
recall = 0.9059561128526645
