f1 = 0.19753086419753085
loss = 0.44332878291606903
precision = 0.24242424242424243
recall = 0.16666666666666666
