f1 = 0.7983402489626557
loss = 0.2711651802062988
precision = 0.8194207836456558
recall = 0.7783171521035599
