f1 = 0.620183486238532
loss = 0.40783173590898514
precision = 0.6575875486381323
recall = 0.5868055555555556
