f1 = 0.7708894878706198
loss = 0.21052569299936294
precision = 0.7486910994764397
recall = 0.7944444444444444
