f1 = 0.7572815533980584
loss = 0.12189634814858437
precision = 0.8041237113402062
recall = 0.7155963302752294
