f1 = 0.8103975535168196
loss = 0.196474289894104
precision = 0.8359621451104101
recall = 0.7863501483679525
