f1 = 0.021308980213089797
loss = 0.834979459643364
precision = 0.018970189701897018
recall = 0.024305555555555556
