f1 = 0.7821939586645469
loss = 0.20570652559399605
precision = 0.7214076246334311
recall = 0.8541666666666666
