f1 = 0.2691771269177127
loss = 0.4787908732891083
precision = 0.2516297262059974
recall = 0.2893553223388306
