f1 = 0.8879736408566722
loss = 0.10483241081237793
precision = 0.8778501628664495
recall = 0.8983333333333333
