f1 = 0.10401891252955084
loss = 0.6698270440101624
precision = 0.09734513274336283
recall = 0.1116751269035533
