f1 = 0.8320126782884311
loss = 0.2503522977232933
precision = 0.8152173913043478
recall = 0.8495145631067961
