f1 = 0.8294209702660406
loss = 0.18196601420640945
precision = 0.803030303030303
recall = 0.8576051779935275
