f1 = 0.7926341072858286
loss = 0.281265564262867
precision = 0.8608695652173913
recall = 0.7344213649851632
