f1 = 0.8176197836166924
loss = 0.137806299328804
precision = 0.8064024390243902
recall = 0.829153605015674
