f1 = 0.013690592607079992
loss = 1.6810163925675785
precision = 0.3763440860215054
recall = 0.0069721115537848604
