f1 = 0.5970149253731343
loss = 0.2961188480257988
precision = 0.5235602094240838
recall = 0.6944444444444444
