f1 = 0.6307977736549164
loss = 0.32974173724651334
precision = 0.8415841584158416
recall = 0.5044510385756676
