f1 = 0.601063829787234
loss = 0.44056330621242523
precision = 0.6312849162011173
recall = 0.5736040609137056
