f1 = 0.25308641975308643
loss = 0.5750913023948669
precision = 0.3228346456692913
recall = 0.20812182741116753
