f1 = 0.8644793152639086
loss = 0.20492421090602875
precision = 0.8324175824175825
recall = 0.8991097922848664
