f1 = 0.2944369063772049
loss = 0.3976131618022919
precision = 0.27125
recall = 0.3219584569732938
