f1 = 0.8180379746835442
loss = 0.17388905435800553
precision = 0.8659966499162479
recall = 0.775112443778111
