f1 = 0.9269372693726938
loss = 0.08260833546519279
precision = 0.9127906976744186
recall = 0.9415292353823088
