f1 = 0.5848563968668408
loss = 0.49820922315120697
precision = 0.6021505376344086
recall = 0.5685279187817259
