f1 = 0.7262872628726288
loss = 0.23455152660608292
precision = 0.708994708994709
recall = 0.7444444444444445
