f1 = 0.40096038415366153
loss = 0.791571068763733
precision = 0.7767441860465116
recall = 0.2702265372168285
