f1 = 0.04878048780487805
loss = 1.366894543170929
precision = 0.625
recall = 0.025380710659898477
