f1 = 0.7838926174496644
loss = 0.19484691172838212
precision = 0.7584415584415585
recall = 0.8111111111111111
