f1 = 0.5882352941176472
loss = 0.48837023973464966
precision = 0.6214689265536724
recall = 0.5583756345177665
