f1 = 0.7859007832898173
loss = 0.16133184880018234
precision = 0.7413793103448276
recall = 0.8361111111111111
