f1 = 0.04595879556259905
loss = 1.0915550231933593
precision = 0.04380664652567976
recall = 0.04833333333333333
