f1 = 0.7007672634271099
loss = 0.21809316724538802
precision = 0.6492890995260664
recall = 0.7611111111111111
