f1 = 0.7522123893805308
loss = 0.09596882462501526
precision = 0.7264957264957265
recall = 0.7798165137614679
