f1 = 0.03237858032378581
loss = 0.9219819188117981
precision = 0.029345372460496615
recall = 0.03611111111111111
