f1 = 0.6270270270270271
loss = 0.13613732531666756
precision = 0.7631578947368421
recall = 0.5321100917431193
