f1 = 0.17801047120418848
loss = 0.848081398010254
precision = 0.7555555555555555
recall = 0.10089020771513353
