f1 = 0.8130469371519491
loss = 0.24456677734851837
precision = 0.7996870109546166
recall = 0.8268608414239482
