f1 = 0.8061538461538461
loss = 0.22139105796813965
precision = 0.8370607028753994
recall = 0.7774480712166172
