f1 = 0.7415143603133159
loss = 0.20357707142829895
precision = 0.6995073891625616
recall = 0.7888888888888889
