f1 = 0.042821158690176324
loss = 0.8860159754753113
precision = 0.03917050691244239
recall = 0.04722222222222222
