f1 = 0.4200913242009133
loss = 0.13297562822699546
precision = 0.41818181818181815
recall = 0.42201834862385323
