f1 = 0.710843373493976
loss = 0.30148586444556713
precision = 0.7023809523809523
recall = 0.7195121951219512
