f1 = 0.4336793540945789
loss = 0.6984750092029571
precision = 0.8209606986899564
recall = 0.2946708463949843
