f1 = 0.8492957746478873
loss = 0.19820711761713028
precision = 0.8083109919571045
recall = 0.8946587537091988
