f1 = 0.5379876796714579
loss = 0.37926987558603287
precision = 0.6582914572864321
recall = 0.4548611111111111
