f1 = 0.8746438746438746
loss = 0.1530658408999443
precision = 0.8410958904109589
recall = 0.9109792284866469
