f1 = 0.8952959028831563
loss = 0.08169523179531098
precision = 0.8676470588235294
recall = 0.9247648902821317
