f1 = 0.608187134502924
loss = 0.1275375083088875
precision = 0.8387096774193549
recall = 0.47706422018348627
