f1 = 0.37176470588235294
loss = 0.7702081441879273
precision = 0.6810344827586207
recall = 0.255663430420712
