f1 = 0.9212481426448738
loss = 0.08413166180253029
precision = 0.9131075110456554
recall = 0.9295352323838081
