f1 = 0.6593406593406593
loss = 0.10964957401156425
precision = 0.821917808219178
recall = 0.5504587155963303
