f1 = 0.1002031144211239
loss = 0.5204747796058655
precision = 0.0921544209215442
recall = 0.10979228486646884
