f1 = 0.7093889716840536
loss = 0.1810379981994629
precision = 0.7125748502994012
recall = 0.7062314540059347
