f1 = 0.0979020979020979
loss = 0.13716395497322081
precision = 0.20588235294117646
recall = 0.06422018348623854
