f1 = 0.3499361430395913
loss = 0.716662335395813
precision = 0.7486338797814208
recall = 0.22833333333333333
