f1 = 0.6246719160104987
loss = 0.4786478132009506
precision = 0.6467391304347826
recall = 0.6040609137055838
