f1 = 0.1183431952662722
loss = 0.12524807900190355
precision = 0.16666666666666666
recall = 0.09174311926605505
