f1 = 0.8737446197991391
loss = 0.15873929262161254
precision = 0.8458333333333333
recall = 0.9035608308605341
