f1 = 0.7758389261744967
loss = 0.23944907635450363
precision = 0.7506493506493507
recall = 0.8027777777777778
