f1 = 0.7564216120460585
loss = 0.30308591276407243
precision = 0.869653767820774
recall = 0.6692789968652038
