f1 = 0.7104851330203442
loss = 0.23010624945163727
precision = 0.6467236467236467
recall = 0.7881944444444444
