f1 = 0.9251297257227575
loss = 0.08092552050948143
precision = 0.9149560117302052
recall = 0.9355322338830585
