f1 = 0.0454713493530499
loss = 0.9507161495732326
precision = 0.3153846153846154
recall = 0.02450199203187251
