f1 = 0.11096075778078485
loss = 0.7754847928881645
precision = 0.09975669099756691
recall = 0.125
