f1 = 0.15492957746478872
loss = 0.5074691593647003
precision = 0.1371571072319202
recall = 0.1779935275080906
