f1 = 0.4263959390862945
loss = 0.32721787691116333
precision = 0.3925233644859813
recall = 0.4666666666666667
