f1 = 0.009090909090909092
loss = 0.8622186481952667
precision = 0.008064516129032258
recall = 0.010416666666666666
