f1 = 0.667687595712098
loss = 0.26654278114438057
precision = 0.5972602739726027
recall = 0.7569444444444444
