f1 = 0.8374306106264868
loss = 0.24766663014888762
precision = 0.8211508553654744
recall = 0.8543689320388349
