f1 = 0.8165771297006909
loss = 0.2363006055355072
precision = 0.8457869634340223
recall = 0.7893175074183977
