f1 = 0.7203166226912929
loss = 0.21108594834804534
precision = 0.6859296482412061
recall = 0.7583333333333333
