f1 = 0.23296158612143744
loss = 0.5200741946697235
precision = 0.21029082774049218
recall = 0.2611111111111111
