f1 = 0.5628140703517588
loss = 0.08872190937399864
precision = 0.6222222222222222
recall = 0.5137614678899083
