f1 = 0.03886397608370703
loss = 0.6000485718250275
precision = 0.03412073490813648
recall = 0.04513888888888889
