f1 = 0.8
loss = 0.1538085252046585
precision = 0.7661406025824964
recall = 0.8369905956112853
