f1 = 0.23853211009174313
loss = 0.3789314106106758
precision = 0.21311475409836064
recall = 0.2708333333333333
