f1 = 0.04545454545454545
loss = 1.48044091463089
precision = 0.3333333333333333
recall = 0.024390243902439025
