f1 = 0.877221324717286
loss = 0.13264478221535683
precision = 0.905
recall = 0.8510971786833855
