f1 = 0.42775393419170243
loss = 0.3417597472667694
precision = 0.40902872777017785
recall = 0.4482758620689655
