f1 = 0.07132243684992572
loss = 1.202720856666565
precision = 0.6857142857142857
recall = 0.03761755485893417
