f1 = 0.7075471698113208
loss = 0.2680455781519413
precision = 0.646551724137931
recall = 0.78125
