f1 = 0.7060702875399361
loss = 0.3657643310725689
precision = 0.7416107382550335
recall = 0.6737804878048781
