f1 = 0.8526398739164697
loss = 0.17788708582520485
precision = 0.8310291858678955
recall = 0.8754045307443366
