f1 = 0.8805237315875614
loss = 0.10899143889546395
precision = 0.864951768488746
recall = 0.8966666666666666
