f1 = 0.5048543689320387
loss = 0.10047764964401722
precision = 0.5360824742268041
recall = 0.47706422018348627
