f1 = 0.7777777777777778
loss = 0.2336163714528084
precision = 0.7592592592592593
recall = 0.7972222222222223
