f1 = 0.7926926131850675
loss = 0.2299206256866455
precision = 0.7784711388455539
recall = 0.8074433656957929
