f1 = 0.6403861625100563
loss = 0.2407248869538307
precision = 0.6189735614307932
recall = 0.6633333333333333
