f1 = 0.8322246858832225
loss = 0.11618704348802567
precision = 0.7874125874125875
recall = 0.8824451410658307
