f1 = 0.702866332418882
loss = 0.17319190604429618
precision = 0.6692487840028823
recall = 0.7400398406374502
