f1 = 0.4185393258426966
loss = 0.27589580714702605
precision = 0.39365918097754293
recall = 0.44677661169415295
