f1 = 0.9142857142857143
loss = 0.08159559294581413
precision = 0.8939828080229226
recall = 0.9355322338830585
