f1 = 0.748898678414097
loss = 0.10518218874931336
precision = 0.7203389830508474
recall = 0.7798165137614679
