f1 = 0.3710618436406068
loss = 0.6420895874500274
precision = 0.8688524590163934
recall = 0.23590504451038577
