f1 = 0.8972712680577849
loss = 0.09969506300985813
precision = 0.9194078947368421
recall = 0.8761755485893417
