f1 = 0.7543160690571049
loss = 0.217997045814991
precision = 0.72264631043257
recall = 0.7888888888888889
