f1 = 0.3296158612143742
loss = 0.3534407377243042
precision = 0.2975391498881432
recall = 0.36944444444444446
