f1 = 0.35348837209302325
loss = 0.11978217288851738
precision = 0.3584905660377358
recall = 0.3486238532110092
