f1 = 0.8897893030794166
loss = 0.1205908477306366
precision = 0.8659305993690851
recall = 0.915
