f1 = 0.026993865030674847
loss = 0.9109086871147156
precision = 0.024175824175824177
recall = 0.030555555555555555
