f1 = 0.0351123595505618
loss = 0.5636564254760742
precision = 0.03302509907529723
recall = 0.037481259370314844
