f1 = 0.8816738816738817
loss = 0.18014464378356934
precision = 0.8581460674157303
recall = 0.9065281899109793
