f1 = 0.8683274021352314
loss = 0.16494647562503814
precision = 0.8344733242134063
recall = 0.9050445103857567
