f1 = 0.4168618266978923
loss = 0.3690228283405304
precision = 0.3920704845814978
recall = 0.445
