f1 = 0.2796352583586626
loss = 0.880901038646698
precision = 0.3484848484848485
recall = 0.233502538071066
