f1 = 0.580821917808219
loss = 0.5249499678611755
precision = 0.6309523809523809
recall = 0.5380710659898477
