f1 = 0.7936507936507938
loss = 0.19340681582689284
precision = 0.7575757575757576
recall = 0.8333333333333334
