f1 = 0.6698412698412698
loss = 0.2904267832636833
precision = 0.6169590643274854
recall = 0.7326388888888888
