f1 = 0.08536585365853659
loss = 1.4814860582351685
precision = 0.7368421052631579
recall = 0.045307443365695796
