f1 = 0.5003190810465858
loss = 0.2978066444396973
precision = 0.43896976483762595
recall = 0.5816023738872403
