f1 = 0.8796812749003985
loss = 0.16781628429889678
precision = 0.8665620094191523
recall = 0.8932038834951457
