f1 = 0.7823765020026702
loss = 0.1967374011874199
precision = 0.7532133676092545
recall = 0.8138888888888889
