f1 = 0.8031746031746032
loss = 0.1671237453818321
precision = 0.7666666666666667
recall = 0.8433333333333334
