f1 = 0.7887700534759358
loss = 0.1915108487010002
precision = 0.7603092783505154
recall = 0.8194444444444444
