f1 = 0.7627677100494235
loss = 0.2479158401489258
precision = 0.7768456375838926
recall = 0.7491909385113269
