f1 = 0.20264317180616742
loss = 1.0886821448802948
precision = 0.7666666666666667
recall = 0.116751269035533
