f1 = 0.4606613454960091
loss = 0.2871038496494293
precision = 0.390715667311412
recall = 0.5611111111111111
