f1 = 0.08620689655172414
loss = 0.6279536783695221
precision = 0.2857142857142857
recall = 0.050761421319796954
