f1 = 0.7373271889400922
loss = 0.07092598676681519
precision = 0.7407407407407407
recall = 0.7339449541284404
