f1 = 0.088
loss = 0.7673872709274292
precision = 0.20754716981132076
recall = 0.05583756345177665
