f1 = 0.6561514195583596
loss = 0.3307904377579689
precision = 0.6011560693641619
recall = 0.7222222222222222
