f1 = 0.875
loss = 0.13659223672002554
precision = 0.8636363636363636
recall = 0.8866666666666667
