f1 = 0.8477237048665619
loss = 0.19149729907512664
precision = 0.823170731707317
recall = 0.8737864077669902
