f1 = 0.15552523874488405
loss = 1.0918339014053344
precision = 0.4956521739130435
recall = 0.09223300970873786
