f1 = 0.6
loss = 0.5388612896203995
precision = 0.6416184971098265
recall = 0.5634517766497462
