f1 = 0.6182795698924731
loss = 0.4572681188583374
precision = 0.6571428571428571
recall = 0.583756345177665
