f1 = 0.8359941944847605
loss = 0.17458267509937286
precision = 0.810126582278481
recall = 0.863568215892054
