f1 = 0.0015854141894569957
loss = 1.5122371584761376
precision = 0.15384615384615385
recall = 0.0007968127490039841
