f1 = 0.9230769230769229
loss = 0.08270847275853158
precision = 0.8945147679324894
recall = 0.9535232383808095
