f1 = 0.6433121019108279
loss = 0.3260667622089386
precision = 0.5941176470588235
recall = 0.7013888888888888
