f1 = 0.7307132459970888
loss = 0.29547835513949394
precision = 0.6991643454038997
recall = 0.7652439024390244
