f1 = 0.8026845637583893
loss = 0.17534612268209457
precision = 0.7766233766233767
recall = 0.8305555555555556
