f1 = 0.8706070287539935
loss = 0.168746480345726
precision = 0.8596214511041009
recall = 0.8818770226537217
