f1 = 0.6846275752773376
loss = 0.24414828047156334
precision = 0.6297376093294461
recall = 0.75
