f1 = 0.8757142857142858
loss = 0.18498034477233888
precision = 0.8443526170798898
recall = 0.9094955489614244
