f1 = 0.07537688442211055
loss = 1.0195110440254211
precision = 0.07462686567164178
recall = 0.07614213197969544
