f1 = 0.47120418848167545
loss = 0.11853715404868126
precision = 0.5487804878048781
recall = 0.41284403669724773
