f1 = 0.061468412066021626
loss = 1.6573514026754044
precision = 0.6454183266932271
recall = 0.03227091633466136
