f1 = 0.8105004101722725
loss = 0.19233654737472533
precision = 0.8219633943427621
recall = 0.7993527508090615
