f1 = 0.3255484784147204
loss = 0.4445706903934479
precision = 0.2893081761006289
recall = 0.37216828478964403
