f1 = 0.6385224274406331
loss = 0.40750037133693695
precision = 0.6648351648351648
recall = 0.6142131979695431
