f1 = 0.037037037037037035
loss = 1.260392951965332
precision = 0.4642857142857143
recall = 0.019287833827893175
