f1 = 0.8636363636363636
loss = 0.1427418865263462
precision = 0.8724489795918368
recall = 0.855
