f1 = 0.14386459802538787
loss = 1.0312586426734924
precision = 0.5604395604395604
recall = 0.0825242718446602
