f1 = 0.2985746436609152
loss = 0.6848760724067688
precision = 0.28633093525179854
recall = 0.31191222570532917
