f1 = 0.6307277628032345
loss = 0.35765308141708374
precision = 0.6724137931034483
recall = 0.5939086294416244
