f1 = 0.7893333333333332
loss = 0.19350844621658325
precision = 0.7589743589743589
recall = 0.8222222222222222
