f1 = 0.18803418803418803
loss = 0.1672519713640213
precision = 0.176
recall = 0.2018348623853211
