f1 = 0.7737617135207496
loss = 0.2331079751253128
precision = 0.7467700258397932
recall = 0.8027777777777778
