f1 = 0.7589285714285714
loss = 0.06853964328765869
precision = 0.7391304347826086
recall = 0.7798165137614679
