f1 = 0.4373540856031128
loss = 0.40423094630241396
precision = 0.41021897810218977
recall = 0.4683333333333333
