f1 = 0.0603882099209202
loss = 0.7636353373527527
precision = 0.058011049723756904
recall = 0.06296851574212893
