f1 = 0.0806307113420534
loss = 1.0165252936821358
precision = 0.40106951871657753
recall = 0.044820717131474105
