f1 = 0.380952380952381
loss = 0.18293313160538674
precision = 0.7368421052631579
recall = 0.25688073394495414
