f1 = 0.019548872180451125
loss = 1.1072641015052795
precision = 0.018258426966292134
recall = 0.021035598705501618
