f1 = 0.5353218210361067
loss = 0.2334946036338806
precision = 0.5059347181008902
recall = 0.5683333333333334
