f1 = 0.724679029957204
loss = 0.2752676457166672
precision = 0.6809651474530831
recall = 0.774390243902439
