f1 = 0.02055800293685756
loss = 0.38206247687339784
precision = 1.0
recall = 0.010385756676557863
