f1 = 0.32383808095952027
loss = 0.52555350959301
precision = 0.2849604221635884
recall = 0.375
