f1 = 0.056980056980056974
loss = 1.2581791043281556
precision = 0.7142857142857143
recall = 0.02967359050445104
