f1 = 0.5231607629427794
loss = 0.5380740463733673
precision = 0.5647058823529412
recall = 0.4873096446700508
