f1 = 0.6794431731502669
loss = 0.2073851229951662
precision = 0.651609363569861
recall = 0.7097609561752988
