f1 = 0.7653333333333333
loss = 0.18468788713216783
precision = 0.735897435897436
recall = 0.7972222222222223
