f1 = 0.08144796380090497
loss = 1.3882279992103577
precision = 0.375
recall = 0.04568527918781726
