f1 = 0.8596620132255695
loss = 0.08111232295632362
precision = 0.8429394812680115
recall = 0.8770614692653673
