f1 = 0.8787632221318145
loss = 0.14007236063480377
precision = 0.9137055837563451
recall = 0.8463949843260188
