f1 = 0.7559681697612732
loss = 0.20111655443906784
precision = 0.7233502538071066
recall = 0.7916666666666666
