f1 = 0.0947075208913649
loss = 1.147820508480072
precision = 0.7727272727272727
recall = 0.050445103857566766
