f1 = 0.7104
loss = 0.1893758624792099
precision = 0.658753709198813
recall = 0.7708333333333334
