f1 = 0.005457025920873123
loss = 1.244447648525238
precision = 0.0049382716049382715
recall = 0.006097560975609756
