f1 = 0.5101449275362318
loss = 0.5182330161333084
precision = 0.5945945945945946
recall = 0.4467005076142132
