f1 = 0.6674454828660437
loss = 0.19084898944871098
precision = 0.6527037319116527
recall = 0.6828685258964143
