f1 = 0.04363636363636364
loss = 0.9164891839027405
precision = 0.03870967741935484
recall = 0.05
