f1 = 0.9301983835415136
loss = 0.08048926554620266
precision = 0.9121037463976945
recall = 0.9490254872563718
