f1 = 0.6277897768178545
loss = 0.20088886916637422
precision = 0.6038781163434903
recall = 0.6536731634182908
