f1 = 0.7
loss = 0.18681937754154204
precision = 0.6684856753069577
recall = 0.7346326836581709
