f1 = 0.7830388692579505
loss = 0.15349389016628265
precision = 0.747638326585695
recall = 0.8219584569732937
