f1 = 0.03719599427753935
loss = 0.7911245971918106
precision = 0.031630170316301706
recall = 0.04513888888888889
