f1 = 0.8904795991410165
loss = 0.1857842981815338
precision = 0.8603042876901799
recall = 0.9228486646884273
