f1 = 0.8650355169692187
loss = 0.1605855867266655
precision = 0.8443759630200308
recall = 0.8867313915857605
