f1 = 0.10619469026548672
loss = 0.18654222637414933
precision = 0.10256410256410256
recall = 0.11009174311926606
