f1 = 0.8692528735632186
loss = 0.20123254209756852
precision = 0.8426183844011143
recall = 0.8976261127596439
