f1 = 0.01149425287356322
loss = 0.9459553003311157
precision = 0.18181818181818182
recall = 0.005934718100890208
