f1 = 0.684931506849315
loss = 0.09521816894412041
precision = 0.6818181818181818
recall = 0.6880733944954128
