f1 = 0.6230529595015577
loss = 0.3571644276380539
precision = 0.7092198581560284
recall = 0.5555555555555556
