f1 = 0.7066246056782334
loss = 0.2579178065061569
precision = 0.6473988439306358
recall = 0.7777777777777778
