f1 = 0.7853881278538812
loss = 0.08998671583831311
precision = 0.7818181818181819
recall = 0.7889908256880734
