f1 = 0.7160316319194823
loss = 0.177153080701828
precision = 0.6878453038674033
recall = 0.7466266866566716
