f1 = 0.7419354838709676
loss = 0.2864820025861263
precision = 0.7146892655367232
recall = 0.7713414634146342
