f1 = 0.8665028665028666
loss = 0.16137889847159387
precision = 0.8518518518518519
recall = 0.8816666666666667
