f1 = 0.5775401069518716
loss = 0.3817014545202255
precision = 0.6101694915254238
recall = 0.5482233502538071
