f1 = 0.8566721581548599
loss = 0.17852297872304917
precision = 0.87248322147651
recall = 0.8414239482200647
