f1 = 0.5745007680491552
loss = 0.24782675877213478
precision = 0.5151515151515151
recall = 0.6493055555555556
