f1 = 0.6718547341115434
loss = 0.20239826142787934
precision = 0.6301703163017032
recall = 0.7194444444444444
