f1 = 0.6645962732919255
loss = 0.2811395265161991
precision = 0.601123595505618
recall = 0.7430555555555556
