f1 = 0.7136563876651981
loss = 0.10349497869610787
precision = 0.6864406779661016
recall = 0.7431192660550459
