f1 = 0.12189936215450035
loss = 0.676734185218811
precision = 0.11559139784946236
recall = 0.12893553223388307
