f1 = 0.7140783744557329
loss = 0.3254072964191437
precision = 0.6814404432132964
recall = 0.75
