f1 = 0.4031620553359684
loss = 0.42879024147987366
precision = 0.6035502958579881
recall = 0.3026706231454006
