f1 = 0.9011627906976744
loss = 0.1165997214615345
precision = 0.8744710860366713
recall = 0.9295352323838081
