f1 = 0.9397058823529412
loss = 0.07884524464607238
precision = 0.922077922077922
recall = 0.9580209895052474
