f1 = 0.026931254429482635
loss = 1.0177853941917419
precision = 0.025537634408602152
recall = 0.02848575712143928
