f1 = 0.01646090534979424
loss = 1.2034106254577637
precision = 0.015306122448979591
recall = 0.017804154302670624
