f1 = 0.6851851851851852
loss = 0.10293845534324646
precision = 0.6915887850467289
recall = 0.6788990825688074
