f1 = 0.3895833333333333
loss = 0.5792242467403412
precision = 0.6538461538461539
recall = 0.2774480712166172
