f1 = 0.8111888111888111
loss = 0.2555850982666016
precision = 0.8515497553017944
recall = 0.7744807121661721
