f1 = 0.6801242236024845
loss = 0.230557881295681
precision = 0.6151685393258427
recall = 0.7604166666666666
