f1 = 0.7653333333333333
loss = 0.22400558292865752
precision = 0.735897435897436
recall = 0.7972222222222223
