f1 = 0.9211678832116788
loss = 0.09686637371778488
precision = 0.8975817923186344
recall = 0.9460269865067467
