f1 = 0.9273927392739274
loss = 0.09220067076385022
precision = 0.9183006535947712
recall = 0.9366666666666666
