f1 = 0.7080103359173128
loss = 0.30209656059741974
precision = 0.8439425051334702
recall = 0.6097922848664689
