f1 = 0.046961325966850834
loss = 0.3544068843126297
precision = 0.34
recall = 0.025222551928783383
