f1 = 0.478494623655914
loss = 0.5853897035121918
precision = 0.5085714285714286
recall = 0.4517766497461929
