f1 = 0.21052631578947373
loss = 0.8498821258544922
precision = 0.52
recall = 0.1319796954314721
