f1 = 0.7972350230414745
loss = 0.16633053869009018
precision = 0.7816265060240963
recall = 0.8134796238244514
