f1 = 0.37178265014299333
loss = 0.42857189774513244
precision = 0.5104712041884817
recall = 0.29235382308845576
