f1 = 0.9084249084249083
loss = 0.11098467037081719
precision = 0.8882521489971347
recall = 0.9295352323838081
