f1 = 0.8014285714285714
loss = 0.1358293980360031
precision = 0.7727272727272727
recall = 0.8323442136498517
