f1 = 0.8374152223059533
loss = 0.1480145552948884
precision = 0.7943173695496784
recall = 0.8854581673306773
