f1 = 0.06603773584905662
loss = 1.4550756216049194
precision = 0.4666666666666667
recall = 0.03553299492385787
