f1 = 0.8804581245526127
loss = 0.22148346453905104
precision = 0.8506224066390041
recall = 0.9124629080118695
