f1 = 0.02926829268292683
loss = 0.9036762237548828
precision = 0.02608695652173913
recall = 0.03333333333333333
