f1 = 0.4
loss = 0.10834203511476517
precision = 0.45348837209302323
recall = 0.3577981651376147
