f1 = 0.8652360515021459
loss = 0.12340108454227447
precision = 0.8920353982300885
recall = 0.84
