f1 = 0.9322533136966127
loss = 0.07751010879874229
precision = 0.9160636758321273
recall = 0.9490254872563718
