f1 = 0.7823529411764706
loss = 0.2733435854315758
precision = 0.7556818181818182
recall = 0.8109756097560976
