f1 = 0.019635343618513323
loss = 0.9255908489227295
precision = 0.01844532279314888
recall = 0.020989505247376312
