f1 = 0.7547169811320755
loss = 0.30302975326776505
precision = 0.7202216066481995
recall = 0.7926829268292683
