f1 = 0.176056338028169
loss = 0.7694753408432007
precision = 0.28735632183908044
recall = 0.12690355329949238
