f1 = 0.9061538461538461
loss = 0.09398576319217682
precision = 0.8897280966767371
recall = 0.9231974921630094
