f1 = 0.7572540693559803
loss = 0.21827365309000016
precision = 0.7239512855209743
recall = 0.7937685459940653
