f1 = 0.0947867298578199
loss = 1.3401421308517456
precision = 0.7142857142857143
recall = 0.050761421319796954
