f1 = 0.7601809954751131
loss = 0.2839505821466446
precision = 0.7522388059701492
recall = 0.7682926829268293
