f1 = 0.09742519137091163
loss = 0.8734745025634766
precision = 0.09174311926605505
recall = 0.10385756676557864
