f1 = 0.76056338028169
loss = 0.07469594404101372
precision = 0.7788461538461539
recall = 0.7431192660550459
