f1 = 0.2629043358568479
loss = 0.5745374202728272
precision = 0.24518613607188702
recall = 0.28338278931750743
