f1 = 0.8596112311015118
loss = 0.2051219254732132
precision = 0.8349650349650349
recall = 0.8857566765578635
