f1 = 0.7216174183514774
loss = 0.3051515892148018
precision = 0.6535211267605634
recall = 0.8055555555555556
