f1 = 0.5721649484536082
loss = 0.3842363506555557
precision = 0.581151832460733
recall = 0.5634517766497462
