f1 = 0.37109375
loss = 0.5471316754817963
precision = 0.625
recall = 0.2638888888888889
