f1 = 0.9195402298850573
loss = 0.08548163771629333
precision = 0.9061488673139159
recall = 0.9333333333333333
