f1 = 0.08725761772853186
loss = 0.9209010601043701
precision = 0.08181818181818182
recall = 0.09347181008902077
