f1 = 0.9217791411042945
loss = 0.07557386830449105
precision = 0.9024024024024024
recall = 0.9420062695924765
