f1 = 0.011134307585247043
loss = 1.1540714263916017
precision = 0.010484927916120577
recall = 0.011869436201780416
