f1 = 0.7654516640253567
loss = 0.15275811403989792
precision = 0.729607250755287
recall = 0.805
