f1 = 0.46553446553446554
loss = 0.4436698019504547
precision = 0.7125382262996942
recall = 0.3456973293768546
