f1 = 0.021840873634945395
loss = 0.9990591257810593
precision = 0.019830028328611898
recall = 0.024305555555555556
