f1 = 0.5257757757757757
loss = 0.285370288234131
precision = 0.7069313593539704
recall = 0.4185258964143426
