f1 = 0.7631578947368421
loss = 0.09983776770532131
precision = 0.7310924369747899
recall = 0.7981651376146789
