f1 = 0.765564950038432
loss = 0.17231981456279755
precision = 0.751131221719457
recall = 0.780564263322884
