f1 = 0.7411402157164868
loss = 0.2121145062148571
precision = 0.7287878787878788
recall = 0.7539184952978056
