f1 = 0.07012622720897614
loss = 0.9321508765220642
precision = 0.6410256410256411
recall = 0.037091988130563795
