f1 = 0.7193548387096774
loss = 0.2694162651896477
precision = 0.6716867469879518
recall = 0.7743055555555556
