f1 = 0.809041309431021
loss = 0.2326456591486931
precision = 0.7804511278195488
recall = 0.8398058252427184
