f1 = 0.1103448275862069
loss = 0.6559607446193695
precision = 0.10309278350515463
recall = 0.11869436201780416
