f1 = 0.7508090614886732
loss = 0.19908784702420235
precision = 0.703030303030303
recall = 0.8055555555555556
