f1 = 0.8171861836562764
loss = 0.18202966898679734
precision = 0.8834244080145719
recall = 0.7601880877742947
