f1 = 0.6473526473526474
loss = 0.3224721312522888
precision = 0.8079800498753117
recall = 0.54
