f1 = 0.4263392857142857
loss = 0.5541539072990418
precision = 0.8603603603603603
recall = 0.28338278931750743
