f1 = 0.85995085995086
loss = 0.14077268838882445
precision = 0.9005145797598628
recall = 0.822884012539185
