f1 = 0.7232142857142856
loss = 0.10101554095745087
precision = 0.7043478260869566
recall = 0.7431192660550459
