f1 = 0.7045075125208681
loss = 0.2246423289179802
precision = 0.6784565916398714
recall = 0.7326388888888888
