f1 = 0.6904109589041098
loss = 0.4512137919664383
precision = 0.75
recall = 0.6395939086294417
