f1 = 0.13432835820895522
loss = 1.3073818683624268
precision = 0.6428571428571429
recall = 0.075
