f1 = 0.7668393782383419
loss = 0.17052001357078553
precision = 0.7956989247311828
recall = 0.74
