f1 = 0.3065187239944521
loss = 0.5418535590171814
precision = 0.2877604166666667
recall = 0.327893175074184
