f1 = 0.6436170212765957
loss = 0.39682281017303467
precision = 0.6759776536312849
recall = 0.6142131979695431
