f1 = 0.044843049327354265
loss = 1.3787680087136287
precision = 0.3614457831325301
recall = 0.02390438247011952
