f1 = 0.6689655172413793
loss = 0.23769310489296913
precision = 0.6643835616438356
recall = 0.6736111111111112
