f1 = 0.8733812949640288
loss = 0.18309011980891227
precision = 0.8477653631284916
recall = 0.900593471810089
