f1 = 0.08564231738035265
loss = 0.8620882332324982
precision = 0.085
recall = 0.08629441624365482
