f1 = 0.6098191214470285
loss = 0.4618334472179413
precision = 0.6210526315789474
recall = 0.5989847715736041
