f1 = 0.017699115044247787
loss = 0.3080915600061417
precision = 0.25
recall = 0.009174311926605505
