f1 = 0.6666666666666666
loss = 0.25455673411488533
precision = 0.6115942028985507
recall = 0.7326388888888888
