f1 = 0.7522935779816514
loss = 0.07651255875825883
precision = 0.7522935779816514
recall = 0.7522935779816514
