f1 = 0.27292110874200426
loss = 0.6460505366325379
precision = 0.5871559633027523
recall = 0.17777777777777778
