f1 = 0.914332784184514
loss = 0.0930736731737852
precision = 0.9039087947882736
recall = 0.925
