f1 = 0.7391304347826088
loss = 0.29201379120349885
precision = 0.7988721804511278
recall = 0.6877022653721683
