f1 = 0.19213973799126635
loss = 1.0330936014652252
precision = 0.6875
recall = 0.1116751269035533
