f1 = 0.28870605833956625
loss = 0.717441076040268
precision = 0.2761087267525036
recall = 0.30250783699059564
