f1 = 0.6157894736842104
loss = 0.4644640386104584
precision = 0.639344262295082
recall = 0.5939086294416244
