f1 = 0.11194029850746269
loss = 0.8839676976203918
precision = 0.10683760683760683
recall = 0.11755485893416928
