f1 = 0.7733333333333334
loss = 0.08881967104971408
precision = 0.75
recall = 0.7981651376146789
