f1 = 0.7630147630147631
loss = 0.22909788191318511
precision = 0.7339312406576981
recall = 0.7944983818770227
