f1 = 0.5847953216374269
loss = 0.130331127345562
precision = 0.8064516129032258
recall = 0.45871559633027525
