f1 = 0.03830369357045144
loss = 0.9391306936740875
precision = 0.034739454094292806
recall = 0.042682926829268296
