f1 = 0.7996688741721855
loss = 0.20584571212530137
precision = 0.8186440677966101
recall = 0.7815533980582524
