f1 = 0.8707818930041152
loss = 0.16191401779651643
precision = 0.8601626016260162
recall = 0.8816666666666667
