f1 = 0.715919085312225
loss = 0.24137080907821656
precision = 0.8659574468085106
recall = 0.6101949025487257
