f1 = 0.8575498575498575
loss = 0.19359231889247894
precision = 0.8246575342465754
recall = 0.8931750741839762
