f1 = 0.12837837837837837
loss = 0.541132315993309
precision = 0.1919191919191919
recall = 0.09644670050761421
