f1 = 0.9072847682119205
loss = 0.09904465768486262
precision = 0.9013157894736842
recall = 0.9133333333333333
