f1 = 0.8267973856209151
loss = 0.20618168711662294
precision = 0.8108974358974359
recall = 0.8433333333333334
