f1 = 0.5971830985915493
loss = 0.4059527814388275
precision = 0.6708860759493671
recall = 0.5380710659898477
