f1 = 0.526077097505669
loss = 0.6025129199028015
precision = 0.8226950354609929
recall = 0.38666666666666666
