f1 = 0.7305936073059361
loss = 0.0737117912620306
precision = 0.7272727272727273
recall = 0.7339449541284404
