f1 = 0.11341632088520054
loss = 1.082018208503723
precision = 0.7321428571428571
recall = 0.06146926536731634
