f1 = 0.005952380952380952
loss = 0.6122165024280548
precision = 0.125
recall = 0.003048780487804878
