f1 = 0.8245363766048502
loss = 0.18685522079467773
precision = 0.7939560439560439
recall = 0.857566765578635
