f1 = 0.030000000000000002
loss = 0.9974323213100433
precision = 1.0
recall = 0.015228426395939087
