f1 = 0.8683565004088308
loss = 0.12337608262896538
precision = 0.8523274478330658
recall = 0.885
