f1 = 0.6603773584905661
loss = 0.08669735789299012
precision = 0.6796116504854369
recall = 0.6422018348623854
