f1 = 0.7272727272727273
loss = 0.3113408200442791
precision = 0.6829268292682927
recall = 0.7777777777777778
