f1 = 0.4617543859649123
loss = 0.27484200298786166
precision = 0.4380825565912117
recall = 0.48813056379821956
