f1 = 0.7727272727272727
loss = 0.17447121143341066
precision = 0.8809980806142035
recall = 0.6881559220389805
