f1 = 0.6265984654731458
loss = 0.20445493757724761
precision = 0.580568720379147
recall = 0.6805555555555556
