f1 = 0.8501228501228502
loss = 0.18979032188653946
precision = 0.8902229845626072
recall = 0.8134796238244514
