f1 = 0.6218487394957982
loss = 0.4002934880554676
precision = 0.6928838951310862
recall = 0.5640243902439024
