f1 = 0.7090909090909091
loss = 0.076767598092556
precision = 0.7027027027027027
recall = 0.7155963302752294
