f1 = 0.8456057007125889
loss = 0.24692564010620116
precision = 0.827906976744186
recall = 0.8640776699029126
