f1 = 0.027201145311381528
loss = 1.1755055427551269
precision = 0.024390243902439025
recall = 0.030744336569579287
