f1 = 0.8755364806866953
loss = 0.19054193198680877
precision = 0.8453038674033149
recall = 0.9080118694362018
