f1 = 0.8968133535660091
loss = 0.09838919192552567
precision = 0.8691176470588236
recall = 0.9263322884012539
