f1 = 0.6057441253263709
loss = 0.3886112868785858
precision = 0.6236559139784946
recall = 0.5888324873096447
