f1 = 0.7017543859649124
loss = 0.10014196261763572
precision = 0.6722689075630253
recall = 0.7339449541284404
