f1 = 0.043740573152337855
loss = 0.9593501091003418
precision = 0.04096045197740113
recall = 0.04692556634304207
