f1 = 0.8631402183039463
loss = 0.14314245581626892
precision = 0.8697123519458545
recall = 0.8566666666666667
