f1 = 0.5502494654312189
loss = 0.2499745547771454
precision = 0.5244565217391305
recall = 0.5787106446776612
