f1 = 0.34938142793262783
loss = 0.8670917036486607
precision = 0.6939017169923032
recall = 0.23346613545816733
