f1 = 0.009523809523809523
loss = 0.636522501707077
precision = 0.008968609865470852
recall = 0.01015228426395939
