f1 = 0.6579634464751959
loss = 0.3987237513065338
precision = 0.6774193548387096
recall = 0.6395939086294417
