f1 = 0.4134366925064599
loss = 0.5977345556020737
precision = 0.42105263157894735
recall = 0.40609137055837563
