f1 = 0.18360655737704915
loss = 0.6612126529216766
precision = 0.25925925925925924
recall = 0.14213197969543148
