f1 = 0.5725368502715282
loss = 0.32414540350437165
precision = 0.5499254843517138
recall = 0.5970873786407767
