f1 = 0.03502626970227671
loss = 1.726935440418767
precision = 0.7563025210084033
recall = 0.017928286852589643
