f1 = 0.8621745788667688
loss = 0.1312417581677437
precision = 0.842814371257485
recall = 0.8824451410658307
