f1 = 0.7807999999999999
loss = 0.22605321183800697
precision = 0.7240356083086054
recall = 0.8472222222222222
