f1 = 0.790909090909091
loss = 0.15349676162004472
precision = 0.7653958944281525
recall = 0.8181818181818182
