f1 = 0.41301627033792243
loss = 0.365195032954216
precision = 0.37585421412300685
recall = 0.4583333333333333
