f1 = 0.6507936507936508
loss = 0.47902876138687134
precision = 0.6795580110497238
recall = 0.6243654822335025
