f1 = 0.8909229595728453
loss = 0.07777567729353904
precision = 0.8677563150074294
recall = 0.9153605015673981
