f1 = 0.06793478260869565
loss = 0.6622656106948852
precision = 0.4032258064516129
recall = 0.037091988130563795
