f1 = 0.825296442687747
loss = 0.18319334089756012
precision = 0.8068006182380216
recall = 0.8446601941747572
