f1 = 0.699367088607595
loss = 0.21029867604374886
precision = 0.6424418604651163
recall = 0.7673611111111112
