f1 = 0.7144790257104194
loss = 0.23138028383255005
precision = 0.6965699208443272
recall = 0.7333333333333333
