f1 = 0.6800618238021637
loss = 0.2614782527089119
precision = 0.6128133704735376
recall = 0.7638888888888888
