f1 = 0.6685499058380414
loss = 0.39583614468574524
precision = 0.8372641509433962
recall = 0.5564263322884012
