f1 = 0.8047752808988763
loss = 0.20407633930444719
precision = 0.764
recall = 0.8501483679525222
