f1 = 0.4389027431421446
loss = 0.3131940186023712
precision = 0.39819004524886875
recall = 0.4888888888888889
