f1 = 0.6648936170212766
loss = 0.5079843401908875
precision = 0.6983240223463687
recall = 0.6345177664974619
