f1 = 0.5555555555555556
loss = 0.1408287391066551
precision = 0.8490566037735849
recall = 0.41284403669724773
