f1 = 0.5418076971292465
loss = 0.2727137897528854
precision = 0.7308082516063578
recall = 0.4304780876494024
