f1 = 0.2883295194508009
loss = 0.5797311067581177
precision = 0.26582278481012656
recall = 0.315
