f1 = 0.39851485148514854
loss = 0.687397038936615
precision = 0.7740384615384616
recall = 0.2683333333333333
