f1 = 0.0027684397864346454
loss = 1.33209248325404
precision = 0.1891891891891892
recall = 0.0013944223107569722
