f1 = 0.8829863603732951
loss = 0.18218631595373153
precision = 0.8553546592489569
recall = 0.9124629080118695
