f1 = 0.7936507936507937
loss = 0.12795639783143997
precision = 0.7649513212795549
recall = 0.8245877061469266
