f1 = 0.3545389563974268
loss = 0.4324435472488403
precision = 0.3175416133162612
recall = 0.40129449838187703
