f1 = 0.4617860016090105
loss = 0.2917573153972626
precision = 0.4592
recall = 0.46440129449838186
