f1 = 0.6866141732283464
loss = 0.3050309978425503
precision = 0.6282420749279539
recall = 0.7569444444444444
