f1 = 0.6121372031662269
loss = 0.5567204654216766
precision = 0.6373626373626373
recall = 0.5888324873096447
