f1 = 0.028169014084507043
loss = 0.6110572814941406
precision = 0.026200873362445413
recall = 0.030456852791878174
