f1 = 0.39520958083832336
loss = 0.10762909948825836
precision = 0.5689655172413793
recall = 0.30275229357798167
