f1 = 0.5474006116207951
loss = 0.33812999725341797
precision = 0.4890710382513661
recall = 0.6215277777777778
