f1 = 0.0821256038647343
loss = 0.7447174787521362
precision = 0.07834101382488479
recall = 0.08629441624365482
