f1 = 0.2779587404994571
loss = 0.3023464322090149
precision = 0.2281639928698752
recall = 0.35555555555555557
