f1 = 0.03686811098441657
loss = 1.5059099033767103
precision = 0.40082644628099173
recall = 0.019322709163346614
