f1 = 0.8431372549019608
loss = 0.13410515189170838
precision = 0.7984084880636605
recall = 0.8931750741839762
