f1 = 0.7810026385224275
loss = 0.20570613890886308
precision = 0.7437185929648241
recall = 0.8222222222222222
