f1 = 0.6716981132075472
loss = 0.29658111929893494
precision = 0.6294200848656294
recall = 0.7200647249190939
