f1 = 0.18487394957983194
loss = 0.6954922556877137
precision = 0.17345597897503284
recall = 0.19790104947526238
