f1 = 0.13210445468509985
loss = 0.42960524559020996
precision = 0.1184573002754821
recall = 0.14930555555555555
