f1 = 0.7438692098092644
loss = 0.23918298929929732
precision = 0.7299465240641712
recall = 0.7583333333333333
