f1 = 0.6864244741873806
loss = 0.34053703844547273
precision = 0.8799019607843137
recall = 0.5626959247648903
