f1 = 0.4629120879120879
loss = 0.3763938844203949
precision = 0.4309462915601023
recall = 0.5
