f1 = 0.6237623762376238
loss = 0.3690192013978958
precision = 0.8467741935483871
recall = 0.493730407523511
