f1 = 0.5093304061470911
loss = 0.562232232093811
precision = 0.8498168498168498
recall = 0.36363636363636365
