f1 = 0.6412311638345624
loss = 0.24956917733538383
precision = 0.6917223887479825
recall = 0.5976095617529881
