f1 = 0.430622009569378
loss = 0.5973944738507271
precision = 0.6923076923076923
recall = 0.3125
