f1 = 0.05546995377503853
loss = 0.8813155293464661
precision = 0.04986149584487535
recall = 0.0625
