f1 = 0.8780487804878049
loss = 0.15428488105535507
precision = 0.85
recall = 0.9080118694362018
