f1 = 0.0730593607305936
loss = 1.3650583624839783
precision = 0.36363636363636365
recall = 0.04060913705583756
