f1 = 0.904019688269073
loss = 0.096654212474823
precision = 0.8901453957996769
recall = 0.9183333333333333
