f1 = 0.7425742574257426
loss = 0.08970700427889824
precision = 0.8064516129032258
recall = 0.6880733944954128
