f1 = 0.8027397260273973
loss = 0.18486902266740798
precision = 0.7918918918918919
recall = 0.8138888888888889
