f1 = 0.8717948717948718
loss = 0.1655637465417385
precision = 0.8610709117221418
recall = 0.8827893175074184
