f1 = 0.7059773828756059
loss = 0.21841588616371155
precision = 0.6849529780564263
recall = 0.7283333333333334
