f1 = 0.05783866057838661
loss = 0.9382935464382172
precision = 0.051490514905149054
recall = 0.06597222222222222
