f1 = 0.8706218727662615
loss = 0.2199343889951706
precision = 0.84
recall = 0.9035608308605341
