f1 = 0.7142857142857143
loss = 0.3167542666196823
precision = 0.6843575418994413
recall = 0.7469512195121951
