f1 = 0.9441176470588235
loss = 0.06199722252786159
precision = 0.9264069264069265
recall = 0.9625187406296851
