f1 = 0.5596919127086007
loss = 0.3002106547355652
precision = 0.5202863961813843
recall = 0.6055555555555555
