f1 = 0.7301587301587302
loss = 0.24798115342855453
precision = 0.672514619883041
recall = 0.7986111111111112
