f1 = 0.7757671125098348
loss = 0.30248271226882933
precision = 0.7549770290964778
recall = 0.7977346278317152
