f1 = 0.13654207202594298
loss = 0.7078987108726128
precision = 0.4767580452920143
recall = 0.0796812749003984
