f1 = 0.7236467236467237
loss = 0.16569872796535492
precision = 0.6631853785900783
recall = 0.7962382445141066
