f1 = 0.9189189189189191
loss = 0.08700019270181655
precision = 0.9056316590563166
recall = 0.932601880877743
