f1 = 0.01673640167364017
loss = 1.1365904450416564
precision = 0.015789473684210527
recall = 0.017804154302670624
