f1 = 0.0365296803652968
loss = 0.6217817068099976
precision = 0.03319502074688797
recall = 0.04060913705583756
