f1 = 0.4132420091324201
loss = 0.7143790423870087
precision = 0.7605042016806722
recall = 0.2836990595611285
