f1 = 0.03229813664596273
loss = 0.9001352071762085
precision = 0.029213483146067417
recall = 0.03611111111111111
