f1 = 0.548440065681445
loss = 0.33340054377913475
precision = 0.5202492211838006
recall = 0.5798611111111112
