f1 = 0.12556053811659196
loss = 1.3963062763214111
precision = 0.5384615384615384
recall = 0.07106598984771574
