f1 = 0.7709750566893424
loss = 0.20169856250286103
precision = 0.723404255319149
recall = 0.8252427184466019
