f1 = 0.5132743362831859
loss = 0.12247351184487343
precision = 0.49572649572649574
recall = 0.5321100917431193
