f1 = 0.8408360128617364
loss = 0.2449680432677269
precision = 0.8354632587859425
recall = 0.8462783171521036
