f1 = 0.42706131078224097
loss = 0.3201908111572266
precision = 0.4029255319148936
recall = 0.4542728635682159
