f1 = 0.586894586894587
loss = 0.5417661964893341
precision = 0.6688311688311688
recall = 0.5228426395939086
