f1 = 0.032417195207892886
loss = 0.8379470705986023
precision = 0.030585106382978722
recall = 0.034482758620689655
