f1 = 0.16017634092578986
loss = 0.9680405497550965
precision = 0.1507607192254495
recall = 0.17084639498432602
