f1 = 0.7093333333333334
loss = 0.2609027445316315
precision = 0.6820512820512821
recall = 0.7388888888888889
