f1 = 0.7331378299120235
loss = 0.31266122683882713
precision = 0.7062146892655368
recall = 0.7621951219512195
