f1 = 0.9019896831245394
loss = 0.12294527515769005
precision = 0.8869565217391304
recall = 0.9175412293853074
