f1 = 0.13447432762836187
loss = 0.30583570897579193
precision = 0.3055555555555556
recall = 0.08620689655172414
