f1 = 0.628389154704944
loss = 0.2305324539542198
precision = 0.6024464831804281
recall = 0.6566666666666666
