f1 = 0.854341736694678
loss = 0.24086140096187592
precision = 0.8090185676392573
recall = 0.9050445103857567
