f1 = 0.40111034004163776
loss = 0.24897295832633973
precision = 0.3733850129198966
recall = 0.4332833583208396
