f1 = 0.13679245283018868
loss = 0.8440029740333557
precision = 0.453125
recall = 0.08055555555555556
