f1 = 0.24649859943977592
loss = 0.6391616463661194
precision = 0.275
recall = 0.2233502538071066
