f1 = 0.7951807228915662
loss = 0.220321886241436
precision = 0.7674418604651163
recall = 0.825
