f1 = 0.6043533930857874
loss = 0.2565171465277672
precision = 0.5605700712589073
recall = 0.6555555555555556
