f1 = 0.8755304101838756
loss = 0.18390152752399444
precision = 0.8364864864864865
recall = 0.9183976261127597
