f1 = 0.7914012738853503
loss = 0.2388603702187538
precision = 0.7789968652037618
recall = 0.8042071197411004
