f1 = 0.7407407407407407
loss = 0.23650376498699188
precision = 0.7602339181286549
recall = 0.7222222222222222
