f1 = 0.5842105263157895
loss = 0.46532757580280304
precision = 0.6065573770491803
recall = 0.5634517766497462
