f1 = 0.9327146171693735
loss = 0.06495346613228321
precision = 0.9206106870229007
recall = 0.945141065830721
