f1 = 0.38613861386138615
loss = 0.11696898341178893
precision = 0.41935483870967744
recall = 0.3577981651376147
