f1 = 0.2626865671641791
loss = 0.3706180267035961
precision = 0.23036649214659685
recall = 0.3055555555555556
