f1 = 0.8769611890999174
loss = 0.14014073312282563
precision = 0.8690671031096563
recall = 0.885
