f1 = 0.006963788300835654
loss = 1.286711573600769
precision = 0.006561679790026247
recall = 0.00741839762611276
