f1 = 0.7614678899082569
loss = 0.08252032101154327
precision = 0.7614678899082569
recall = 0.7614678899082569
