f1 = 0.9089584850691914
loss = 0.10883662104606628
precision = 0.8838526912181303
recall = 0.9355322338830585
