f1 = 0.026086956521739132
loss = 0.2357194244861603
precision = 0.024793388429752067
recall = 0.027522935779816515
