f1 = 0.2542372881355932
loss = 0.6691513359546661
precision = 0.28662420382165604
recall = 0.22842639593908629
