f1 = 0.9180811808118081
loss = 0.08885838314890862
precision = 0.9040697674418605
recall = 0.9325337331334332
