f1 = 0.24810892586989408
loss = 0.44702019542455673
precision = 0.21983914209115282
recall = 0.2847222222222222
