f1 = 0.7215295095594347
loss = 0.3373714923858643
precision = 0.7197346600331676
recall = 0.7233333333333334
