f1 = 0.7647999999999999
loss = 0.19492454454302788
precision = 0.7091988130563798
recall = 0.8298611111111112
