f1 = 0.6240409207161126
loss = 0.39649587869644165
precision = 0.6288659793814433
recall = 0.6192893401015228
