f1 = 0.7631763879128602
loss = 0.23183944523334504
precision = 0.7249666221628839
recall = 0.8056379821958457
