f1 = 0.7895460797799175
loss = 0.19789475947618484
precision = 0.782016348773842
recall = 0.7972222222222223
