f1 = 0.8680089485458613
loss = 0.11828316897153854
precision = 0.8278805120910384
recall = 0.9122257053291536
