f1 = 0.7181818181818183
loss = 0.1578979715704918
precision = 0.6950146627565983
recall = 0.7429467084639498
