f1 = 0.42415316642120765
loss = 0.3327384889125824
precision = 0.36828644501278773
recall = 0.5
