f1 = 0.07460035523978685
loss = 0.45489623546600344
precision = 0.10344827586206896
recall = 0.058333333333333334
