f1 = 0.12705530642750373
loss = 0.916946280002594
precision = 0.12142857142857143
recall = 0.13322884012539185
