f1 = 0.3782447466007417
loss = 0.6578336417675018
precision = 0.7320574162679426
recall = 0.255
