f1 = 0.9164818920916481
loss = 0.09934761822223663
precision = 0.9037900874635568
recall = 0.9295352323838081
