f1 = 0.9002473206924979
loss = 0.09724607430398464
precision = 0.8907014681892332
recall = 0.91
