f1 = 0.8767908309455589
loss = 0.19711044877767564
precision = 0.8476454293628809
recall = 0.9080118694362018
