f1 = 0.6063829787234042
loss = 0.5198417007923126
precision = 0.6368715083798883
recall = 0.5786802030456852
