f1 = 0.8247261345852895
loss = 0.181790354847908
precision = 0.7984848484848485
recall = 0.8527508090614887
