f1 = 0.020771513353115726
loss = 0.753138393163681
precision = 0.018134715025906734
recall = 0.024305555555555556
