f1 = 0.1427586206896552
loss = 0.702881371273714
precision = 0.5307692307692308
recall = 0.08247011952191236
