f1 = 0.7009345794392523
loss = 0.25418931618332863
precision = 0.635593220338983
recall = 0.78125
