f1 = 0.03725782414307005
loss = 1.0331417441368103
precision = 0.034530386740331494
recall = 0.040453074433656956
