f1 = 0.47611940298507466
loss = 0.2879609316587448
precision = 0.47897897897897895
recall = 0.4732937685459941
