f1 = 0.48264984227129337
loss = 0.32694291472435
precision = 0.45808383233532934
recall = 0.51
