f1 = 0.4298245614035087
loss = 0.12825219184160233
precision = 0.4117647058823529
recall = 0.44954128440366975
