f1 = 0.12962962962962965
loss = 1.4846335649490356
precision = 0.7368421052631579
recall = 0.07106598984771574
