f1 = 0.031055900621118012
loss = 1.2795870184898377
precision = 0.029069767441860465
recall = 0.03333333333333333
