f1 = 0.6502095947834188
loss = 0.3693677775707899
precision = 0.7825112107623319
recall = 0.5561752988047809
