f1 = 0.3970430107526882
loss = 0.41866209723201453
precision = 0.6103305785123967
recall = 0.29422310756972114
