f1 = 0.7020057306590258
loss = 0.3231467567384243
precision = 0.6621621621621622
recall = 0.7469512195121951
