f1 = 0.6862745098039216
loss = 0.10304268226027488
precision = 0.7368421052631579
recall = 0.6422018348623854
