f1 = 0.5422365245374094
loss = 0.24954955875873566
precision = 0.5241057542768274
recall = 0.5616666666666666
