f1 = 0.7475409836065574
loss = 0.2641042247414589
precision = 0.7080745341614907
recall = 0.7916666666666666
