f1 = 0.6051051051051052
loss = 0.3240458250045776
precision = 0.5644257703081232
recall = 0.6521035598705501
