f1 = 0.8659498207885304
loss = 0.1781773693859577
precision = 0.8377253814147018
recall = 0.8961424332344213
