f1 = 0.03902439024390244
loss = 1.0053410530090332
precision = 0.5
recall = 0.02030456852791878
