f1 = 0.021231422505307854
loss = 0.8980411052703857
precision = 0.020107238605898123
recall = 0.022488755622188907
