f1 = 0.49649368863955123
loss = 0.37997911870479584
precision = 0.4597402597402597
recall = 0.5396341463414634
