f1 = 0.036927621861152136
loss = 1.1625232458114625
precision = 0.033967391304347824
recall = 0.040453074433656956
