f1 = 0.878809355067328
loss = 0.20777629613876342
precision = 0.841248303934871
recall = 0.9198813056379822
