f1 = 0.9155045118949958
loss = 0.08953965902328491
precision = 0.901453957996769
recall = 0.93
