f1 = 0.2391304347826087
loss = 0.5673748105764389
precision = 0.2573099415204678
recall = 0.2233502538071066
