f1 = 0.032357473035439135
loss = 1.1349191188812255
precision = 0.03008595988538682
recall = 0.035
