f1 = 0.5569985569985569
loss = 0.3097213990986347
precision = 0.5287671232876713
recall = 0.5884146341463414
