f1 = 0.6822429906542056
loss = 0.27497244253754616
precision = 0.6186440677966102
recall = 0.7604166666666666
