f1 = 0.7420814479638009
loss = 0.10120732858777046
precision = 0.7321428571428571
recall = 0.7522935779816514
