f1 = 0.6666666666666666
loss = 0.5335198491811752
precision = 0.702247191011236
recall = 0.6345177664974619
