f1 = 0.8693790149892934
loss = 0.20894619673490525
precision = 0.8376891334250344
recall = 0.9035608308605341
