f1 = 0.09205020920502092
loss = 0.24396325647830963
precision = 0.08461538461538462
recall = 0.10091743119266056
