f1 = 0.8630024610336341
loss = 0.14634908363223076
precision = 0.8497576736672051
recall = 0.8766666666666667
