f1 = 0.06958762886597938
loss = 0.6945376396179199
precision = 0.06490384615384616
recall = 0.075
