f1 = 0.39774330042313116
loss = 0.4190762102603912
precision = 0.3754993342210386
recall = 0.42278860569715143
