f1 = 0.6981627296587927
loss = 0.19742704033851624
precision = 0.6616915422885572
recall = 0.7388888888888889
