f1 = 0.055813953488372085
loss = 1.0780424237251283
precision = 0.05217391304347826
recall = 0.06
