f1 = 0.05714285714285715
loss = 0.9929109215736389
precision = 0.46153846153846156
recall = 0.030456852791878174
