f1 = 0.2832116788321168
loss = 0.36188775673508644
precision = 0.24433249370277077
recall = 0.3368055555555556
