f1 = 0.6342229199372056
loss = 0.22732575237751007
precision = 0.5787965616045845
recall = 0.7013888888888888
