f1 = 0.8412698412698413
loss = 0.23037609308958054
precision = 0.8255451713395638
recall = 0.8576051779935275
