f1 = 0.574074074074074
loss = 0.349361515045166
precision = 0.5486725663716814
recall = 0.6019417475728155
