f1 = 0.8402777777777778
loss = 0.18731144964694976
precision = 0.7898172323759791
recall = 0.8976261127596439
