f1 = 0.03821656050955414
loss = 0.7625640392303467
precision = 0.03529411764705882
recall = 0.041666666666666664
