f1 = 0.6741935483870967
loss = 0.37735357508063316
precision = 0.7157534246575342
recall = 0.6371951219512195
