f1 = 0.7085714285714285
loss = 0.32562585175037384
precision = 0.6666666666666666
recall = 0.7560975609756098
