f1 = 0.14536340852130325
loss = 1.1120746955275536
precision = 0.4084507042253521
recall = 0.08841463414634146
