f1 = 0.7806309611151871
loss = 0.13834229856729507
precision = 0.7337931034482759
recall = 0.8338557993730408
