f1 = 0.4715969989281886
loss = 0.551957654953003
precision = 0.8494208494208494
recall = 0.3264094955489614
