f1 = 0.07869742198100407
loss = 0.8162785649299622
precision = 0.4603174603174603
recall = 0.04302670623145401
