f1 = 0.6506666666666666
loss = 0.4842984825372696
precision = 0.6853932584269663
recall = 0.6192893401015228
