f1 = 0.051649928263988516
loss = 0.5447940528392792
precision = 0.782608695652174
recall = 0.026706231454005934
