f1 = 0.7467057101024891
loss = 0.2606506273150444
precision = 0.7183098591549296
recall = 0.7774390243902439
