f1 = 0.061632109568194794
loss = 1.395319724784178
precision = 0.6835443037974683
recall = 0.03227091633466136
