f1 = 0.7191489361702128
loss = 0.22822244912385942
precision = 0.688858695652174
recall = 0.7522255192878339
