f1 = 0.11574074074074074
loss = 0.6089354455471039
precision = 0.10638297872340426
recall = 0.12690355329949238
