f1 = 0.7534883720930232
loss = 0.08317369297146797
precision = 0.7641509433962265
recall = 0.7431192660550459
