f1 = 0.8505263157894737
loss = 0.21136025339365005
precision = 0.8069241011984021
recall = 0.8991097922848664
