f1 = 0.65158371040724
loss = 0.11676078159362077
precision = 0.6428571428571429
recall = 0.6605504587155964
