f1 = 0.5867689357622243
loss = 0.36592947840690615
precision = 0.72
recall = 0.49514563106796117
