f1 = 0.6486486486486487
loss = 0.13049804121255876
precision = 0.7894736842105263
recall = 0.5504587155963303
