f1 = 0.8948948948948949
loss = 0.10092540681362153
precision = 0.8587896253602305
recall = 0.9341692789968652
