f1 = 0.6526315789473685
loss = 0.49451112747192383
precision = 0.6775956284153005
recall = 0.6294416243654822
