f1 = 0.7049689440993787
loss = 0.23187406733632088
precision = 0.6376404494382022
recall = 0.7881944444444444
