f1 = 0.8139904610492846
loss = 0.28083273470401765
precision = 0.8
recall = 0.8284789644012945
