f1 = 0.38139534883720927
loss = 0.42032915651798247
precision = 0.3565217391304348
recall = 0.41
