f1 = 0.8826493880489561
loss = 0.2090677723288536
precision = 0.8573426573426574
recall = 0.9094955489614244
