f1 = 0.791891891891892
loss = 0.18719538748264314
precision = 0.7710526315789473
recall = 0.8138888888888889
