f1 = 0.6256983240223464
loss = 0.43106457591056824
precision = 0.6956521739130435
recall = 0.5685279187817259
