f1 = 0.7803379416282642
loss = 0.16989931389689444
precision = 0.7650602409638554
recall = 0.7962382445141066
