f1 = 0.43510506798516685
loss = 0.6604974508285523
precision = 0.8421052631578947
recall = 0.29333333333333333
