f1 = 0.155902004454343
loss = 0.4383816197514534
precision = 0.21739130434782608
recall = 0.12152777777777778
