f1 = 0.3458980044345898
loss = 0.843085765838623
precision = 0.6341463414634146
recall = 0.23780487804878048
