f1 = 0.840625
loss = 0.20082673728466033
precision = 0.8126888217522659
recall = 0.8705501618122977
