f1 = 0.8662838392124692
loss = 0.13881781846284866
precision = 0.8529886914378029
recall = 0.88
