f1 = 0.7325428194993413
loss = 0.20910456031560898
precision = 0.6967418546365914
recall = 0.7722222222222223
