f1 = 0.023222060957910014
loss = 1.2277955770492555
precision = 0.021052631578947368
recall = 0.025889967637540454
