f1 = 0.875177304964539
loss = 0.21403133124113083
precision = 0.8383152173913043
recall = 0.9154302670623146
