f1 = 0.8923841059602649
loss = 0.10468997582793235
precision = 0.8865131578947368
recall = 0.8983333333333333
