f1 = 0.9087921117502055
loss = 0.10510593019425869
precision = 0.8962722852512156
recall = 0.9216666666666666
