f1 = 0.8537920250195465
loss = 0.1832159861922264
precision = 0.8260211800302572
recall = 0.883495145631068
