f1 = 0.8743718592964824
loss = 0.17030466198921204
precision = 0.847009735744089
recall = 0.9035608308605341
