f1 = 0.8465346534653465
loss = 0.194495889544487
precision = 0.8937282229965157
recall = 0.8040752351097179
