f1 = 0.855143456962911
loss = 0.12240575477480889
precision = 0.8092715231788079
recall = 0.9065281899109793
