f1 = 0.6250000000000001
loss = 0.3769988864660263
precision = 0.6640625
recall = 0.5902777777777778
