f1 = 0.042977743668457406
loss = 1.1470722897964365
precision = 0.5833333333333334
recall = 0.022310756972111555
