f1 = 0.020330368487928845
loss = 0.8019210577011109
precision = 0.01873536299765808
recall = 0.022222222222222223
