f1 = 0.40669856459330145
loss = 0.5345814228057861
precision = 0.38461538461538464
recall = 0.43147208121827413
