f1 = 0.8698727015558698
loss = 0.18807481080293656
precision = 0.831081081081081
recall = 0.9124629080118695
