f1 = 0.655367231638418
loss = 0.25086875557899474
precision = 0.6353677621283255
recall = 0.6766666666666666
