f1 = 0.6118721461187215
loss = 0.10561313107609749
precision = 0.6090909090909091
recall = 0.6146788990825688
