f1 = 0.9197860962566845
loss = 0.06934692934155465
precision = 0.8971684053651267
recall = 0.9435736677115988
