f1 = 0.8697042366107115
loss = 0.17580833584070205
precision = 0.8593996840442338
recall = 0.8802588996763754
