f1 = 0.9284867641248519
loss = 0.07331870249974742
precision = 0.920846394984326
recall = 0.9362549800796812
