f1 = 0.7206349206349207
loss = 0.22720330022275448
precision = 0.6637426900584795
recall = 0.7881944444444444
