f1 = 0.0041293874741913286
loss = 1.0793790221214294
precision = 0.0038510911424903724
recall = 0.004451038575667656
