f1 = 0.8654124457308249
loss = 0.22720297127962114
precision = 0.844632768361582
recall = 0.887240356083086
