f1 = 0.29473684210526313
loss = 0.7326647341251373
precision = 0.30601092896174864
recall = 0.28426395939086296
