f1 = 0.27496580027359785
loss = 0.568466055393219
precision = 0.2550761421319797
recall = 0.29821958456973297
