f1 = 0.141280353200883
loss = 0.7749300956726074
precision = 0.13314840499306518
recall = 0.15047021943573669
