f1 = 0.05755395683453238
loss = 1.1638616919517517
precision = 0.9523809523809523
recall = 0.02967359050445104
