f1 = 0.8327497425334707
loss = 0.17444458085240103
precision = 0.8620469083155651
recall = 0.8053784860557769
