f1 = 0.7864963503649633
loss = 0.23168655186891557
precision = 0.8689516129032258
recall = 0.7183333333333334
