f1 = 0.02973977695167286
loss = 0.8837743043899536
precision = 0.026845637583892617
recall = 0.03333333333333333
