f1 = 0.0975609756097561
loss = 0.7043032050132751
precision = 0.24489795918367346
recall = 0.06091370558375635
