f1 = 0.00697350069735007
loss = 1.2786628127098083
precision = 0.006578947368421052
recall = 0.00741839762611276
