f1 = 0.6580310880829014
loss = 0.26714006066322327
precision = 0.616504854368932
recall = 0.7055555555555556
