f1 = 0.8364485981308412
loss = 0.16881151497364044
precision = 0.8063063063063063
recall = 0.8689320388349514
