f1 = 0.12980132450331128
loss = 0.5126869079529071
precision = 0.24845070422535212
recall = 0.08784860557768924
