f1 = 0.8914664457332229
loss = 0.13188169598579408
precision = 0.886326194398682
recall = 0.8966666666666666
