f1 = 0.8382321843941637
loss = 0.1804640452359237
precision = 0.893195132942767
recall = 0.7896414342629482
