f1 = 0.7030445969125215
loss = 0.18482828030691428
precision = 0.7611420612813371
recall = 0.6531872509960159
