f1 = 0.046176046176046176
loss = 1.3066934943199158
precision = 0.8421052631578947
recall = 0.02373887240356083
