f1 = 0.0029239766081871348
loss = 0.8932207584381103
precision = 0.1
recall = 0.001483679525222552
