f1 = 0.8066561014263075
loss = 0.2226423740386963
precision = 0.7903726708074534
recall = 0.8236245954692557
