f1 = 0.8659793814432991
loss = 0.1729557141661644
precision = 0.8491446345256609
recall = 0.883495145631068
