f1 = 0.3598200899550225
loss = 0.4012937545776367
precision = 0.316622691292876
recall = 0.4166666666666667
