f1 = 0.8802308802308804
loss = 0.16466378569602966
precision = 0.8567415730337079
recall = 0.9050445103857567
