f1 = 0.8113496932515337
loss = 0.18496361151337623
precision = 0.8396825396825397
recall = 0.7848664688427299
