f1 = 0.02274342572850035
loss = 0.8836612343788147
precision = 0.021621621621621623
recall = 0.0239880059970015
