f1 = 0.18627450980392157
loss = 0.12082611098885536
precision = 0.2
recall = 0.1743119266055046
