f1 = 0.6166219839142091
loss = 0.5434995144605637
precision = 0.6534090909090909
recall = 0.583756345177665
