f1 = 0.6934189406099518
loss = 0.32666080445051193
precision = 0.6447761194029851
recall = 0.75
