f1 = 0.4739583333333333
loss = 0.5166443586349487
precision = 0.48663101604278075
recall = 0.4619289340101523
