f1 = 0.7891891891891891
loss = 0.12706345617771148
precision = 0.7777777777777778
recall = 0.8009404388714734
