f1 = 0.7172995780590716
loss = 0.2814694881439209
precision = 0.6818181818181818
recall = 0.7566765578635015
