f1 = 0.7579787234042553
loss = 0.23428398966789246
precision = 0.7270408163265306
recall = 0.7916666666666666
