f1 = 0.7866362946089599
loss = 0.12683820426464082
precision = 0.7628865979381443
recall = 0.8119122257053292
