f1 = 0.11290322580645162
loss = 0.12820516973733903
precision = 0.4666666666666667
recall = 0.06422018348623854
