f1 = 0.024922118380062305
loss = 0.8536466360092163
precision = 0.022598870056497175
recall = 0.027777777777777776
