f1 = 0.6988352745424293
loss = 0.3018689341843128
precision = 0.670926517571885
recall = 0.7291666666666666
