f1 = 0.9051412020275164
loss = 0.10493118688464165
precision = 0.8753501400560224
recall = 0.9370314842578711
