f1 = 0.9308823529411765
loss = 0.08548413962125778
precision = 0.9134199134199135
recall = 0.9490254872563718
