f1 = 0.7652645861601086
loss = 0.21240372061729432
precision = 0.7480106100795756
recall = 0.7833333333333333
