f1 = 0.7184750733137831
loss = 0.3053925149142742
precision = 0.692090395480226
recall = 0.7469512195121951
