f1 = 0.6660117878192534
loss = 0.3586117684841156
precision = 0.8921052631578947
recall = 0.5313479623824452
