f1 = 0.12546125461254615
loss = 0.7726261973381042
precision = 0.11854951185495119
recall = 0.13322884012539185
