f1 = 0.49760765550239233
loss = 0.3080543249845505
precision = 0.7008086253369272
recall = 0.3857566765578635
