f1 = 0.7158176943699731
loss = 0.2622033178806305
precision = 0.6917098445595855
recall = 0.7416666666666667
