f1 = 0.6420890937019968
loss = 0.3156643696129322
precision = 0.5757575757575758
recall = 0.7256944444444444
