f1 = 0.4
loss = 0.33640209436416624
precision = 0.3674418604651163
recall = 0.4388888888888889
