f1 = 0.6146095717884131
loss = 0.3880886137485504
precision = 0.61
recall = 0.6192893401015228
