f1 = 0.5893877551020409
loss = 0.36437116265296937
precision = 0.5776
recall = 0.6016666666666667
