f1 = 0.4766214177978884
loss = 0.3479785919189453
precision = 0.4463276836158192
recall = 0.511326860841424
