f1 = 0.4433566433566433
loss = 0.3105190724134445
precision = 0.4193121693121693
recall = 0.47032640949554894
