f1 = 0.5764705882352941
loss = 0.5563564896583557
precision = 0.6853146853146853
recall = 0.49746192893401014
