f1 = 0.5398773006134969
loss = 0.14092917740345
precision = 0.8148148148148148
recall = 0.4036697247706422
