f1 = 0.796420581655481
loss = 0.20229697674512864
precision = 0.800599700149925
recall = 0.7922848664688428
