f1 = 0.5
loss = 0.528666228055954
precision = 0.5380116959064327
recall = 0.467005076142132
