f1 = 0.42214532871972316
loss = 0.7238520979881287
precision = 0.6630434782608695
recall = 0.3096446700507614
