f1 = 0.7458120903131827
loss = 0.19494516551494598
precision = 0.7324749642346209
recall = 0.7596439169139466
