f1 = 0.3355525965379494
loss = 0.5548203811049461
precision = 0.2978723404255319
recall = 0.38414634146341464
