f1 = 0.7889908256880734
loss = 0.10753318518400193
precision = 0.7889908256880734
recall = 0.7889908256880734
