f1 = 0.30622164614387554
loss = 0.9270660877227783
precision = 0.8203125
recall = 0.18824701195219123
