f1 = 0.6401118099231305
loss = 0.22232159823179246
precision = 0.6050198150594451
recall = 0.6795252225519288
