f1 = 0.8321513002364066
loss = 0.18522144556045533
precision = 0.8110599078341014
recall = 0.8543689320388349
