f1 = 0.08446455505279035
loss = 1.593886947631836
precision = 0.6222222222222222
recall = 0.045307443365695796
