f1 = 0.06033848417954378
loss = 0.6930044889450073
precision = 0.0553306342780027
recall = 0.06634304207119741
