f1 = 0.44150417827298044
loss = 0.47442840337753295
precision = 0.41601049868766404
recall = 0.47032640949554894
