f1 = 0.8633679495011198
loss = 0.15343504176274234
precision = 0.8829654310703874
recall = 0.8446215139442231
