f1 = 0.303448275862069
loss = 0.8034191131591797
precision = 0.4731182795698925
recall = 0.2233502538071066
