f1 = 0.1556420233463035
loss = 0.995489627122879
precision = 0.3333333333333333
recall = 0.10152284263959391
