f1 = 0.41277080957810713
loss = 0.6388657689094543
precision = 0.8916256157635468
recall = 0.2685459940652819
