f1 = 0.47019122609673797
loss = 0.6052285432815552
precision = 0.7712177121771218
recall = 0.33818770226537215
