f1 = 0.2105263157894737
loss = 0.8771905064582824
precision = 0.7572815533980582
recall = 0.12225705329153605
