f1 = 0.703150912106136
loss = 0.3620881699025631
precision = 0.7709090909090909
recall = 0.6463414634146342
