f1 = 0.0783289817232376
loss = 1.103225874900818
precision = 0.6521739130434783
recall = 0.041666666666666664
