f1 = 0.00554016620498615
loss = 1.2148697078227997
precision = 0.005076142131979695
recall = 0.006097560975609756
