f1 = 0.02575107296137339
loss = 0.23909491002559663
precision = 0.024193548387096774
recall = 0.027522935779816515
