f1 = 0.767123287671233
loss = 0.08480150625109673
precision = 0.7636363636363637
recall = 0.7706422018348624
