f1 = 0.1078125
loss = 0.9387118697166443
precision = 0.10147058823529412
recall = 0.115
