f1 = 0.026986506746626684
loss = 1.003006562590599
precision = 0.023746701846965697
recall = 0.03125
