f1 = 0.047499999999999994
loss = 0.9371776580810547
precision = 0.04318181818181818
recall = 0.05277777777777778
