f1 = 0.8676103247293921
loss = 0.1522641360759735
precision = 0.8668885191347754
recall = 0.8683333333333333
