f1 = 0.7521773555027712
loss = 0.184446020424366
precision = 0.8064516129032258
recall = 0.7047477744807121
