f1 = 0.7887700534759358
loss = 0.19534084051847458
precision = 0.7603092783505154
recall = 0.8194444444444444
