f1 = 0.7141700404858299
loss = 0.324825182557106
precision = 0.786096256684492
recall = 0.6543026706231454
