f1 = 0.9286239882266373
loss = 0.08422337323427201
precision = 0.911849710982659
recall = 0.9460269865067467
