f1 = 0.6486486486486486
loss = 0.5236004590988159
precision = 0.6936416184971098
recall = 0.6091370558375635
