f1 = 0.25034387895460797
loss = 0.49521507024765016
precision = 0.2312579415501906
recall = 0.272863568215892
