f1 = 0.7471819645732689
loss = 0.25230731815099716
precision = 0.6966966966966966
recall = 0.8055555555555556
