f1 = 0.9287288758265981
loss = 0.08525160923600197
precision = 0.9106628242074928
recall = 0.9475262368815592
