f1 = 0.008862629246676513
loss = 1.4021245956420898
precision = 1.0
recall = 0.004451038575667656
