f1 = 0.029810298102981032
loss = 0.9060127809643745
precision = 0.026829268292682926
recall = 0.03353658536585366
