f1 = 0.029733959311424103
loss = 1.2028131246566773
precision = 0.028023598820058997
recall = 0.03166666666666667
