f1 = 0.17586912065439672
loss = 0.7826208710670471
precision = 0.1626733921815889
recall = 0.1913946587537092
