f1 = 0.9255711127487104
loss = 0.07752040848135948
precision = 0.9101449275362319
recall = 0.9415292353823088
