f1 = 0.7522935779816514
loss = 0.08410932272672653
precision = 0.7522935779816514
recall = 0.7522935779816514
