f1 = 0.40484429065743943
loss = 0.36864055693149567
precision = 0.40344827586206894
recall = 0.40625
