f1 = 0.8730964467005077
loss = 0.10906197354197503
precision = 0.8865979381443299
recall = 0.86
