f1 = 0.6269430051813472
loss = 0.4920794814825058
precision = 0.6402116402116402
recall = 0.6142131979695431
