f1 = 0.9314857582755967
loss = 0.06398459821939469
precision = 0.9152798789712556
recall = 0.9482758620689655
