f1 = 0.775
loss = 0.2662789672613144
precision = 0.7492447129909365
recall = 0.8025889967637541
