f1 = 0.7488986784140969
loss = 0.2957775183022022
precision = 0.7223796033994334
recall = 0.7774390243902439
