f1 = 0.21276595744680848
loss = 0.17641649916768073
precision = 0.1984126984126984
recall = 0.22935779816513763
