f1 = 0.6449464922711059
loss = 0.3613281212016648
precision = 0.8
recall = 0.5402390438247012
