f1 = 0.34210526315789475
loss = 0.13148059099912643
precision = 0.3277310924369748
recall = 0.3577981651376147
