f1 = 0.9121989121989121
loss = 0.09419879466295242
precision = 0.9044684129429892
recall = 0.9200626959247649
