f1 = 0.06510565391205025
loss = 1.609849029896306
precision = 0.7339055793991416
recall = 0.03406374501992032
