f1 = 0.4374009508716323
loss = 0.33821333199739456
precision = 0.40233236151603496
recall = 0.4791666666666667
