f1 = 0.9102167182662539
loss = 0.09468430504202843
precision = 0.8990825688073395
recall = 0.9216300940438872
