f1 = 0.7534883720930232
loss = 0.2495594635605812
precision = 0.7232142857142857
recall = 0.7864077669902912
