f1 = 0.75
loss = 0.24518539384007454
precision = 0.6964285714285714
recall = 0.8125
