f1 = 0.053475935828877004
loss = 0.7440967917442322
precision = 0.04936530324400564
recall = 0.058333333333333334
