f1 = 0.10876020786933926
loss = 1.3842031616790622
precision = 0.7961956521739131
recall = 0.05836653386454183
