f1 = 0.7390728476821191
loss = 0.19957670718431472
precision = 0.7063291139240506
recall = 0.775
