f1 = 0.09174311926605504
loss = 1.4963125586509705
precision = 0.47619047619047616
recall = 0.050761421319796954
