f1 = 0.7332155477031803
loss = 0.21500907242298126
precision = 0.8924731182795699
recall = 0.6221889055472264
