f1 = 0.030379746835443037
loss = 0.801330292224884
precision = 0.027906976744186046
recall = 0.03333333333333333
