f1 = 0.9364844903988183
loss = 0.08676446005702018
precision = 0.9228529839883551
recall = 0.9505247376311844
