f1 = 0.7690217391304348
loss = 0.22866796404123307
precision = 0.7526595744680851
recall = 0.7861111111111111
