f1 = 0.3036144578313253
loss = 0.6199633777141571
precision = 0.2889908256880734
recall = 0.3197969543147208
