f1 = 0.7420382165605096
loss = 0.29165489226579666
precision = 0.6852941176470588
recall = 0.8090277777777778
