f1 = 0.5655526992287918
loss = 0.47400809824466705
precision = 0.5729166666666666
recall = 0.5583756345177665
