f1 = 0.005917159763313609
loss = 1.3820228099822998
precision = 1.0
recall = 0.002967359050445104
