f1 = 0.8573784006595219
loss = 0.10925810560584068
precision = 0.8482871125611745
recall = 0.8666666666666667
