f1 = 0.7041499330655957
loss = 0.2195006549358368
precision = 0.6795865633074936
recall = 0.7305555555555555
