f1 = 0.931657501963865
loss = 0.07332998582883281
precision = 0.9186676994577847
recall = 0.9450199203187251
