f1 = 0.2676363636363636
loss = 0.5551092147827148
precision = 0.2430647291941876
recall = 0.2977346278317152
