f1 = 0.8292682926829269
loss = 0.16393943801522254
precision = 0.8095238095238095
recall = 0.85
