f1 = 0.4293785310734463
loss = 0.11509013548493385
precision = 0.5588235294117647
recall = 0.3486238532110092
