f1 = 0.6568627450980392
loss = 0.10633067786693573
precision = 0.7052631578947368
recall = 0.6146788990825688
