f1 = 0.08474576271186442
loss = 0.2989695847034454
precision = 0.5555555555555556
recall = 0.045871559633027525
