f1 = 0.2561863173216885
loss = 0.33426540791988374
precision = 0.2391304347826087
recall = 0.27586206896551724
