f1 = 0.03773584905660378
loss = 0.7221028327941894
precision = 0.035667107001321
recall = 0.040059347181008904
