f1 = 0.6253229974160206
loss = 0.49665015935897827
precision = 0.6368421052631579
recall = 0.6142131979695431
