f1 = 0.11214953271028039
loss = 1.2782540917396545
precision = 0.7058823529411765
recall = 0.06091370558375635
