f1 = 0.22790697674418603
loss = 0.889641273021698
precision = 0.7
recall = 0.1361111111111111
