f1 = 0.33333333333333337
loss = 0.3797301262617111
precision = 0.3141592920353982
recall = 0.355
