f1 = 0.45307443365695793
loss = 0.30721565335989
precision = 0.42424242424242425
recall = 0.4861111111111111
