f1 = 0.8160919540229885
loss = 0.21284302920103074
precision = 0.7910863509749304
recall = 0.8427299703264095
