f1 = 0.3493150684931507
loss = 0.5969721734523773
precision = 0.7574257425742574
recall = 0.22700296735905046
