f1 = 0.8418410041841003
loss = 0.20866234824061394
precision = 0.9030520646319569
recall = 0.7884012539184952
