f1 = 0.49149922720247297
loss = 0.3047076128423214
precision = 0.4428969359331476
recall = 0.5520833333333334
