f1 = 0.5706051873198847
loss = 0.5655670166015625
precision = 0.66
recall = 0.5025380710659898
