f1 = 0.8115715402658327
loss = 0.20658997297286988
precision = 0.8578512396694215
recall = 0.7700296735905044
