f1 = 0.7204301075268819
loss = 0.14555488675832748
precision = 0.6528623629719854
recall = 0.8035982008995503
