f1 = 0.07585335018963336
loss = 0.7531617164611817
precision = 0.06960556844547564
recall = 0.08333333333333333
