f1 = 0.8955882352941176
loss = 0.12535639256238937
precision = 0.8787878787878788
recall = 0.9130434782608695
