f1 = 0.8535564853556484
loss = 0.13442301005125046
precision = 0.8052631578947368
recall = 0.9080118694362018
