f1 = 0.9103240391861342
loss = 0.10489434003829956
precision = 0.9151515151515152
recall = 0.9055472263868066
