f1 = 0.8199404761904762
loss = 0.16837185993790627
precision = 0.8223880597014925
recall = 0.8175074183976261
