f1 = 0.9128440366972477
loss = 0.08191491141915322
precision = 0.891044776119403
recall = 0.9357366771159875
