f1 = 0.8646917534027221
loss = 0.17717862725257874
precision = 0.8557844690966719
recall = 0.8737864077669902
