f1 = 0.7552083333333334
loss = 0.19014227837324144
precision = 0.7107843137254902
recall = 0.8055555555555556
