f1 = 0.9045884923525127
loss = 0.08775755986571313
precision = 0.8796033994334278
recall = 0.9310344827586207
