f1 = 0.09345794392523364
loss = 1.4497520923614502
precision = 0.5882352941176471
recall = 0.050761421319796954
