f1 = 0.03445575567736883
loss = 1.0981356143951415
precision = 0.03249630723781388
recall = 0.03666666666666667
