f1 = 0.0979381443298969
loss = 0.735836786031723
precision = 0.37254901960784315
recall = 0.05637982195845697
