f1 = 0.8796033994334278
loss = 0.16669997274875642
precision = 0.8414634146341463
recall = 0.9213649851632048
