f1 = 0.06218365871294289
loss = 0.9509893417358398
precision = 0.05620915032679739
recall = 0.06957928802588997
