f1 = 0.03594351732991014
loss = 0.8421108841896057
precision = 0.03341288782816229
recall = 0.03888888888888889
