f1 = 0.14701803051317613
loss = 0.42728514671325685
precision = 0.1367741935483871
recall = 0.15892053973013492
