f1 = 0.644868301544051
loss = 0.3761964917182922
precision = 0.8313817330210773
recall = 0.526706231454006
