f1 = 0.6590909090909091
loss = 0.24067508280277253
precision = 0.6041666666666666
recall = 0.725
