f1 = 0.9330254041570438
loss = 0.06390061527490616
precision = 0.9167927382753404
recall = 0.9498432601880877
