f1 = 0.2537313432835821
loss = 0.18481405526399614
precision = 0.68
recall = 0.1559633027522936
