f1 = 0.7830188679245284
loss = 0.07642611861228943
precision = 0.8058252427184466
recall = 0.7614678899082569
