f1 = 0.5233504444722674
loss = 0.45627691202303944
precision = 0.7044152342433434
recall = 0.4163346613545817
