f1 = 0.8991735537190081
loss = 0.1113438967615366
precision = 0.8918032786885246
recall = 0.9066666666666666
