f1 = 0.8517165814463112
loss = 0.12923612147569657
precision = 0.8304843304843305
recall = 0.8740629685157422
