f1 = 0.7626628075253256
loss = 0.1375626727938652
precision = 0.737062937062937
recall = 0.7901049475262368
