f1 = 0.26459143968871596
loss = 0.8332559168338776
precision = 0.5666666666666667
recall = 0.17258883248730963
