f1 = 0.6298984034833092
loss = 0.3145814761519432
precision = 0.6011080332409973
recall = 0.6615853658536586
