f1 = 0.3511904761904762
loss = 0.4701148569583893
precision = 0.3072916666666667
recall = 0.4097222222222222
