f1 = 0.48753462603878117
loss = 0.5038992166519165
precision = 0.5365853658536586
recall = 0.4467005076142132
