f1 = 0.08
loss = 0.9985367953777313
precision = 0.07881773399014778
recall = 0.08121827411167512
