f1 = 0.8742857142857143
loss = 0.16911452412605285
precision = 0.8429752066115702
recall = 0.9080118694362018
