f1 = 0.5849582172701949
loss = 0.5088587701320648
precision = 0.6481481481481481
recall = 0.5329949238578681
