f1 = 0.9248366013071896
loss = 0.09553301148116589
precision = 0.907051282051282
recall = 0.9433333333333334
