f1 = 0.18421052631578952
loss = 0.17081697285175323
precision = 0.17647058823529413
recall = 0.1926605504587156
