f1 = 0.9400444115470022
loss = 0.08795689158141613
precision = 0.9283625730994152
recall = 0.952023988005997
