f1 = 0.08800000000000001
loss = 0.7681721895933151
precision = 0.07819905213270142
recall = 0.10060975609756098
