f1 = 0.8294209702660406
loss = 0.18739158064126968
precision = 0.803030303030303
recall = 0.8576051779935275
