f1 = 0.8652064026958719
loss = 0.175687633966114
precision = 0.9177837354781054
recall = 0.8183266932270916
