f1 = 0.190236396698839
loss = 0.5386655131975809
precision = 0.3193987787693753
recall = 0.13545816733067728
