f1 = 0.7044410413476263
loss = 0.21720115467905998
precision = 0.688622754491018
recall = 0.7210031347962382
