f1 = 0.1944257891202149
loss = 0.6200379749723509
precision = 0.6185897435897436
recall = 0.1153386454183267
