f1 = 0.2932551319648094
loss = 0.37931159138679504
precision = 0.25380710659898476
recall = 0.3472222222222222
