f1 = 0.32465543644716693
loss = 0.4170740097761154
precision = 0.29041095890410956
recall = 0.3680555555555556
