f1 = 0.016216216216216217
loss = 1.4172054529190063
precision = 0.014563106796116505
recall = 0.018292682926829267
