f1 = 0.24050632911392403
loss = 0.7382667660713196
precision = 0.31932773109243695
recall = 0.19289340101522842
