f1 = 0.8795379537953796
loss = 0.15556566119194032
precision = 0.8709150326797386
recall = 0.8883333333333333
