f1 = 0.33898305084745767
loss = 0.5504009366035462
precision = 0.5925925925925926
recall = 0.23738872403560832
