f1 = 0.6270096463022508
loss = 0.35024394392967223
precision = 0.7442748091603053
recall = 0.5416666666666666
