f1 = 0.7638266068759342
loss = 0.14542502015829087
precision = 0.73
recall = 0.8009404388714734
