f1 = 0.02810304449648712
loss = 0.6329487711191177
precision = 0.02608695652173913
recall = 0.030456852791878174
