f1 = 0.03133903133903134
loss = 0.45963160395622255
precision = 0.39285714285714285
recall = 0.016320474777448073
