f1 = 0.8396825396825398
loss = 0.1798346906900406
precision = 0.82398753894081
recall = 0.8559870550161812
