f1 = 0.7570295602018745
loss = 0.1408349648118019
precision = 0.7009345794392523
recall = 0.822884012539185
