f1 = 0.7437582128777924
loss = 0.19847643077373506
precision = 0.7057356608478803
recall = 0.7861111111111111
