f1 = 0.8255319148936171
loss = 0.20993020683526992
precision = 0.7907608695652174
recall = 0.8635014836795252
