f1 = 0.28169014084507044
loss = 0.2292320564389229
precision = 0.6060606060606061
recall = 0.1834862385321101
