f1 = 0.1609538002980626
loss = 1.3067111492156982
precision = 0.7605633802816901
recall = 0.09
