f1 = 0.9175946547884186
loss = 0.11293699145317078
precision = 0.9088235294117647
recall = 0.9265367316341829
