f1 = 0.75
loss = 0.20430706441402435
precision = 0.7720588235294118
recall = 0.7291666666666666
