f1 = 0.8748019017432646
loss = 0.16248485445976257
precision = 0.8571428571428571
recall = 0.8932038834951457
