f1 = 0.423121387283237
loss = 0.7080925583839417
precision = 0.8061674008810573
recall = 0.28683385579937304
