f1 = 0.5316455696202532
loss = 0.40661387145519257
precision = 0.5303030303030303
recall = 0.5329949238578681
