f1 = 0.9326506498621505
loss = 0.06815350393327546
precision = 0.9221183800623053
recall = 0.9434262948207172
