f1 = 0.6875477463712757
loss = 0.22295226603746415
precision = 0.7086614173228346
recall = 0.6676557863501483
