f1 = 0.8698315467075038
loss = 0.11248025447130203
precision = 0.8502994011976048
recall = 0.890282131661442
