f1 = 0.11940298507462688
loss = 0.13854073509573936
precision = 0.32
recall = 0.07339449541284404
