f1 = 0.8680851063829788
loss = 0.14715371429920196
precision = 0.8315217391304348
recall = 0.9080118694362018
