f1 = 0.020172910662824207
loss = 0.924923837184906
precision = 0.019417475728155338
recall = 0.020989505247376312
