f1 = 0.9194078947368421
loss = 0.08958732001483441
precision = 0.9074675324675324
recall = 0.9316666666666666
