f1 = 0.6073298429319371
loss = 0.4809499680995941
precision = 0.6270270270270271
recall = 0.5888324873096447
