f1 = 0.3433476394849786
loss = 0.13531231358647347
precision = 0.3225806451612903
recall = 0.3669724770642202
