f1 = 0.7725437415881563
loss = 0.21971862465143205
precision = 0.7493472584856397
recall = 0.7972222222222223
