f1 = 0.09491525423728815
loss = 0.6792007386684418
precision = 0.14285714285714285
recall = 0.07106598984771574
