f1 = 0.6829268292682927
loss = 0.22153539210557938
precision = 0.6853146853146853
recall = 0.6805555555555556
