f1 = 0.2589073634204276
loss = 0.6645492672920227
precision = 0.6488095238095238
recall = 0.16172106824925817
