f1 = 0.42969628796400444
loss = 0.6746966898441314
precision = 0.7609561752988048
recall = 0.2993730407523511
