f1 = 0.920164609053498
loss = 0.08998008370399475
precision = 0.9089430894308943
recall = 0.9316666666666666
