f1 = 0.7502270663033606
loss = 0.23760238885879517
precision = 0.8920086393088553
recall = 0.6473354231974922
