f1 = 0.7350746268656716
loss = 0.2406979501247406
precision = 0.8347457627118644
recall = 0.6566666666666666
