f1 = 0.5310492505353319
loss = 0.41061513125896454
precision = 0.6927374301675978
recall = 0.4305555555555556
