f1 = 0.5176294073518379
loss = 0.3237053662538528
precision = 0.49640287769784175
recall = 0.5407523510971787
