f1 = 0.8690807799442898
loss = 0.1213343009352684
precision = 0.8188976377952756
recall = 0.9258160237388724
