f1 = 0.5565217391304347
loss = 0.5406056940555573
precision = 0.6486486486486487
recall = 0.4873096446700508
