f1 = 0.4533001245330012
loss = 0.33777617122612746
precision = 0.6046511627906976
recall = 0.36254980079681276
