f1 = 0.8490118577075099
loss = 0.16736124083399773
precision = 0.8299845440494591
recall = 0.8689320388349514
