f1 = 0.2849462365591398
loss = 0.689582422375679
precision = 0.6309523809523809
recall = 0.1840277777777778
