f1 = 0.7984555984555984
loss = 0.2783350110054016
precision = 0.7636632200886263
recall = 0.8365695792880259
