f1 = 0.7837837837837838
loss = 0.08950277231633663
precision = 0.7699115044247787
recall = 0.7981651376146789
