f1 = 0.28418230563002683
loss = 0.6195202767848969
precision = 0.2535885167464115
recall = 0.3231707317073171
