f1 = 0.567814476458187
loss = 0.3468795269727707
precision = 0.5393858477970628
recall = 0.599406528189911
