f1 = 0.7388167388167388
loss = 0.3045349679887295
precision = 0.7013698630136986
recall = 0.7804878048780488
