f1 = 0.3640606767794633
loss = 0.6172719061374664
precision = 0.8524590163934426
recall = 0.2314540059347181
