f1 = 0.8347826086956521
loss = 0.22252542525529861
precision = 0.8160741885625966
recall = 0.8543689320388349
