f1 = 0.4846625766871166
loss = 0.4864403009414673
precision = 0.6124031007751938
recall = 0.4010152284263959
