f1 = 0.6182634730538922
loss = 0.2206616908311844
precision = 0.5916905444126075
recall = 0.6473354231974922
