f1 = 0.7546174142480211
loss = 0.2084256276488304
precision = 0.7185929648241206
recall = 0.7944444444444444
