f1 = 0.045000000000000005
loss = 0.9228812456130981
precision = 0.04090909090909091
recall = 0.05
