f1 = 0.1712121212121212
loss = 0.5254230797290802
precision = 0.15694444444444444
recall = 0.18833333333333332
