f1 = 0.43065693430656937
loss = 0.33509770035743713
precision = 0.38311688311688313
recall = 0.49166666666666664
