f1 = 0.5217391304347825
loss = 0.09825429953634739
precision = 0.5510204081632653
recall = 0.4954128440366973
