f1 = 0.1409691629955947
loss = 1.218357264995575
precision = 0.5333333333333333
recall = 0.08121827411167512
