f1 = 0.8869690424766019
loss = 0.18788272738456727
precision = 0.8615384615384616
recall = 0.913946587537092
