f1 = 0.8243021346469622
loss = 0.12712606862187387
precision = 0.8122977346278317
recall = 0.8366666666666667
