f1 = 0.03215926493108729
loss = 1.2640823364257812
precision = 0.030523255813953487
recall = 0.03398058252427184
