f1 = 0.823529411764706
loss = 0.1769157513976097
precision = 0.7565217391304347
recall = 0.9035608308605341
