f1 = 0.869281045751634
loss = 0.1526021271944046
precision = 0.9078498293515358
recall = 0.8338557993730408
