f1 = 0.17412935323383083
loss = 0.6375872075557709
precision = 0.15765765765765766
recall = 0.19444444444444445
