f1 = 0.009259259259259259
loss = 0.6211485862731934
precision = 0.05263157894736842
recall = 0.005076142131979695
