f1 = 0.08442503639010189
loss = 0.4747564345598221
precision = 0.07268170426065163
recall = 0.10069444444444445
