f1 = 0.7237479806138934
loss = 0.22837185114622116
precision = 0.676737160120846
recall = 0.7777777777777778
