f1 = 0.20630372492836677
loss = 0.884930893778801
precision = 0.5901639344262295
recall = 0.125
