f1 = 0.7264573991031391
loss = 0.08055561445653439
precision = 0.7105263157894737
recall = 0.7431192660550459
