f1 = 0.8041733547351525
loss = 0.2646814912557602
precision = 0.7977707006369427
recall = 0.8106796116504854
