f1 = 0.5012285012285013
loss = 0.44680699706077576
precision = 0.4857142857142857
recall = 0.5177664974619289
