f1 = 0.7456647398843932
loss = 0.13655755370855333
precision = 0.7267605633802817
recall = 0.7655786350148368
