f1 = 0.8813077469793887
loss = 0.16564442962408066
precision = 0.8458390177353342
recall = 0.9198813056379822
