f1 = 0.5835929387331257
loss = 0.47424997091293336
precision = 0.8144927536231884
recall = 0.4546925566343042
