f1 = 0.8875192604006162
loss = 0.09377805441617966
precision = 0.8727272727272727
recall = 0.9028213166144201
