f1 = 0.01669195751138088
loss = 1.0870423674583436
precision = 0.015714285714285715
recall = 0.01779935275080906
