f1 = 0.7268588770864947
loss = 0.2962142646312714
precision = 0.6842857142857143
recall = 0.7750809061488673
