f1 = 0.6592592592592594
loss = 0.224316518753767
precision = 0.7063492063492064
recall = 0.6180555555555556
