f1 = 0.012474012474012475
loss = 1.1380443930625916
precision = 0.011703511053315995
recall = 0.013353115727002967
