f1 = 0.8798076923076924
loss = 0.1682066723704338
precision = 0.8714285714285714
recall = 0.8883495145631068
