f1 = 0.8711743772241993
loss = 0.16252146884799004
precision = 0.8372093023255814
recall = 0.9080118694362018
