f1 = 0.2699228791773779
loss = 0.8335798025131226
precision = 0.65625
recall = 0.16990291262135923
