f1 = 0.22368421052631576
loss = 0.8384861648082733
precision = 0.3177570093457944
recall = 0.17258883248730963
