f1 = 0.07158196134574087
loss = 0.7218918085098267
precision = 0.0684931506849315
recall = 0.07496251874062969
