f1 = 0.14400000000000002
loss = 0.9968646049499512
precision = 0.7105263157894737
recall = 0.08011869436201781
