f1 = 0.8707581227436823
loss = 0.18009529039263725
precision = 0.8481012658227848
recall = 0.8946587537091988
