f1 = 0.9161196207148068
loss = 0.08064495027065277
precision = 0.8920454545454546
recall = 0.9415292353823088
