f1 = 0.7577092511013216
loss = 0.09583679512143135
precision = 0.7288135593220338
recall = 0.7889908256880734
