f1 = 0.4801444043321299
loss = 0.5141498446464539
precision = 0.6855670103092784
recall = 0.36944444444444446
