f1 = 0.6883720930232559
loss = 0.1081240490078926
precision = 0.6981132075471698
recall = 0.6788990825688074
