f1 = 0.4380610412926392
loss = 0.2795973688364029
precision = 0.5545454545454546
recall = 0.3620178041543027
