f1 = 0.7153965785381027
loss = 0.1718282364308834
precision = 0.647887323943662
recall = 0.7986111111111112
