f1 = 0.2692307692307692
loss = 0.5838045328855515
precision = 0.2934131736526946
recall = 0.24873096446700507
