f1 = 0.5860215053763441
loss = 0.5195934623479843
precision = 0.6228571428571429
recall = 0.5532994923857868
