f1 = 0.7715053763440862
loss = 0.21555217504501342
precision = 0.7473958333333334
recall = 0.7972222222222223
