f1 = 0.7639484978540773
loss = 0.09056121110916138
precision = 0.717741935483871
recall = 0.8165137614678899
