f1 = 0.8562450903377847
loss = 0.19336666464805602
precision = 0.8320610687022901
recall = 0.8818770226537217
