f1 = 0.7460732984293194
loss = 0.2105531260371208
precision = 0.7054455445544554
recall = 0.7916666666666666
