f1 = 0.40163934426229514
loss = 0.43343063443899155
precision = 0.36386138613861385
recall = 0.4481707317073171
