f1 = 0.10557184750733138
loss = 1.0405786395072938
precision = 0.09917355371900827
recall = 0.11285266457680251
