f1 = 0.11872146118721462
loss = 1.3036978840827942
precision = 0.5909090909090909
recall = 0.06598984771573604
