f1 = 0.9269372693726938
loss = 0.09008505754172802
precision = 0.9127906976744186
recall = 0.9415292353823088
