f1 = 0.6770833333333334
loss = 0.12584853023290635
precision = 0.7831325301204819
recall = 0.5963302752293578
