f1 = 0.7150496562261269
loss = 0.24067111909389496
precision = 0.6772793053545586
recall = 0.7572815533980582
