f1 = 0.9157894736842105
loss = 0.09078050851821899
precision = 0.918552036199095
recall = 0.9130434782608695
