f1 = 0.008658008658008658
loss = 0.25604001730680465
precision = 0.00819672131147541
recall = 0.009174311926605505
