f1 = 0.7232142857142858
loss = 0.292125403881073
precision = 0.7063953488372093
recall = 0.7408536585365854
