f1 = 0.7532467532467532
loss = 0.3048205003142357
precision = 0.7073170731707317
recall = 0.8055555555555556
