f1 = 0.8208366219415943
loss = 0.15702554881572722
precision = 0.8012326656394453
recall = 0.8414239482200647
