f1 = 0.883453237410072
loss = 0.1804584741592407
precision = 0.8575418994413407
recall = 0.9109792284866469
