f1 = 0.033519553072625705
loss = 1.04974707365036
precision = 0.03215926493108729
recall = 0.035
