f1 = 0.07766990291262135
loss = 0.9300745725631714
precision = 0.5957446808510638
recall = 0.04154302670623145
