f1 = 0.6689956331877729
loss = 0.3189513713121414
precision = 0.7267552182163188
recall = 0.6197411003236246
