f1 = 0.24028268551236745
loss = 0.6041892766952515
precision = 0.3953488372093023
recall = 0.17258883248730963
