f1 = 0.40615384615384614
loss = 0.5221865996718407
precision = 0.36464088397790057
recall = 0.4583333333333333
