f1 = 0.7540106951871658
loss = 0.2124861165881157
precision = 0.7268041237113402
recall = 0.7833333333333333
