f1 = 0.6052631578947368
loss = 0.2957571856677532
precision = 0.6598360655737705
recall = 0.5590277777777778
