f1 = 0.3378238341968912
loss = 0.3538071721792221
precision = 0.5601374570446735
recall = 0.24183976261127596
