f1 = 0.1137440758293839
loss = 1.4626734852790833
precision = 0.8571428571428571
recall = 0.06091370558375635
