f1 = 0.6554149085794655
loss = 0.2934548184275627
precision = 0.608355091383812
recall = 0.7103658536585366
