f1 = 0.09510869565217392
loss = 0.7349617779254913
precision = 0.5645161290322581
recall = 0.05192878338278932
