f1 = 0.8213523131672597
loss = 0.225177538394928
precision = 0.7893296853625171
recall = 0.8560830860534124
