f1 = 0.49746192893401014
loss = 0.49573032557964325
precision = 0.49746192893401014
recall = 0.49746192893401014
