f1 = 0.8094079480940796
loss = 0.2258502058684826
precision = 0.7883096366508688
recall = 0.8316666666666667
