f1 = 0.19130434782608696
loss = 0.9990017712116241
precision = 0.6666666666666666
recall = 0.1116751269035533
