f1 = 0.877164056059357
loss = 0.15301865786314012
precision = 0.867862969004894
recall = 0.8866666666666667
