f1 = 0.5558441558441558
loss = 0.5014199167490005
precision = 0.5691489361702128
recall = 0.5431472081218274
