f1 = 0.4304812834224599
loss = 0.2497575104236603
precision = 0.3884197828709288
recall = 0.4827586206896552
