f1 = 0.7357910906298003
loss = 0.20726017281413078
precision = 0.7213855421686747
recall = 0.7507836990595611
