f1 = 0.7215815485996704
loss = 0.24676038324832916
precision = 0.6865203761755486
recall = 0.7604166666666666
