f1 = 0.19900497512437812
loss = 0.7717674493789672
precision = 0.6153846153846154
recall = 0.11869436201780416
