f1 = 0.6842923794712286
loss = 0.2587335519492626
precision = 0.6197183098591549
recall = 0.7638888888888888
