f1 = 0.022646850672328377
loss = 0.8948603272438049
precision = 0.021447721179624665
recall = 0.0239880059970015
