f1 = 0.6782884310618066
loss = 0.290108785033226
precision = 0.6239067055393586
recall = 0.7430555555555556
