f1 = 0.13469985358711567
loss = 1.0165126204490662
precision = 0.12637362637362637
recall = 0.14420062695924765
