f1 = 0.010905550146056474
loss = 1.2077649066261216
precision = 0.24347826086956523
recall = 0.005577689243027889
