f1 = 0.35587188612099646
loss = 0.9015322327613831
precision = 0.5952380952380952
recall = 0.25380710659898476
