f1 = 0.9189985272459499
loss = 0.0791617926210165
precision = 0.9030390738060782
recall = 0.9355322338830585
