f1 = 0.6854460093896714
loss = 0.22203338891267776
precision = 0.6239316239316239
recall = 0.7604166666666666
