f1 = 0.4658573596358118
loss = 0.2655214250087738
precision = 0.4767080745341615
recall = 0.45548961424332346
