f1 = 0.6323907455012854
loss = 0.4066866934299469
precision = 0.640625
recall = 0.6243654822335025
