f1 = 0.8400328137817884
loss = 0.16685078740119935
precision = 0.827140549273021
recall = 0.8533333333333334
