f1 = 0.9196331722709792
loss = 0.09016742268417433
precision = 0.910564342901777
recall = 0.9288844621513944
