f1 = 0.25634178905206945
loss = 0.8554556012153626
precision = 0.8648648648648649
recall = 0.15047021943573669
