f1 = 0.8529170090386196
loss = 0.11236381530761719
precision = 0.8411669367909238
recall = 0.865
