f1 = 0.5092838196286472
loss = 0.5271570682525635
precision = 0.5333333333333333
recall = 0.4873096446700508
