f1 = 0.59375
loss = 0.48045723140239716
precision = 0.6096256684491979
recall = 0.5786802030456852
