f1 = 0.7338709677419354
loss = 0.2403168112039566
precision = 0.7109375
recall = 0.7583333333333333
