f1 = 0.6777133388566694
loss = 0.36251455545425415
precision = 0.7673545966228893
recall = 0.6068249258160238
