f1 = 0.39751552795031053
loss = 0.1424383595585823
precision = 0.6153846153846154
recall = 0.29357798165137616
