f1 = 0.8386100386100386
loss = 0.1606681689620018
precision = 0.8646496815286624
recall = 0.8140929535232384
