f1 = 0.7390599675850892
loss = 0.28613872453570366
precision = 0.6930091185410334
recall = 0.7916666666666666
