f1 = 0.01474201474201474
loss = 0.7528360784053802
precision = 0.014285714285714285
recall = 0.015228426395939087
