f1 = 0.4920273348519361
loss = 0.45698676258325577
precision = 0.7152317880794702
recall = 0.375
