f1 = 0.86899918633035
loss = 0.15705573409795762
precision = 0.9035532994923858
recall = 0.8369905956112853
