f1 = 0.47619047619047616
loss = 0.7677349150180817
precision = 0.7216494845360825
recall = 0.3553299492385787
