f1 = 0.8196981731532962
loss = 0.2416001483798027
precision = 0.8049921996879875
recall = 0.8349514563106796
