f1 = 0.7225806451612904
loss = 0.21781082451343536
precision = 0.6746987951807228
recall = 0.7777777777777778
