f1 = 0.6337662337662339
loss = 0.24839222133159639
precision = 0.5951219512195122
recall = 0.6777777777777778
