f1 = 0.7719298245614036
loss = 0.309356264770031
precision = 0.7415730337078652
recall = 0.8048780487804879
