f1 = 0.2492401215805471
loss = 0.45654188841581345
precision = 0.22162162162162163
recall = 0.2847222222222222
