f1 = 0.6280587275693312
loss = 0.3744738459587097
precision = 0.6150159744408946
recall = 0.6416666666666667
