f1 = 0.5047923322683706
loss = 0.5320983231067657
precision = 0.6810344827586207
recall = 0.4010152284263959
