f1 = 0.7439024390243901
loss = 0.19693468436598777
precision = 0.7240356083086054
recall = 0.7648902821316614
