f1 = 0.3470263641937462
loss = 0.8716109757329903
precision = 0.7526595744680851
recall = 0.2254980079681275
