f1 = 0.08181818181818182
loss = 1.3249745965003967
precision = 0.391304347826087
recall = 0.04568527918781726
