f1 = 0.5086206896551724
loss = 0.13218848332762717
precision = 0.4796747967479675
recall = 0.5412844036697247
