f1 = 0.8864942528735632
loss = 0.17183162569999694
precision = 0.8593314763231198
recall = 0.9154302670623146
