f1 = 0.7665198237885462
loss = 0.0974097192287445
precision = 0.7372881355932204
recall = 0.7981651376146789
