f1 = 0.018209408194233685
loss = 1.1500468730926514
precision = 0.017142857142857144
recall = 0.019417475728155338
