f1 = 0.5668789808917197
loss = 0.3126565307378769
precision = 0.5426829268292683
recall = 0.5933333333333334
