f1 = 0.6984126984126984
loss = 0.26200055330991745
precision = 0.663013698630137
recall = 0.7378048780487805
