f1 = 0.3130699088145897
loss = 0.38842685893177986
precision = 0.27837837837837837
recall = 0.3576388888888889
