f1 = 0.10526315789473685
loss = 1.0695230960845947
precision = 0.7916666666666666
recall = 0.05637982195845697
