f1 = 0.3879500367376929
loss = 0.5001259803771972
precision = 0.3553162853297443
recall = 0.42718446601941745
