f1 = 0.265139116202946
loss = 0.35840093344449997
precision = 0.25077399380804954
recall = 0.28125
