f1 = 0.4584615384615385
loss = 0.31812064349651337
precision = 0.4116022099447514
recall = 0.5173611111111112
