f1 = 0.703734439834025
loss = 0.3074470102787018
precision = 0.7984934086629002
recall = 0.629080118694362
