f1 = 0.7762803234501349
loss = 0.23008097410202027
precision = 0.7539267015706806
recall = 0.8
