f1 = 0.8552845528455285
loss = 0.14351096898317336
precision = 0.834920634920635
recall = 0.8766666666666667
