f1 = 0.6986089644513138
loss = 0.2727551944553852
precision = 0.6295264623955432
recall = 0.7847222222222222
