f1 = 0.6795827123695976
loss = 0.1926201805472374
precision = 0.6477272727272727
recall = 0.7147335423197492
