f1 = 0.94186902133922
loss = 0.0748100757598877
precision = 0.9248554913294798
recall = 0.95952023988006
