f1 = 0.22608695652173916
loss = 0.17112303227186204
precision = 0.21487603305785125
recall = 0.23853211009174313
