f1 = 0.18235877106045592
loss = 0.5626942455768585
precision = 0.23529411764705882
recall = 0.1488673139158576
