f1 = 0.8165289256198347
loss = 0.21694934517145156
precision = 0.8636363636363636
recall = 0.774294670846395
