f1 = 0.9327146171693735
loss = 0.07064361497759819
precision = 0.9206106870229007
recall = 0.945141065830721
