f1 = 0.7624161073825503
loss = 0.19365590661764145
precision = 0.7376623376623377
recall = 0.7888888888888889
