f1 = 0.42261904761904767
loss = 0.4036841750144958
precision = 0.3817204301075269
recall = 0.47333333333333333
