f1 = 0.6773488710852148
loss = 0.2511334478855133
precision = 0.6158940397350994
recall = 0.7524271844660194
