f1 = 0.7983870967741935
loss = 0.18267255276441574
precision = 0.7734375
recall = 0.825
