f1 = 0.8068085106382978
loss = 0.2022899329662323
precision = 0.88268156424581
recall = 0.7429467084639498
