f1 = 0.9225146198830408
loss = 0.0820292342454195
precision = 0.9001426533523538
recall = 0.9460269865067467
