f1 = 0.6095110515740121
loss = 0.20563455820083618
precision = 0.5508474576271186
recall = 0.6821589205397302
