f1 = 0.5501730103806228
loss = 0.5040773451328278
precision = 0.636
recall = 0.4847560975609756
