f1 = 0.8817663817663818
loss = 0.22036548256874083
precision = 0.8479452054794521
recall = 0.9183976261127597
