f1 = 0.01869158878504673
loss = 0.8823523819446564
precision = 0.01694915254237288
recall = 0.020833333333333332
