f1 = 0.2529832935560859
loss = 0.532998576760292
precision = 0.23873873873873874
recall = 0.26903553299492383
