f1 = 0.5719178082191781
loss = 0.3761413246393204
precision = 0.7455357142857143
recall = 0.4638888888888889
