f1 = 0.5051546391752578
loss = 0.5084018707275391
precision = 0.5130890052356021
recall = 0.49746192893401014
