f1 = 0.6341829085457272
loss = 0.259259968996048
precision = 0.590782122905028
recall = 0.6844660194174758
