f1 = 0.14925373134328357
loss = 0.6685373485088348
precision = 0.28169014084507044
recall = 0.10152284263959391
