f1 = 0.738362760834671
loss = 0.2772715240716934
precision = 0.6865671641791045
recall = 0.7986111111111112
