f1 = 0.8610223642172524
loss = 0.18245858401060105
precision = 0.8501577287066246
recall = 0.872168284789644
