f1 = 0.4013490725126475
loss = 0.42829688638448715
precision = 0.3901639344262295
recall = 0.4131944444444444
