f1 = 0.7889908256880734
loss = 0.09128144532442092
precision = 0.7889908256880734
recall = 0.7889908256880734
