f1 = 0.886671418389166
loss = 0.1479110337793827
precision = 0.8532235939643347
recall = 0.9228486646884273
