f1 = 0.7727272727272727
loss = 0.22242531031370164
precision = 0.7448453608247423
recall = 0.8027777777777778
