f1 = 0.14659685863874344
loss = 0.8431723713874817
precision = 0.1402002861230329
recall = 0.1536050156739812
