f1 = 0.8959868959868961
loss = 0.10108421985059976
precision = 0.8808373590982287
recall = 0.9116666666666666
