f1 = 0.8752025931928687
loss = 0.10576759427785873
precision = 0.8517350157728707
recall = 0.9
