f1 = 0.6544502617801047
loss = 0.5344957262277603
precision = 0.6756756756756757
recall = 0.6345177664974619
