f1 = 0.01350337584396099
loss = 1.1050524950027465
precision = 0.012587412587412588
recall = 0.014563106796116505
