f1 = 0.6578249336870027
loss = 0.44117189943790436
precision = 0.6888888888888889
recall = 0.6294416243654822
