f1 = 0.6746166950596252
loss = 0.29352807998657227
precision = 0.6622073578595318
recall = 0.6875
