f1 = 0.05889281507656066
loss = 0.7027112722396851
precision = 0.05112474437627812
recall = 0.06944444444444445
