f1 = 0.9278350515463918
loss = 0.08038975447416305
precision = 0.9117221418234442
recall = 0.9445277361319341
