f1 = 0.5034965034965035
loss = 0.37312769889831543
precision = 0.46511627906976744
recall = 0.5487804878048781
