f1 = 0.12362637362637363
loss = 1.0183153986930846
precision = 0.8333333333333334
recall = 0.06676557863501484
