f1 = 0.6421052631578947
loss = 0.3748036175966263
precision = 0.6666666666666666
recall = 0.6192893401015228
