f1 = 0.018469656992084433
loss = 1.4133462458848953
precision = 0.01627906976744186
recall = 0.021341463414634148
