f1 = 0.8680161943319837
loss = 0.1564137391746044
precision = 0.897822445561139
recall = 0.8401253918495298
