f1 = 0.9150036954915003
loss = 0.10305746644735336
precision = 0.902332361516035
recall = 0.9280359820089955
