f1 = 0.6176470588235293
loss = 0.09411941096186638
precision = 0.6631578947368421
recall = 0.5779816513761468
