f1 = 0.6979655712050078
loss = 0.27759521901607515
precision = 0.6757575757575758
recall = 0.7216828478964401
