f1 = 0.6324786324786325
loss = 0.4202400743961334
precision = 0.7207792207792207
recall = 0.5634517766497462
