f1 = 0.7632978723404256
loss = 0.20953285247087478
precision = 0.7321428571428571
recall = 0.7972222222222223
