f1 = 0.7189542483660132
loss = 0.21297261565923692
precision = 0.6790123456790124
recall = 0.7638888888888888
