f1 = 0.8264591439688715
loss = 0.1935499757528305
precision = 0.7961019490254873
recall = 0.8592233009708737
