f1 = 0.6195652173913042
loss = 0.45191816985607147
precision = 0.6666666666666666
recall = 0.5786802030456852
