f1 = 0.7592592592592593
loss = 0.20608467161655425
precision = 0.7247474747474747
recall = 0.7972222222222223
