f1 = 0.31794871794871793
loss = 0.6586191281676292
precision = 0.6078431372549019
recall = 0.2152777777777778
