f1 = 0.9095435684647302
loss = 0.1078087866306305
precision = 0.9057851239669421
recall = 0.9133333333333333
