f1 = 0.7562753036437248
loss = 0.21844285875558853
precision = 0.7354330708661417
recall = 0.7783333333333333
