f1 = 0.5799457994579945
loss = 0.46544764935970306
precision = 0.622093023255814
recall = 0.5431472081218274
