f1 = 0.632768361581921
loss = 0.15218740850687026
precision = 0.8235294117647058
recall = 0.5137614678899083
