f1 = 0.7208931419457736
loss = 0.22647372633218765
precision = 0.6666666666666666
recall = 0.7847222222222222
