f1 = 0.9096209912536443
loss = 0.10341517627239227
precision = 0.8851063829787233
recall = 0.9355322338830585
