f1 = 0.5846456692913385
loss = 0.39549477100372316
precision = 0.7462311557788944
recall = 0.48058252427184467
