f1 = 0.358695652173913
loss = 0.49571384489536285
precision = 0.38596491228070173
recall = 0.3350253807106599
