f1 = 0.030490158240061755
loss = 1.5663474646269107
precision = 0.4876543209876543
recall = 0.015737051792828687
