f1 = 0.7908232118758435
loss = 0.18761212527751922
precision = 0.7690288713910761
recall = 0.8138888888888889
