f1 = 0.5644859813084111
loss = 0.4058373346924782
precision = 0.611336032388664
recall = 0.5243055555555556
