f1 = 0.6794478527607363
loss = 0.2248109132051468
precision = 0.6651651651651652
recall = 0.6943573667711599
