f1 = 0.17969661610268378
loss = 0.3688759684562683
precision = 0.3515981735159817
recall = 0.1206896551724138
