f1 = 0.6483870967741936
loss = 0.33160971477627754
precision = 0.6054216867469879
recall = 0.6979166666666666
