f1 = 0.30946882217090066
loss = 0.935234822332859
precision = 0.638095238095238
recall = 0.20426829268292682
