f1 = 0.5068870523415978
loss = 0.522922620177269
precision = 0.5542168674698795
recall = 0.467005076142132
