f1 = 0.7911741528762806
loss = 0.22495598644018172
precision = 0.7711213517665131
recall = 0.8122977346278317
