f1 = 0.6896551724137931
loss = 0.13112967312335969
precision = 0.6280788177339901
recall = 0.7646176911544228
