f1 = 0.7067879636109168
loss = 0.24273494482040406
precision = 0.6688741721854304
recall = 0.7492581602373887
