f1 = 0.7435697583787997
loss = 0.2885888278484344
precision = 0.7172932330827068
recall = 0.7718446601941747
