f1 = 0.7759562841530053
loss = 0.21295428574085234
precision = 0.7634408602150538
recall = 0.7888888888888889
