f1 = 0.5779036827195468
loss = 0.4792415499687195
precision = 0.6538461538461539
recall = 0.5177664974619289
