f1 = 0.6886792452830189
loss = 0.09593026675283908
precision = 0.7087378640776699
recall = 0.6697247706422018
