f1 = 0.021604938271604937
loss = 0.4332318127155304
precision = 0.7
recall = 0.0109717868338558
