f1 = 0.2743947175348496
loss = 0.44108585715293885
precision = 0.25100671140939596
recall = 0.30258899676375406
