f1 = 0.2618873445501097
loss = 0.46011378765106203
precision = 0.2389853137516689
recall = 0.2896440129449838
