f1 = 0.8704819277108433
loss = 0.11359357684850693
precision = 0.8376811594202899
recall = 0.9059561128526645
