f1 = 0.9410029498525074
loss = 0.07017321139574051
precision = 0.9259796806966618
recall = 0.9565217391304348
