f1 = 0.5658536585365854
loss = 0.33428796380758286
precision = 0.5321100917431193
recall = 0.6041666666666666
