f1 = 0.8082736674622115
loss = 0.2587796986103058
precision = 0.7949921752738655
recall = 0.8220064724919094
