f1 = 0.3462897526501767
loss = 0.8336849212646484
precision = 0.5697674418604651
recall = 0.24873096446700507
