f1 = 0.05738880918220947
loss = 1.1214447259902953
precision = 0.8695652173913043
recall = 0.02967359050445104
