f1 = 0.8018018018018018
loss = 0.20202592462301255
precision = 0.8725490196078431
recall = 0.7416666666666667
