f1 = 0.0007957032027053909
loss = 1.075501385272718
precision = 0.2857142857142857
recall = 0.00039840637450199205
