f1 = 0.31529766390354175
loss = 0.8381919381665248
precision = 0.6476780185758514
recall = 0.20836653386454182
