f1 = 0.5385694249649369
loss = 0.38898319751024246
precision = 0.4987012987012987
recall = 0.5853658536585366
