f1 = 0.4548685145700071
loss = 0.2373330295085907
precision = 0.43656207366984995
recall = 0.47477744807121663
