f1 = 0.8416735028712059
loss = 0.1749588742852211
precision = 0.8287560581583199
recall = 0.855
