f1 = 0.5846372688477951
loss = 0.2299417197704315
precision = 0.5561569688768606
recall = 0.616191904047976
