f1 = 0.710691823899371
loss = 0.2509532533586025
precision = 0.6494252873563219
recall = 0.7847222222222222
