f1 = 0.7878315132605305
loss = 0.2427469313144684
precision = 0.7605421686746988
recall = 0.8171521035598706
