f1 = 0.8589473684210526
loss = 0.16690558791160584
precision = 0.8149134487350199
recall = 0.9080118694362018
