f1 = 0.03785488958990536
loss = 1.1951194047927856
precision = 0.03592814371257485
recall = 0.04
