f1 = 0.5983696849526328
loss = 0.2686368080915189
precision = 0.669295219319862
recall = 0.5410358565737052
