f1 = 0.02498048399687744
loss = 1.1983782529830933
precision = 0.023494860499265784
recall = 0.02666666666666667
