f1 = 0.7259475218658892
loss = 0.3192933648824692
precision = 0.6955307262569832
recall = 0.7591463414634146
