f1 = 0.4755244755244756
loss = 0.4993219286203384
precision = 0.6415094339622641
recall = 0.37777777777777777
