f1 = 0.8879432624113476
loss = 0.18613955974578858
precision = 0.8505434782608695
recall = 0.9287833827893175
