f1 = 0.04072043852779954
loss = 1.0580074667930603
precision = 0.03840472673559823
recall = 0.043333333333333335
