f1 = 0.49672250546249097
loss = 0.397456294298172
precision = 0.45165562913907287
recall = 0.551779935275081
