f1 = 0.4440465532676813
loss = 0.2777602255344391
precision = 0.5177453027139874
recall = 0.3887147335423197
