f1 = 0.8839869281045751
loss = 0.11195124164223672
precision = 0.8669871794871795
recall = 0.9016666666666666
