f1 = 0.832409972299169
loss = 0.23978867530822753
precision = 0.7805194805194805
recall = 0.8916913946587537
