f1 = 0.09140518417462483
loss = 0.7533906459808349
precision = 0.0845959595959596
recall = 0.09940652818991098
