f1 = 0.0546448087431694
loss = 1.084264087677002
precision = 0.0513950073421439
recall = 0.058333333333333334
