f1 = 0.7737617135207496
loss = 0.20810071378946304
precision = 0.7467700258397932
recall = 0.8027777777777778
