f1 = 0.746031746031746
loss = 0.3129564583301544
precision = 0.8528225806451613
recall = 0.6630094043887147
