f1 = 0.6407766990291263
loss = 0.3076662689447403
precision = 0.7674418604651163
recall = 0.55
