f1 = 0.8605135322692575
loss = 0.2245665729045868
precision = 0.8083441981747066
recall = 0.9198813056379822
