f1 = 0.17991004497751129
loss = 0.8967126846313477
precision = 0.1724137931034483
recall = 0.18808777429467086
