f1 = 0.10889627168696937
loss = 1.4339012860083113
precision = 0.7412060301507538
recall = 0.05876494023904383
