f1 = 0.696319018404908
loss = 0.24191423505544662
precision = 0.6236263736263736
recall = 0.7881944444444444
