f1 = 0.8421052631578948
loss = 0.1951297402381897
precision = 0.8561872909698997
recall = 0.8284789644012945
