f1 = 0.9218440838939455
loss = 0.07698338120427056
precision = 0.9156839622641509
recall = 0.9280876494023904
