f1 = 0.5636363636363636
loss = 0.32750099152326584
precision = 0.5
recall = 0.6458333333333334
