f1 = 0.796812749003984
loss = 0.2790531814098358
precision = 0.7849293563579278
recall = 0.8090614886731392
