f1 = 0.062350119904076746
loss = 0.6868567764759064
precision = 0.05909090909090909
recall = 0.06598984771573604
