f1 = 0.23066104078762303
loss = 0.501859438419342
precision = 0.20398009950248755
recall = 0.26537216828478966
