f1 = 0.6126418152350082
loss = 0.2861194282770157
precision = 0.5962145110410094
recall = 0.63
