f1 = 0.7281553398058253
loss = 0.2720261663198471
precision = 0.6818181818181818
recall = 0.78125
