f1 = 0.39391845196959224
loss = 0.23700161874294282
precision = 0.36538461538461536
recall = 0.4272863568215892
