f1 = 0.43646408839779
loss = 0.3698636949062347
precision = 0.4082687338501292
recall = 0.4688427299703264
