f1 = 0.8179871520342612
loss = 0.1649495209316157
precision = 0.799771602588504
recall = 0.8370517928286852
