f1 = 0.15789473684210523
loss = 0.2012551859021187
precision = 0.15126050420168066
recall = 0.1651376146788991
