f1 = 0.7621483375959078
loss = 0.2448666825890541
precision = 0.8054054054054054
recall = 0.7233009708737864
