f1 = 0.7708333333333334
loss = 0.1557568147778511
precision = 0.7337110481586402
recall = 0.8119122257053292
