f1 = 0.7612903225806451
loss = 0.2566180616617203
precision = 0.8515463917525773
recall = 0.6883333333333334
