f1 = 0.3844660194174757
loss = 0.2455987185239792
precision = 0.3409873708381171
recall = 0.4406528189910979
