f1 = 0.034912718204488775
loss = 0.7016908824443817
precision = 0.03431372549019608
recall = 0.03553299492385787
