f1 = 0.09026798307475319
loss = 1.0962308049201965
precision = 0.9142857142857143
recall = 0.04747774480712166
