f1 = 0.3176178660049628
loss = 0.6377647221088409
precision = 0.3106796116504854
recall = 0.3248730964467005
