f1 = 0.9192364170337738
loss = 0.11897063702344894
precision = 0.9007194244604316
recall = 0.9385307346326837
