f1 = 0.8883994126284875
loss = 0.1256563298404217
precision = 0.8705035971223022
recall = 0.9070464767616192
