f1 = 0.8458333333333334
loss = 0.1253669463098049
precision = 0.7950391644908616
recall = 0.9035608308605341
