f1 = 0.8145506419400855
loss = 0.20159116089344026
precision = 0.7843406593406593
recall = 0.8471810089020771
