f1 = 0.7657657657657656
loss = 0.11678687632083892
precision = 0.7522123893805309
recall = 0.7798165137614679
