f1 = 0.6109563602599815
loss = 0.36652198135852815
precision = 0.8163771712158809
recall = 0.48813056379821956
