f1 = 0.7466216216216215
loss = 0.2294398546218872
precision = 0.8549323017408124
recall = 0.6626686656671664
