f1 = 0.06349206349206349
loss = 1.1335729837417603
precision = 0.6666666666666666
recall = 0.03333333333333333
