f1 = 0.7214611872146118
loss = 0.0997943937778473
precision = 0.7181818181818181
recall = 0.7247706422018348
