f1 = 0.7321428571428571
loss = 0.1224079743027687
precision = 0.7130434782608696
recall = 0.7522935779816514
