f1 = 0.12804878048780488
loss = 1.328947901725769
precision = 0.75
recall = 0.07
