f1 = 0.3633916554508749
loss = 0.4828461930155754
precision = 0.3253012048192771
recall = 0.4115853658536585
