f1 = 0.9085457271364318
loss = 0.09536544680595398
precision = 0.9085457271364318
recall = 0.9085457271364318
