f1 = 0.6820365033621518
loss = 0.32121044397354126
precision = 0.8049886621315193
recall = 0.5916666666666667
