f1 = 0.9281524926686218
loss = 0.08097896426916122
precision = 0.9081779053084649
recall = 0.9490254872563718
