f1 = 0.18125
loss = 0.7331997454166412
precision = 0.23577235772357724
recall = 0.14720812182741116
