f1 = 0.03170227429359063
loss = 1.047817063331604
precision = 0.029601029601029602
recall = 0.03412462908011869
