f1 = 0.7248908296943232
loss = 0.11032631769776344
precision = 0.6916666666666667
recall = 0.7614678899082569
