f1 = 0.6628895184135977
loss = 0.30739961564540863
precision = 0.6190476190476191
recall = 0.7134146341463414
