f1 = 0.027989821882951654
loss = 0.8343405961990357
precision = 0.025821596244131457
recall = 0.030555555555555555
