f1 = 0.7274220032840722
loss = 0.31975978910923003
precision = 0.8143382352941176
recall = 0.6572700296735905
