f1 = 0.628630705394191
loss = 0.42421591877937315
precision = 0.8324175824175825
recall = 0.505
