f1 = 0.8330995792426368
loss = 0.24639084786176682
precision = 0.7898936170212766
recall = 0.8813056379821959
