f1 = 0.05
loss = 0.26783073991537093
precision = 0.2727272727272727
recall = 0.027522935779816515
