f1 = 0.8143053645116918
loss = 0.19298378229141236
precision = 0.8065395095367848
recall = 0.8222222222222222
