f1 = 0.7403767403767403
loss = 0.19210357069969178
precision = 0.7278582930756844
recall = 0.7533333333333333
