f1 = 0.8595679012345679
loss = 0.17103652954101561
precision = 0.8954983922829582
recall = 0.8264094955489614
