f1 = 0.931227312861768
loss = 0.07699710232212537
precision = 0.9174560216508796
recall = 0.9454183266932271
