f1 = 0.6361185983827493
loss = 0.37738846242427826
precision = 0.6781609195402298
recall = 0.5989847715736041
