f1 = 0.5753424657534247
loss = 0.5503156930208206
precision = 0.625
recall = 0.5329949238578681
