f1 = 0.4105960264900662
loss = 0.15349630936980246
precision = 0.7380952380952381
recall = 0.28440366972477066
