f1 = 0.5425219941348974
loss = 0.3866482712328434
precision = 0.5225988700564972
recall = 0.5640243902439024
