f1 = 0.7497865072587532
loss = 0.25639766454696655
precision = 0.871031746031746
recall = 0.6581709145427287
