f1 = 0.8825214899713467
loss = 0.1806488201022148
precision = 0.853185595567867
recall = 0.913946587537092
