f1 = 0.22807017543859648
loss = 0.3371961176395416
precision = 0.20776255707762556
recall = 0.25277777777777777
