f1 = 0.5780525502318393
loss = 0.24631670862436295
precision = 0.520891364902507
recall = 0.6493055555555556
