f1 = 0.9086924762600438
loss = 0.10878921076655387
precision = 0.886039886039886
recall = 0.9325337331334332
