f1 = 0.862857142857143
loss = 0.1854274496436119
precision = 0.8319559228650137
recall = 0.8961424332344213
