f1 = 0.8562248995983935
loss = 0.14736438244581224
precision = 0.8780889621087314
recall = 0.835423197492163
