f1 = 0.4338461538461539
loss = 0.2905619405210018
precision = 0.38950276243093923
recall = 0.4895833333333333
