f1 = 0.8701923076923077
loss = 0.1945740610361099
precision = 0.861904761904762
recall = 0.8786407766990292
