f1 = 0.19302949061662195
loss = 0.6324097514152527
precision = 0.20454545454545456
recall = 0.18274111675126903
