f1 = 0.5015673981191222
loss = 0.30482902377843857
precision = 0.45714285714285713
recall = 0.5555555555555556
