f1 = 0.6790697674418604
loss = 0.0974463939666748
precision = 0.6886792452830188
recall = 0.6697247706422018
