f1 = 0.6887608069164264
loss = 0.3567137010395527
precision = 0.6530054644808743
recall = 0.7286585365853658
