f1 = 0.8135135135135135
loss = 0.16644856780767442
precision = 0.7921052631578948
recall = 0.8361111111111111
