f1 = 0.1733149931224209
loss = 1.2103780031204223
precision = 0.5779816513761468
recall = 0.10194174757281553
