f1 = 0.06713445856248815
loss = 1.4691469832962634
precision = 0.6996047430830039
recall = 0.035258964143426295
