f1 = 0.5124508519003932
loss = 0.23646751344203948
precision = 0.45892018779342725
recall = 0.5801186943620178
