f1 = 0.6256323777403034
loss = 0.3393373221158981
precision = 0.724609375
recall = 0.5504451038575667
