f1 = 0.0544959128065395
loss = 0.5756548494100571
precision = 0.2564102564102564
recall = 0.03048780487804878
