f1 = 0.14035087719298248
loss = 0.7019268274307251
precision = 0.13861386138613863
recall = 0.14213197969543148
