f1 = 0.0347394540942928
loss = 0.9283684015274047
precision = 0.03139013452914798
recall = 0.03888888888888889
