f1 = 0.07079646017699115
loss = 0.3132563054561615
precision = 1.0
recall = 0.03669724770642202
