f1 = 0.7152317880794701
loss = 0.2608642131090164
precision = 0.6835443037974683
recall = 0.75
