f1 = 0.5158371040723982
loss = 0.10672443062067032
precision = 0.5089285714285714
recall = 0.5229357798165137
