f1 = 0.4610778443113772
loss = 0.5706062018871307
precision = 0.5620437956204379
recall = 0.39086294416243655
