f1 = 0.9334353481254781
loss = 0.06354136168956756
precision = 0.9118086696562033
recall = 0.9561128526645768
