f1 = 0.5434782608695652
loss = 0.5151032507419586
precision = 0.5847953216374269
recall = 0.5076142131979695
