f1 = 0.6367239101717305
loss = 0.2688826620578766
precision = 0.6070528967254408
recall = 0.6694444444444444
