f1 = 0.15536374845869294
loss = 0.4886507511138916
precision = 0.13968957871396895
recall = 0.175
