f1 = 0.8387096774193549
loss = 0.18966856449842454
precision = 0.8694267515923567
recall = 0.8100890207715133
