f1 = 0.9274691358024691
loss = 0.07424869313836098
precision = 0.9133738601823708
recall = 0.9420062695924765
