f1 = 0.6983676366217175
loss = 0.26655604392290116
precision = 0.6693877551020408
recall = 0.7299703264094956
