f1 = 0.2512820512820513
loss = 0.5190385460853577
precision = 0.5444444444444444
recall = 0.16333333333333333
