f1 = 0.9062253743104807
loss = 0.09830350801348686
precision = 0.9112519809825673
recall = 0.9012539184952978
