f1 = 0.845360824742268
loss = 0.18195010647177695
precision = 0.8289269051321928
recall = 0.8624595469255664
