f1 = 0.722495894909688
loss = 0.2817826807498932
precision = 0.8088235294117647
recall = 0.6528189910979229
