f1 = 0.9242199108469539
loss = 0.08898677304387093
precision = 0.9160530191458026
recall = 0.9325337331334332
