f1 = 0.7880434782608696
loss = 0.2070025086402893
precision = 0.7712765957446809
recall = 0.8055555555555556
