f1 = 0.9264705882352942
loss = 0.0883051648736
precision = 0.9090909090909091
recall = 0.9445277361319341
