f1 = 0.5445026178010471
loss = 0.39863400161266327
precision = 0.7323943661971831
recall = 0.43333333333333335
