f1 = 0.8821170809943863
loss = 0.16832754537463188
precision = 0.8744038155802861
recall = 0.889967637540453
