f1 = 0.4163393558523174
loss = 0.39403616189956664
precision = 0.3937592867756315
recall = 0.44166666666666665
