f1 = 0.15777610818933133
loss = 0.8043719410896302
precision = 0.15151515151515152
recall = 0.164576802507837
