f1 = 0.32825322391559203
loss = 0.6752785205841064
precision = 0.7526881720430108
recall = 0.2098950524737631
