f1 = 0.6620689655172414
loss = 0.2320190966129303
precision = 0.62882096069869
recall = 0.6990291262135923
