f1 = 0.0222525863751708
loss = 1.8170920961043413
precision = 0.5533980582524272
recall = 0.011354581673306772
