f1 = 0.8117553613979348
loss = 0.25936363339424134
precision = 0.797191887675507
recall = 0.8268608414239482
