f1 = 0.2825278810408922
loss = 0.8242885768413544
precision = 0.5277777777777778
recall = 0.19289340101522842
