f1 = 0.7825396825396825
loss = 0.25358050018548967
precision = 0.7679127725856698
recall = 0.7977346278317152
