f1 = 0.7745358090185677
loss = 0.20592684894800187
precision = 0.7411167512690355
recall = 0.8111111111111111
