f1 = 0.755072463768116
loss = 0.14094298481941223
precision = 0.7379603399433428
recall = 0.7729970326409495
