f1 = 0.7115987460815048
loss = 0.25872092321515083
precision = 0.6485714285714286
recall = 0.7881944444444444
