f1 = 0.22955523672883787
loss = 0.5952301919460297
precision = 0.19559902200489
recall = 0.2777777777777778
