f1 = 0.3821138211382114
loss = 0.5269637048244477
precision = 0.6064516129032258
recall = 0.2789317507418398
