f1 = 0.1440329218106996
loss = 0.3743166446685791
precision = 0.2777777777777778
recall = 0.09722222222222222
