f1 = 0.615
loss = 0.5062921047210693
precision = 0.6059113300492611
recall = 0.6243654822335025
