f1 = 0.0058997050147492625
loss = 1.4334843158721924
precision = 0.5
recall = 0.002967359050445104
