f1 = 0.14035087719298245
loss = 0.9811435341835022
precision = 0.5161290322580645
recall = 0.08121827411167512
