f1 = 0.8183745583038871
loss = 0.18914784193038942
precision = 0.7813765182186235
recall = 0.8590504451038575
