f1 = 0.3646922183507549
loss = 0.7290834605693817
precision = 0.839572192513369
recall = 0.23293768545994065
