f1 = 0.7387387387387386
loss = 0.08493109717965126
precision = 0.7256637168141593
recall = 0.7522935779816514
