f1 = 0.8792672772689426
loss = 0.13027141466736794
precision = 0.8785357737104825
recall = 0.88
