f1 = 0.8914285714285715
loss = 0.1776385247707367
precision = 0.859504132231405
recall = 0.9258160237388724
