f1 = 0.3957219251336898
loss = 0.24347167909145356
precision = 0.35705669481302776
recall = 0.44377811094452774
