f1 = 0.7603305785123967
loss = 0.2297058030962944
precision = 0.7540983606557377
recall = 0.7666666666666667
