f1 = 0.7733952049497294
loss = 0.1331720743328333
precision = 0.7633587786259542
recall = 0.7836990595611285
