f1 = 0.3897685749086479
loss = 0.6333965301513672
precision = 0.7239819004524887
recall = 0.26666666666666666
