f1 = 0.8807994289793005
loss = 0.1567499339580536
precision = 0.8486932599724897
recall = 0.9154302670623146
