f1 = 0.7988338192419825
loss = 0.2559524141252041
precision = 0.7653631284916201
recall = 0.8353658536585366
