f1 = 0.20233463035019458
loss = 0.8497810065746307
precision = 0.43333333333333335
recall = 0.1319796954314721
