f1 = 0.30691642651296824
loss = 0.4391038239002228
precision = 0.2703045685279188
recall = 0.355
