f1 = 0.8462064251537937
loss = 0.1461111357271233
precision = 0.8299176402987933
recall = 0.8631474103585658
