f1 = 0.7264573991031391
loss = 0.07770357951521874
precision = 0.7105263157894737
recall = 0.7431192660550459
