f1 = 0.8795438346400569
loss = 0.14389461912214757
precision = 0.8463648834019204
recall = 0.9154302670623146
