f1 = 0.6601248884924175
loss = 0.3244841068983078
precision = 0.8277404921700223
recall = 0.5489614243323442
