f1 = 0.640746500777605
loss = 0.30836367011070254
precision = 0.673202614379085
recall = 0.6112759643916914
