f1 = 0.9026819923371648
loss = 0.10397527515888214
precision = 0.8830584707646177
recall = 0.9231974921630094
