f1 = 0.7639257294429709
loss = 0.19258203804492952
precision = 0.7309644670050761
recall = 0.8
