f1 = 0.01514004542013626
loss = 1.1220391631126403
precision = 0.01422475106685633
recall = 0.016181229773462782
