f1 = 0.1758530183727034
loss = 0.8602048754692078
precision = 0.7613636363636364
recall = 0.09940652818991098
