f1 = 0.5691275167785236
loss = 0.22572479546070098
precision = 0.5506493506493506
recall = 0.5888888888888889
