f1 = 0.8855507868383404
loss = 0.164301235973835
precision = 0.8549723756906077
recall = 0.9183976261127597
