f1 = 0.5593667546174143
loss = 0.20848522931337357
precision = 0.5326633165829145
recall = 0.5888888888888889
