f1 = 0.7887323943661972
loss = 0.2577873855829239
precision = 0.7506702412868632
recall = 0.8308605341246291
