f1 = 0.46913580246913583
loss = 0.4185265004634857
precision = 0.642512077294686
recall = 0.36944444444444446
