f1 = 0.7698412698412699
loss = 0.20134024918079377
precision = 0.7348484848484849
recall = 0.8083333333333333
