f1 = 0.006307904592943033
loss = 1.639421284198761
precision = 0.3018867924528302
recall = 0.0031872509960159364
