f1 = 0.540983606557377
loss = 0.5535217076539993
precision = 0.5857988165680473
recall = 0.5025380710659898
