f1 = 0.7231638418079096
loss = 0.24797539860010148
precision = 0.6900269541778976
recall = 0.7596439169139466
