f1 = 0.9341142020497805
loss = 0.07709496095776558
precision = 0.9127324749642346
recall = 0.9565217391304348
