f1 = 0.833605220228385
loss = 0.1921265423297882
precision = 0.8690476190476191
recall = 0.8009404388714734
