f1 = 0.12048192771084337
loss = 0.918507206439972
precision = 0.6164383561643836
recall = 0.06676557863501484
