f1 = 0.2127659574468085
loss = 0.9700765907764435
precision = 0.6578947368421053
recall = 0.12690355329949238
