f1 = 0.37192982456140355
loss = 0.4423584282398224
precision = 0.3496042216358839
recall = 0.39730134932533734
