f1 = 0.2050520059435364
loss = 0.6543505012989044
precision = 0.19491525423728814
recall = 0.21630094043887146
