f1 = 0.9109062980030721
loss = 0.0908402681350708
precision = 0.8930722891566265
recall = 0.9294670846394985
