f1 = 0.10014947683109118
loss = 0.8404014229774475
precision = 0.09571428571428571
recall = 0.10501567398119123
