f1 = 0.3258928571428572
loss = 0.37695462703704835
precision = 0.3101983002832861
recall = 0.3432601880877743
