f1 = 0.66875
loss = 0.2349892482161522
precision = 0.6079545454545454
recall = 0.7430555555555556
