f1 = 0.6226912928759895
loss = 0.45069238543510437
precision = 0.6483516483516484
recall = 0.5989847715736041
