f1 = 0.2569444444444444
loss = 0.5093005657196045
precision = 0.24151436031331594
recall = 0.2744807121661721
