f1 = 0.5801217038539553
loss = 0.22454968094825745
precision = 0.5329192546583851
recall = 0.6364985163204748
