f1 = 0.04907975460122699
loss = 0.725029468536377
precision = 0.04395604395604396
recall = 0.05555555555555555
