f1 = 0.6645161290322581
loss = 0.3071058578789234
precision = 0.6204819277108434
recall = 0.7152777777777778
