f1 = 0.42985074626865677
loss = 0.29866164177656174
precision = 0.3769633507853403
recall = 0.5
