f1 = 0.43437862950058065
loss = 0.6453566551208496
precision = 0.8385650224215246
recall = 0.29310344827586204
