f1 = 0.8803986710963455
loss = 0.14612959362566472
precision = 0.8774834437086093
recall = 0.8833333333333333
