f1 = 0.6926406926406926
loss = 0.299552746117115
precision = 0.6575342465753424
recall = 0.7317073170731707
