f1 = 0.4123222748815166
loss = 0.6506229937076569
precision = 0.8446601941747572
recall = 0.2727272727272727
