f1 = 0.6512820512820512
loss = 0.3677683621644974
precision = 0.6580310880829016
recall = 0.6446700507614214
