f1 = 0.6758409785932721
loss = 0.30427189767360685
precision = 0.7517006802721088
recall = 0.6138888888888889
