f1 = 0.899390243902439
loss = 0.10515404567122459
precision = 0.9147286821705426
recall = 0.8845577211394303
