f1 = 0.049689440993788817
loss = 0.5480082929134369
precision = 0.23529411764705882
recall = 0.027777777777777776
