f1 = 0.479876160990712
loss = 0.3924502432346344
precision = 0.4329608938547486
recall = 0.5381944444444444
