f1 = 0.9226234340456891
loss = 0.09131304398179055
precision = 0.9072463768115943
recall = 0.9385307346326837
