f1 = 0.8811881188118812
loss = 0.13792873844504355
precision = 0.8725490196078431
recall = 0.89
