f1 = 0.7332214765100672
loss = 0.26315643936395644
precision = 0.8436293436293436
recall = 0.6483679525222552
