f1 = 0.8867786705624543
loss = 0.14223811998963357
precision = 0.8646723646723646
recall = 0.9100449775112444
