f1 = 0.8338068181818182
loss = 0.19956340193748473
precision = 0.7997275204359673
recall = 0.870919881305638
