f1 = 0.03548795944233206
loss = 0.8067338705062866
precision = 0.03263403263403263
recall = 0.03888888888888889
