f1 = 0.4770408163265306
loss = 0.3597939759492874
precision = 0.4100877192982456
recall = 0.5701219512195121
