f1 = 0.9041322314049587
loss = 0.10166767649352551
precision = 0.8967213114754098
recall = 0.9116666666666666
