f1 = 0.7797147385103012
loss = 0.2119327373802662
precision = 0.717201166180758
recall = 0.8541666666666666
