f1 = 0.05454545454545455
loss = 0.7648549675941467
precision = 0.2608695652173913
recall = 0.030456852791878174
