f1 = 0.40538519072550483
loss = 0.3623939871788025
precision = 0.3876967095851216
recall = 0.42476489028213166
