f1 = 0.7029177718832892
loss = 0.22898929566144943
precision = 0.6725888324873096
recall = 0.7361111111111112
