f1 = 0.6789874551971326
loss = 0.31539058656084773
precision = 0.7755885363357216
recall = 0.6037848605577689
