f1 = 0.8773055332798717
loss = 0.17149418741464614
precision = 0.8696343402225755
recall = 0.8851132686084142
