f1 = 0.6972477064220183
loss = 0.2962584853172302
precision = 0.8407079646017699
recall = 0.5956112852664577
