f1 = 0.940550133096717
loss = 0.06407071662040692
precision = 0.9310950614874097
recall = 0.950199203187251
