f1 = 0.011142061281337046
loss = 1.2220015674829483
precision = 0.010256410256410256
recall = 0.012195121951219513
