f1 = 0.7069767441860465
loss = 0.0754716269671917
precision = 0.7169811320754716
recall = 0.6972477064220184
