f1 = 0.7614678899082569
loss = 0.0971431590616703
precision = 0.7614678899082569
recall = 0.7614678899082569
