f1 = 0.7511277473845858
loss = 0.1531553340747076
precision = 0.7247638451565105
recall = 0.7794820717131474
