f1 = 0.7648648648648648
loss = 0.22923980057239532
precision = 0.7447368421052631
recall = 0.7861111111111111
