f1 = 0.7299270072992701
loss = 0.2578614242374897
precision = 0.7002801120448179
recall = 0.7621951219512195
