f1 = 0.4138702460850111
loss = 0.5312427461147309
precision = 0.8409090909090909
recall = 0.2744807121661721
