f1 = 0.4623376623376624
loss = 0.3728974163532257
precision = 0.43414634146341463
recall = 0.49444444444444446
