f1 = 0.6569484936831875
loss = 0.3435512185096741
precision = 0.7878787878787878
recall = 0.5633333333333334
