f1 = 0.2912621359223301
loss = 0.5130923092365265
precision = 0.27906976744186046
recall = 0.30456852791878175
