f1 = 0.04347826086956521
loss = 0.9811070561408997
precision = 0.03932584269662921
recall = 0.04861111111111111
