f1 = 0.545581071677105
loss = 0.3220662146806717
precision = 0.5137614678899083
recall = 0.5816023738872403
