f1 = 0.0058997050147492625
loss = 1.2507017493247985
precision = 0.5
recall = 0.002967359050445104
