f1 = 0.26265389876880985
loss = 0.5446538478136063
precision = 0.23821339950372208
recall = 0.2926829268292683
