f1 = 0.6894360603653694
loss = 0.2809902623295784
precision = 0.6585735963581184
recall = 0.7233333333333334
