f1 = 0.2356902356902357
loss = 0.535933181643486
precision = 0.35
recall = 0.17766497461928935
