f1 = 0.7270114942528736
loss = 0.23496052920818328
precision = 0.7529761904761905
recall = 0.7027777777777777
