f1 = 0.7804878048780488
loss = 0.22297576814889908
precision = 0.7339449541284404
recall = 0.8333333333333334
