f1 = 0.3508064516129032
loss = 0.4956560432910919
precision = 0.6397058823529411
recall = 0.24166666666666667
