f1 = 0.1273792093704246
loss = 1.0209398865699768
precision = 0.11950549450549451
recall = 0.13636363636363635
