f1 = 0.025550035486160395
loss = 1.1061277627944945
precision = 0.02425876010781671
recall = 0.026986506746626688
