f1 = 0.04329004329004329
loss = 0.25670151859521867
precision = 0.040983606557377046
recall = 0.045871559633027525
