f1 = 0.9013878743608472
loss = 0.08036309033632279
precision = 0.8789173789173789
recall = 0.9250374812593704
