f1 = 0.2636655948553055
loss = 0.59187051653862
precision = 0.35964912280701755
recall = 0.20812182741116753
