f1 = 0.4603691639522258
loss = 0.5694413721561432
precision = 0.8346456692913385
recall = 0.31784107946026985
