f1 = 0.017937219730941704
loss = 0.7038140892982483
precision = 0.07692307692307693
recall = 0.01015228426395939
