f1 = 0.4526659412404788
loss = 0.5088522791862488
precision = 0.8253968253968254
recall = 0.3118440779610195
