f1 = 0.8807069219440353
loss = 0.07899087890982628
precision = 0.8654124457308249
recall = 0.896551724137931
