f1 = 0.9194729136163982
loss = 0.07907721847295761
precision = 0.8984263233190272
recall = 0.9415292353823088
