f1 = 0.049792531120331954
loss = 0.25361562222242356
precision = 0.045454545454545456
recall = 0.05504587155963303
