f1 = 0.5135623869801085
loss = 0.569074285030365
precision = 0.7357512953367875
recall = 0.39444444444444443
