f1 = 0.7240875912408758
loss = 0.3168732300400734
precision = 0.6946778711484594
recall = 0.7560975609756098
