f1 = 0.04392156862745099
loss = 1.0576340794563293
precision = 0.04148148148148148
recall = 0.04666666666666667
