f1 = 0.8634505314799673
loss = 0.1727008931338787
precision = 0.8475120385232745
recall = 0.88
