f1 = 0.03529411764705882
loss = 1.6105272620916367
precision = 0.5
recall = 0.018292682926829267
