f1 = 0.0031739734179726245
loss = 1.3567284450811499
precision = 0.38095238095238093
recall = 0.0015936254980079682
