f1 = 0.03603603603603604
loss = 0.162825508415699
precision = 1.0
recall = 0.01834862385321101
