f1 = 0.3913669064748201
loss = 0.41904920935630796
precision = 0.35233160621761656
recall = 0.4401294498381877
