f1 = 0.6772334293948127
loss = 0.3338356986641884
precision = 0.6420765027322405
recall = 0.7164634146341463
