f1 = 0.7971246006389776
loss = 0.25411963909864427
precision = 0.7870662460567823
recall = 0.8074433656957929
