f1 = 0.32938388625592413
loss = 0.7638094425201416
precision = 0.6150442477876106
recall = 0.22491909385113268
