f1 = 0.5394402035623409
loss = 0.4611239433288574
precision = 0.5408163265306123
recall = 0.5380710659898477
