f1 = 0.8843930635838151
loss = 0.18902008086442948
precision = 0.8619718309859155
recall = 0.9080118694362018
