f1 = 0.7318611987381702
loss = 0.27528465166687965
precision = 0.6705202312138728
recall = 0.8055555555555556
