f1 = 0.873758865248227
loss = 0.1875521346926689
precision = 0.8369565217391305
recall = 0.913946587537092
