f1 = 0.9123065585851141
loss = 0.10432259291410446
precision = 0.8971014492753623
recall = 0.9280359820089955
