f1 = 0.760059612518629
loss = 0.26471929624676704
precision = 0.7434402332361516
recall = 0.7774390243902439
