f1 = 0.005873715124816447
loss = 1.2217298030853272
precision = 0.2857142857142857
recall = 0.002967359050445104
