f1 = 0.8685714285714284
loss = 0.19132498502731324
precision = 0.837465564738292
recall = 0.9020771513353115
