f1 = 0.7694704049844238
loss = 0.25546730756759645
precision = 0.7417417417417418
recall = 0.7993527508090615
