f1 = 0.4383259911894273
loss = 0.5402399778366089
precision = 0.8504273504273504
recall = 0.2952522255192878
