f1 = 0.7333333333333334
loss = 0.11597977243363858
precision = 0.7623762376237624
recall = 0.7064220183486238
