f1 = 0.46074646074646075
loss = 0.38622819185256957
precision = 0.4292565947242206
recall = 0.49722222222222223
