f1 = 0.884886452623336
loss = 0.10723043903708458
precision = 0.8841940532081377
recall = 0.8855799373040752
