f1 = 0.045743329097839895
loss = 0.8703689813613892
precision = 0.04215456674473068
recall = 0.05
