f1 = 0.8977923139820114
loss = 0.10726581588387489
precision = 0.8812199036918138
recall = 0.915
