f1 = 0.6541143654114365
loss = 0.28042379915714266
precision = 0.6171052631578947
recall = 0.6958456973293768
