f1 = 0.3096045197740113
loss = 0.43005290627479553
precision = 0.5131086142322098
recall = 0.22168284789644013
