f1 = 0.8808446455505278
loss = 0.10607375651597976
precision = 0.8488372093023255
recall = 0.9153605015673981
