f1 = 0.042232277526395176
loss = 0.8536916613578797
precision = 0.03954802259887006
recall = 0.045307443365695796
