f1 = 0.7402234636871509
loss = 0.2556470394134521
precision = 0.7443820224719101
recall = 0.7361111111111112
