f1 = 0.04025157232704402
loss = 0.660136342048645
precision = 0.0367816091954023
recall = 0.044444444444444446
