f1 = 0.04975124378109452
loss = 0.8341163098812103
precision = 0.04878048780487805
recall = 0.050761421319796954
