f1 = 0.8606245239908608
loss = 0.11290227919816971
precision = 0.837037037037037
recall = 0.8855799373040752
