f1 = 0.07479323984178353
loss = 0.7187380530670577
precision = 0.3837638376383764
recall = 0.04143426294820717
