f1 = 0.5844504021447721
loss = 0.2791907399892807
precision = 0.7348314606741573
recall = 0.48516320474777447
