f1 = 0.6415373244641537
loss = 0.2903280884027481
precision = 0.5904761904761905
recall = 0.7022653721682848
