f1 = 0.8113695090439278
loss = 0.24386387914419175
precision = 0.9005736137667304
recall = 0.7382445141065831
