f1 = 0.25
loss = 0.1566696897149086
precision = 0.24347826086956523
recall = 0.25688073394495414
