f1 = 0.7926267281105991
loss = 0.10509207472205162
precision = 0.7962962962962963
recall = 0.7889908256880734
