f1 = 0.7609531129900076
loss = 0.1708870843052864
precision = 0.746606334841629
recall = 0.7758620689655172
