f1 = 0.8869286287089013
loss = 0.15640890300273896
precision = 0.8791732909379968
recall = 0.8948220064724919
