f1 = 0.8910569105691056
loss = 0.09783892370760441
precision = 0.8698412698412699
recall = 0.9133333333333333
