f1 = 0.7846763540290622
loss = 0.18822584301233292
precision = 0.7481108312342569
recall = 0.825
