f1 = 0.7287066246056783
loss = 0.267489705234766
precision = 0.6676300578034682
recall = 0.8020833333333334
