f1 = 0.7433862433862433
loss = 0.20318174213171006
precision = 0.7095959595959596
recall = 0.7805555555555556
