f1 = 0.27755102040816326
loss = 0.8745077550411224
precision = 0.7083333333333334
recall = 0.17258883248730963
