f1 = 0.8739130434782608
loss = 0.1855851948261261
precision = 0.8541076487252125
recall = 0.8946587537091988
