f1 = 0.667964946445959
loss = 0.31360059082508085
precision = 0.8817480719794345
recall = 0.5376175548589341
