f1 = 0.06770098730606489
loss = 1.1002218008041382
precision = 0.6857142857142857
recall = 0.03560830860534125
