f1 = 0.7079646017699116
loss = 0.11159374192357063
precision = 0.6837606837606838
recall = 0.7339449541284404
