f1 = 0.25000000000000006
loss = 0.6228457987308502
precision = 0.5684210526315789
recall = 0.16023738872403562
