f1 = 0.014184397163120569
loss = 0.9001261115074157
precision = 0.013458950201884253
recall = 0.014992503748125937
