f1 = 0.9330389992641648
loss = 0.07011395804584027
precision = 0.9161849710982659
recall = 0.9505247376311844
