f1 = 0.002962962962962963
loss = 1.2873132824897766
precision = 1.0
recall = 0.001483679525222552
