f1 = 0.7836734693877552
loss = 0.19941258132457734
precision = 0.768
recall = 0.8
