f1 = 0.13740458015267176
loss = 0.7690480053424835
precision = 0.27692307692307694
recall = 0.09137055837563451
