f1 = 0.7963246554364471
loss = 0.17328964918851852
precision = 0.7558139534883721
recall = 0.8414239482200647
