f1 = 0.8096590909090909
loss = 0.12288489341735839
precision = 0.7692307692307693
recall = 0.8545727136431784
