f1 = 0.6676970633693973
loss = 0.259987935423851
precision = 0.6016713091922006
recall = 0.75
