f1 = 0.4462809917355372
loss = 0.35495526492595675
precision = 0.4165497896213184
recall = 0.48058252427184467
