f1 = 0.608780487804878
loss = 0.4156731188297272
precision = 0.8715083798882681
recall = 0.46776611694152925
