f1 = 0.0681986656782802
loss = 0.7169349312782287
precision = 0.06292749658002736
recall = 0.0744336569579288
