f1 = 0.5051020408163265
loss = 0.4595714956521988
precision = 0.5076923076923077
recall = 0.5025380710659898
