f1 = 0.1792382374906647
loss = 0.7425726294517517
precision = 0.17118402282453637
recall = 0.18808777429467086
