f1 = 0.9251101321585903
loss = 0.08021078035235404
precision = 0.9064748201438849
recall = 0.9445277361319341
