f1 = 0.20527859237536655
loss = 0.8890509158372879
precision = 0.660377358490566
recall = 0.12152777777777778
