f1 = 0.9108794019279952
loss = 0.08811865231894213
precision = 0.8997279440342013
recall = 0.9223107569721115
