f1 = 0.5549738219895288
loss = 0.5255158990621567
precision = 0.572972972972973
recall = 0.5380710659898477
