f1 = 0.7667436489607391
loss = 0.18480148389935494
precision = 0.7534039334341907
recall = 0.780564263322884
