f1 = 0.41743119266055045
loss = 0.598329983651638
precision = 0.6148648648648649
recall = 0.3159722222222222
