f1 = 0.7990617670054729
loss = 0.20087509155273436
precision = 0.773071104387292
recall = 0.8268608414239482
