f1 = 0.005797101449275363
loss = 0.8682576537132263
precision = 0.125
recall = 0.002967359050445104
