f1 = 0.1039755351681957
loss = 0.5698063522577286
precision = 0.09289617486338798
recall = 0.11805555555555555
