f1 = 0.6513629842180775
loss = 0.3353279009461403
precision = 0.6151761517615176
recall = 0.6920731707317073
