f1 = 0.7499999999999999
loss = 0.08447715379297734
precision = 0.7570093457943925
recall = 0.7431192660550459
