f1 = 0.7704654895666131
loss = 0.2307504341006279
precision = 0.7164179104477612
recall = 0.8333333333333334
