f1 = 0.580931263858093
loss = 0.2600815773010254
precision = 0.5346938775510204
recall = 0.6359223300970874
