f1 = 0.594871794871795
loss = 0.43146297335624695
precision = 0.6010362694300518
recall = 0.5888324873096447
