f1 = 0.7120418848167539
loss = 0.20674272626638412
precision = 0.6732673267326733
recall = 0.7555555555555555
