f1 = 0.7657657657657656
loss = 0.10827226154506206
precision = 0.7522123893805309
recall = 0.7798165137614679
