f1 = 0.0967741935483871
loss = 0.2283710464835167
precision = 0.4
recall = 0.05504587155963303
