f1 = 0.9135254988913526
loss = 0.09432850498706102
precision = 0.9008746355685131
recall = 0.9265367316341829
