f1 = 0.6945517774343123
loss = 0.20970269066153788
precision = 0.6742310577644411
recall = 0.7161354581673307
