f1 = 0.899390243902439
loss = 0.07783772051334381
precision = 0.8753709198813057
recall = 0.9247648902821317
