f1 = 0.26291079812206575
loss = 0.4635380029678345
precision = 0.47863247863247865
recall = 0.18122977346278318
