f1 = 0.009856100926473486
loss = 1.5299802644580018
precision = 0.4716981132075472
recall = 0.0049800796812749
