f1 = 0.46967340590979784
loss = 0.36812347918748856
precision = 0.4253521126760563
recall = 0.5243055555555556
