f1 = 0.4709141274238227
loss = 0.5398732423782349
precision = 0.5182926829268293
recall = 0.43147208121827413
