f1 = 0.7216494845360825
loss = 0.298829335719347
precision = 0.698005698005698
recall = 0.7469512195121951
