f1 = 0.6962127316680097
loss = 0.17949409484863282
precision = 0.6739469578783152
recall = 0.72
