f1 = 0.07556675062972293
loss = 1.0846247673034668
precision = 0.075
recall = 0.07614213197969544
