f1 = 0.13185185185185186
loss = 1.0528090357780457
precision = 0.125
recall = 0.13949843260188088
