f1 = 0.42442748091603055
loss = 0.4574727341532707
precision = 0.3787465940054496
recall = 0.4826388888888889
