f1 = 0.04430379746835444
loss = 1.1874502062797547
precision = 0.04216867469879518
recall = 0.04666666666666667
