f1 = 0.6153846153846154
loss = 0.13348740190267563
precision = 0.7671232876712328
recall = 0.5137614678899083
