f1 = 0.7294117647058824
loss = 0.29956506192684174
precision = 0.8629550321199143
recall = 0.6316614420062696
