f1 = 0.25563909774436083
loss = 0.4339113473892212
precision = 0.2370088719898606
recall = 0.2774480712166172
