f1 = 0.03571428571428572
loss = 0.24219492971897125
precision = 0.034782608695652174
recall = 0.03669724770642202
