f1 = 0.49085037674919274
loss = 0.46692693829536436
precision = 0.8702290076335878
recall = 0.34182908545727136
