f1 = 0.7644683714670256
loss = 0.2103141188621521
precision = 0.741514360313316
recall = 0.7888888888888889
