f1 = 0.44816053511705684
loss = 0.6447260975837708
precision = 0.6568627450980392
recall = 0.3401015228426396
