f1 = 0.013440860215053765
loss = 1.181016519665718
precision = 0.01201923076923077
recall = 0.01524390243902439
