f1 = 0.1426470588235294
loss = 0.45016835927963256
precision = 0.13434903047091412
recall = 0.15203761755485892
