f1 = 0.8982630272952853
loss = 0.09753100126981736
precision = 0.8916256157635468
recall = 0.905
