f1 = 0.8748221906116642
loss = 0.18128409683704377
precision = 0.8401639344262295
recall = 0.9124629080118695
