f1 = 0.10270270270270271
loss = 1.320305421948433
precision = 0.4523809523809524
recall = 0.057926829268292686
