f1 = 0.7535211267605635
loss = 0.2122545838356018
precision = 0.7642857142857142
recall = 0.7430555555555556
