f1 = 0.864100549882168
loss = 0.16164272278547287
precision = 0.8396946564885496
recall = 0.889967637540453
