f1 = 0.013623978201634879
loss = 1.267715871334076
precision = 0.012315270935960592
recall = 0.01524390243902439
