f1 = 0.9114754098360656
loss = 0.10456528440117836
precision = 0.896774193548387
recall = 0.9266666666666666
