f1 = 0.6773333333333335
loss = 0.458902046084404
precision = 0.7134831460674157
recall = 0.6446700507614214
