f1 = 0.9075630252100839
loss = 0.09122868105769158
precision = 0.8852459016393442
recall = 0.9310344827586207
