f1 = 0.061615001913509375
loss = 1.6819145060053058
precision = 0.7815533980582524
recall = 0.032071713147410356
