f1 = 0.01859229747675963
loss = 1.4295051842927933
precision = 0.01647058823529412
recall = 0.021341463414634148
