f1 = 0.02023121387283237
loss = 0.8464311182498931
precision = 0.3888888888888889
recall = 0.010385756676557863
