f1 = 0.7103235747303545
loss = 0.23534318506717683
precision = 0.6779411764705883
recall = 0.7459546925566343
