f1 = 0.5515151515151515
loss = 0.43823280930519104
precision = 0.6842105263157895
recall = 0.4619289340101523
