f1 = 0.9029850746268657
loss = 0.1140675887465477
precision = 0.8989598811292719
recall = 0.9070464767616192
