f1 = 0.8845500848896435
loss = 0.1247472770512104
precision = 0.9013840830449827
recall = 0.8683333333333333
