f1 = 0.7482269503546098
loss = 0.2086997851729393
precision = 0.7644927536231884
recall = 0.7326388888888888
