f1 = 0.7986230636833046
loss = 0.2116555765271187
precision = 0.8529411764705882
recall = 0.7508090614886731
