f1 = 0.9150865622423744
loss = 0.0921881515532732
precision = 0.9053833605220228
recall = 0.925
