f1 = 0.10232558139534884
loss = 1.5451523661613464
precision = 0.6111111111111112
recall = 0.05583756345177665
