f1 = 0.8874364560639071
loss = 0.11727138832211495
precision = 0.8605633802816901
recall = 0.9160419790104948
