f1 = 0.18120805369127518
loss = 0.5687900930643082
precision = 0.26732673267326734
recall = 0.13705583756345177
