f1 = 0.7774193548387097
loss = 0.20807835459709167
precision = 0.7259036144578314
recall = 0.8368055555555556
