f1 = 0.8230769230769232
loss = 0.1179886892437935
precision = 0.8081570996978852
recall = 0.8385579937304075
