f1 = 0.6991150442477876
loss = 0.11176535487174988
precision = 0.6752136752136753
recall = 0.7247706422018348
