f1 = 0.3769309989701339
loss = 0.41362335681915285
precision = 0.6161616161616161
recall = 0.271513353115727
