f1 = 0.6818830242510698
loss = 0.33542919531464577
precision = 0.6407506702412868
recall = 0.7286585365853658
