f1 = 0.07901234567901234
loss = 0.9561322331428528
precision = 0.07692307692307693
recall = 0.08121827411167512
