f1 = 0.5721649484536082
loss = 0.21418767869472505
precision = 0.5336538461538461
recall = 0.6166666666666667
