f1 = 0.880281690140845
loss = 0.11904597505927086
precision = 0.8378016085790885
recall = 0.9272997032640949
