f1 = 0.5352323838080959
loss = 0.3719304472208023
precision = 0.49860335195530725
recall = 0.5776699029126213
