f1 = 0.426829268292683
loss = 0.1356634922325611
precision = 0.6363636363636364
recall = 0.3211009174311927
