f1 = 0.24615384615384617
loss = 0.22908571660518645
precision = 0.7619047619047619
recall = 0.14678899082568808
