f1 = 0.08583690987124463
loss = 0.7171156108379364
precision = 0.2777777777777778
recall = 0.050761421319796954
