f1 = 0.03044982698961938
loss = 0.7064911305904389
precision = 0.028534370946822308
recall = 0.032640949554896145
