f1 = 0.03647416413373861
loss = 0.9437808841466904
precision = 0.032432432432432434
recall = 0.041666666666666664
