f1 = 0.09523809523809523
loss = 1.306760311126709
precision = 0.7692307692307693
recall = 0.050761421319796954
