f1 = 0.6145833333333333
loss = 0.3795998692512512
precision = 0.6310160427807486
recall = 0.5989847715736041
