f1 = 0.07389162561576355
loss = 1.0404744446277618
precision = 0.07177033492822966
recall = 0.07614213197969544
