f1 = 0.7783783783783784
loss = 0.2175915628671646
precision = 0.7578947368421053
recall = 0.8
