f1 = 0.6545178435839029
loss = 0.3228805422782898
precision = 0.6165951359084406
recall = 0.6974110032362459
