f1 = 0.1090909090909091
loss = 1.1146401166915894
precision = 0.5217391304347826
recall = 0.06091370558375635
