f1 = 0.7849462365591398
loss = 0.23402198553085327
precision = 0.7604166666666666
recall = 0.8111111111111111
