f1 = 0.5714285714285714
loss = 0.12364041805267334
precision = 0.7123287671232876
recall = 0.47706422018348627
