f1 = 0.7765089722675368
loss = 0.22777904197573662
precision = 0.7323076923076923
recall = 0.8263888888888888
