f1 = 0.936764705882353
loss = 0.08857194557785988
precision = 0.9191919191919192
recall = 0.9550224887556222
