f1 = 0.03945371775417299
loss = 0.6466397196054459
precision = 0.03504043126684636
recall = 0.04513888888888889
