f1 = 0.748201438848921
loss = 0.3044668957591057
precision = 0.7084468664850136
recall = 0.7926829268292683
