f1 = 0.8809182209469154
loss = 0.15990914031863213
precision = 0.8527777777777777
recall = 0.9109792284866469
