f1 = 0.6516853932584269
loss = 0.11007832437753677
precision = 0.8405797101449275
recall = 0.5321100917431193
