f1 = 0.7104
loss = 0.25246110185980797
precision = 0.658753709198813
recall = 0.7708333333333334
