f1 = 0.12206572769953052
loss = 1.4330816864967346
precision = 0.8125
recall = 0.06598984771573604
