f1 = 0.6258401792382375
loss = 0.25051656663417815
precision = 0.5977175463623395
recall = 0.6567398119122257
