f1 = 0.5387131952017448
loss = 0.53206188082695
precision = 0.8853046594982079
recall = 0.3871473354231975
