f1 = 0.41686555290373906
loss = 0.3791923850774765
precision = 0.3987823439878234
recall = 0.43666666666666665
