f1 = 0.037735849056603765
loss = 0.7671754360198975
precision = 0.26666666666666666
recall = 0.02030456852791878
