f1 = 0.463448275862069
loss = 0.43256089836359024
precision = 0.42317380352644834
recall = 0.5121951219512195
