f1 = 0.5856031128404668
loss = 0.3661647856235504
precision = 0.8502824858757062
recall = 0.4465875370919881
