f1 = 0.09959623149394348
loss = 0.992708158493042
precision = 0.5362318840579711
recall = 0.05489614243323442
