f1 = 0.404099560761347
loss = 0.2833055317401886
precision = 0.3988439306358382
recall = 0.4094955489614243
