f1 = 0.762532981530343
loss = 0.20266119092702867
precision = 0.7261306532663316
recall = 0.8027777777777778
