f1 = 0.7704654895666131
loss = 0.22321326285600662
precision = 0.7164179104477612
recall = 0.8333333333333334
