f1 = 0.48714479025710417
loss = 0.2192860096693039
precision = 0.4438964241676942
recall = 0.5397301349325337
