f1 = 0.4916540212443095
loss = 0.32990574836730957
precision = 0.4366576819407008
recall = 0.5625
