f1 = 0.6804451510333863
loss = 0.2775169342756271
precision = 0.7955390334572491
recall = 0.5944444444444444
