f1 = 0.5133689839572193
loss = 0.4660944640636444
precision = 0.5423728813559322
recall = 0.4873096446700508
