f1 = 0.029556650246305417
loss = 0.9275398850440979
precision = 0.5
recall = 0.015228426395939087
