f1 = 0.20297029702970298
loss = 1.1225063651800156
precision = 0.5394736842105263
recall = 0.125
