f1 = 0.8795088257866461
loss = 0.09893021881580352
precision = 0.8616541353383459
recall = 0.8981191222570533
