f1 = 0.7970128988458928
loss = 0.191337426006794
precision = 0.7346683354192741
recall = 0.870919881305638
