f1 = 0.7756410256410258
loss = 0.2982603430747986
precision = 0.8432055749128919
recall = 0.7181008902077152
