f1 = 0.8823529411764706
loss = 0.1643647477030754
precision = 0.8541666666666666
recall = 0.9124629080118695
