f1 = 0.688427299703264
loss = 0.3263086974620819
precision = 0.8467153284671532
recall = 0.58
