f1 = 0.049586776859504134
loss = 0.3091959297657013
precision = 0.25
recall = 0.027522935779816515
