f1 = 0.6813186813186813
loss = 0.23056210950016975
precision = 0.6217765042979942
recall = 0.7534722222222222
