f1 = 0.046801872074883
loss = 1.014257800579071
precision = 0.04398826979472141
recall = 0.05
