f1 = 0.18604651162790697
loss = 1.210646815598011
precision = 0.6101694915254238
recall = 0.10975609756097561
