f1 = 0.902317880794702
loss = 0.10154470652341843
precision = 0.8963815789473685
recall = 0.9083333333333333
