f1 = 0.3888888888888889
loss = 0.6152402758598328
precision = 0.6153846153846154
recall = 0.28426395939086296
