f1 = 0.912718204488778
loss = 0.09488336481153965
precision = 0.9104477611940298
recall = 0.915
