f1 = 0.5956284153005464
loss = 0.4817871153354645
precision = 0.6449704142011834
recall = 0.5532994923857868
