f1 = 0.848575712143928
loss = 0.120204858481884
precision = 0.8132183908045977
recall = 0.8871473354231975
