f1 = 0.4042553191489361
loss = 0.8385678231716156
precision = 0.6705882352941176
recall = 0.2893401015228426
