f1 = 0.8898550724637682
loss = 0.12261803820729256
precision = 0.8611500701262272
recall = 0.9205397301349325
