f1 = 0.9122280570142535
loss = 0.08528614044189453
precision = 0.9129129129129129
recall = 0.9115442278860569
