f1 = 0.8681397006414825
loss = 0.1719161108136177
precision = 0.8353909465020576
recall = 0.9035608308605341
