f1 = 0.8180574555403558
loss = 0.17340177893638611
precision = 0.8059299191374663
recall = 0.8305555555555556
