f1 = 0.8423566878980892
loss = 0.18505689650774002
precision = 0.829153605015674
recall = 0.8559870550161812
