f1 = 0.1702127659574468
loss = 1.0843243300914764
precision = 0.5263157894736842
recall = 0.10152284263959391
