f1 = 0.8727015558698729
loss = 0.14083900451660156
precision = 0.8337837837837838
recall = 0.9154302670623146
