f1 = 0.532695374800638
loss = 0.26954522356390953
precision = 0.49262536873156343
recall = 0.5798611111111112
