f1 = 0.07473841554559044
loss = 1.1791990399360657
precision = 0.8064516129032258
recall = 0.03918495297805643
