f1 = 0.6826156299840511
loss = 0.3062679395079613
precision = 0.6312684365781711
recall = 0.7430555555555556
