f1 = 0.05261136712749616
loss = 1.5361228035945518
precision = 0.7287234042553191
recall = 0.027290836653386455
