f1 = 0.8291991495393339
loss = 0.1966702163219452
precision = 0.7937584803256446
recall = 0.8679525222551929
