f1 = 0.6417489421720733
loss = 0.17274226546287536
precision = 0.6058588548601864
recall = 0.6821589205397302
