f1 = 0.8697508896797154
loss = 0.17574413269758224
precision = 0.8358413132694938
recall = 0.9065281899109793
