f1 = 0.8614916286149162
loss = 0.10528329014778137
precision = 0.8372781065088757
recall = 0.8871473354231975
