f1 = 0.5159914712153518
loss = 0.4081611782312393
precision = 0.6685082872928176
recall = 0.4201388888888889
