f1 = 0.03626220362622037
loss = 0.998587143421173
precision = 0.034210526315789476
recall = 0.03857566765578635
