f1 = 0.6054054054054054
loss = 0.5069880783557892
precision = 0.6473988439306358
recall = 0.5685279187817259
