f1 = 0.7598944591029024
loss = 0.22682266533374787
precision = 0.7236180904522613
recall = 0.8
