f1 = 0.178598922247883
loss = 0.6255460560321808
precision = 0.1659513590844063
recall = 0.19333333333333333
