f1 = 0.7713125845737483
loss = 0.21300738006830217
precision = 0.7519788918205804
recall = 0.7916666666666666
