f1 = 0.3732970027247956
loss = 0.46152741461992264
precision = 0.3374384236453202
recall = 0.4176829268292683
