f1 = 0.8505747126436781
loss = 0.16897494308650493
precision = 0.8931034482758621
recall = 0.8119122257053292
