f1 = 0.5813060179257362
loss = 0.2099969983100891
precision = 0.5391923990498813
recall = 0.6305555555555555
