f1 = 0.5321100917431192
loss = 0.5775160789489746
precision = 0.6692307692307692
recall = 0.4416243654822335
