f1 = 0.4566596194503171
loss = 0.5221533894538879
precision = 0.7941176470588235
recall = 0.32047477744807124
