f1 = 0.8982558139534883
loss = 0.08648692145943641
precision = 0.8716502115655853
recall = 0.9265367316341829
