f1 = 0.6497560975609756
loss = 0.36624372005462646
precision = 0.7835294117647059
recall = 0.555
