f1 = 0.4028436018957346
loss = 0.5757428556680679
precision = 0.6343283582089553
recall = 0.2951388888888889
