f1 = 0.2673130193905817
loss = 0.314093217253685
precision = 0.2483912483912484
recall = 0.2893553223388306
