f1 = 0.5320665083135392
loss = 0.2911060243844986
precision = 0.46473029045643155
recall = 0.6222222222222222
