f1 = 0.1762917933130699
loss = 0.9376005977392197
precision = 0.7073170731707317
recall = 0.10069444444444445
