f1 = 0.8620974401321222
loss = 0.16870682686567307
precision = 0.8543371522094927
recall = 0.87
