f1 = 0.7417774667599719
loss = 0.1538006290793419
precision = 0.6700379266750948
recall = 0.8307210031347962
