f1 = 0.026200873362445417
loss = 1.29581937789917
precision = 0.6923076923076923
recall = 0.013353115727002967
