f1 = 0.7098865478119935
loss = 0.31738297641277313
precision = 0.6656534954407295
recall = 0.7604166666666666
