f1 = 0.7312775330396476
loss = 0.09843666031956673
precision = 0.7033898305084746
recall = 0.7614678899082569
