f1 = 0.8200692041522492
loss = 0.18262311816215515
precision = 0.8525179856115108
recall = 0.79
