f1 = 0.8936521022258862
loss = 0.09986373819410801
precision = 0.8841761827079935
recall = 0.9033333333333333
