f1 = 0.8718682891911239
loss = 0.1693565934896469
precision = 0.8423236514522822
recall = 0.9035608308605341
