f1 = 0.5110410094637223
loss = 0.3279803693294525
precision = 0.4682080924855491
recall = 0.5625
