f1 = 0.457044673539519
loss = 0.356147862970829
precision = 0.4523809523809524
recall = 0.4618055555555556
