f1 = 0.5264750378214826
loss = 0.3722735792398453
precision = 0.46648793565683644
recall = 0.6041666666666666
