f1 = 0.8999172870140613
loss = 0.0956928551197052
precision = 0.8932676518883416
recall = 0.9066666666666666
