f1 = 0.7642752562225477
loss = 0.28023412078619003
precision = 0.7352112676056338
recall = 0.7957317073170732
