f1 = 0.6432664756446991
loss = 0.20635536909103394
precision = 0.6159122085048011
recall = 0.6731634182908546
