f1 = 0.4182692307692308
loss = 0.6519873216748238
precision = 0.6796875
recall = 0.3020833333333333
