f1 = 0.2450592885375494
loss = 0.6104095876216888
precision = 0.21577726218097448
recall = 0.28353658536585363
