f1 = 0.04381846635367762
loss = 1.2044107794761658
precision = 0.04129793510324484
recall = 0.04666666666666667
