f1 = 0.5218617771509168
loss = 0.3832840956747532
precision = 0.48556430446194226
recall = 0.5640243902439024
