f1 = 0.7549251379038614
loss = 0.30659749209880827
precision = 0.7357910906298003
recall = 0.7750809061488673
