f1 = 0.828411811652035
loss = 0.2386315017938614
precision = 0.8173228346456692
recall = 0.8398058252427184
