f1 = 0.18897637795275593
loss = 0.2520177081227303
precision = 0.6666666666666666
recall = 0.11009174311926606
