f1 = 0.8639344262295081
loss = 0.1580539308488369
precision = 0.85
recall = 0.8783333333333333
