f1 = 0.7094890510948905
loss = 0.25531451106071473
precision = 0.7476923076923077
recall = 0.675
