f1 = 0.10894941634241247
loss = 0.9757213294506073
precision = 0.23333333333333334
recall = 0.07106598984771574
