f1 = 0.49431818181818177
loss = 0.5708391070365906
precision = 0.5612903225806452
recall = 0.4416243654822335
