f1 = 0.8248232521602513
loss = 0.18974339216947556
precision = 0.8015267175572519
recall = 0.8495145631067961
