f1 = 0.5555555555555555
loss = 0.4252028465270996
precision = 0.580110497237569
recall = 0.5329949238578681
