f1 = 0.4575163398692811
loss = 0.3154794752597809
precision = 0.6171284634760705
recall = 0.36350148367952523
