f1 = 0.375
loss = 0.6220029473304749
precision = 0.8526315789473684
recall = 0.2403560830860534
