f1 = 0.10866372980910424
loss = 1.124551808834076
precision = 0.8604651162790697
recall = 0.05799373040752351
