f1 = 0.7907716785998409
loss = 0.2410114213824272
precision = 0.7777777777777778
recall = 0.8042071197411004
