f1 = 0.6538812785388128
loss = 0.3811051547527313
precision = 0.850356294536817
recall = 0.5311572700296736
