f1 = 0.7185430463576158
loss = 0.25091297179460526
precision = 0.6867088607594937
recall = 0.7534722222222222
