f1 = 0.6919104991394147
loss = 0.25090882927179337
precision = 0.6860068259385665
recall = 0.6979166666666666
