f1 = 0.2132998745294856
loss = 0.5122865021228791
precision = 0.1945080091533181
recall = 0.2361111111111111
