f1 = 0.10320781032078104
loss = 1.139992880821228
precision = 0.8604651162790697
recall = 0.05489614243323442
