f1 = 0.6314760508308894
loss = 0.39694020748138426
precision = 0.7975308641975308
recall = 0.5226537216828478
