f1 = 0.2173274596182085
loss = 0.5344766452908516
precision = 0.18829516539440203
recall = 0.2569444444444444
