f1 = 0.5401785714285714
loss = 0.5416174352169036
precision = 0.8175675675675675
recall = 0.4033333333333333
