f1 = 0.0027322404371584704
loss = 1.4522297978401184
precision = 0.0024752475247524753
recall = 0.003048780487804878
