f1 = 0.7816455696202531
loss = 0.19991502352058887
precision = 0.7180232558139535
recall = 0.8576388888888888
