f1 = 0.6765676567656765
loss = 0.3387422040104866
precision = 0.737410071942446
recall = 0.625
