f1 = 0.862776025236593
loss = 0.17068152129650116
precision = 0.8415384615384616
recall = 0.8851132686084142
