f1 = 0.8238057948316366
loss = 0.2290035977959633
precision = 0.8723051409618574
recall = 0.7804154302670623
