f1 = 0.8619442671771963
loss = 0.1751229158219169
precision = 0.9246919214970333
recall = 0.8071713147410359
