f1 = 0.004149377593360996
loss = 1.0749516844749452
precision = 0.0038860103626943004
recall = 0.004451038575667656
