f1 = 0.23440860215053766
loss = 0.599988865852356
precision = 0.3303030303030303
recall = 0.18166666666666667
