f1 = 0.03830806065442938
loss = 1.2605707883834838
precision = 0.036753445635528334
recall = 0.04
