f1 = 0.4874551971326164
loss = 0.4469550132751465
precision = 0.6868686868686869
recall = 0.37777777777777777
