f1 = 0.06499261447562776
loss = 0.3785634279251099
precision = 0.5641025641025641
recall = 0.034482758620689655
