f1 = 0.26506024096385544
loss = 0.38875477761030197
precision = 0.23404255319148937
recall = 0.3055555555555556
