f1 = 0.6463768115942029
loss = 0.2711302608251572
precision = 0.6757575757575758
recall = 0.6194444444444445
