f1 = 0.36959064327485375
loss = 0.6459758758544922
precision = 0.8729281767955801
recall = 0.2344213649851632
