f1 = 0.00879765395894428
loss = 1.0555656552314758
precision = 0.007614213197969543
recall = 0.010416666666666666
