f1 = 0.418960244648318
loss = 0.34216178581118584
precision = 0.42024539877300615
recall = 0.4176829268292683
