f1 = 0.39295039164490864
loss = 0.24732030928134918
precision = 0.3508158508158508
recall = 0.4465875370919881
