f1 = 0.9351032448377582
loss = 0.07995170131325721
precision = 0.9201741654571843
recall = 0.9505247376311844
