f1 = 0.6200527704485487
loss = 0.2674416095018387
precision = 0.5904522613065326
recall = 0.6527777777777778
