f1 = 0.609090909090909
loss = 0.2983945794403553
precision = 0.5403225806451613
recall = 0.6979166666666666
