f1 = 0.4153225806451613
loss = 0.7054816782474518
precision = 0.6130952380952381
recall = 0.31402439024390244
