f1 = 0.5321100917431192
loss = 0.3428916297852993
precision = 0.47540983606557374
recall = 0.6041666666666666
