f1 = 0.8140868140868142
loss = 0.2159804582595825
precision = 0.8003220611916264
recall = 0.8283333333333334
