f1 = 0.5699481865284974
loss = 0.4426921159029007
precision = 0.582010582010582
recall = 0.5583756345177665
