f1 = 0.4489795918367347
loss = 0.1723517209291458
precision = 0.868421052631579
recall = 0.30275229357798167
