f1 = 0.37142857142857144
loss = 0.21440138220787047
precision = 0.8387096774193549
recall = 0.23853211009174313
