f1 = 0.6413043478260869
loss = 0.32131258249282835
precision = 0.6726384364820847
recall = 0.612759643916914
