f1 = 0.811437403400309
loss = 0.2335119366645813
precision = 0.8467741935483871
recall = 0.7789317507418397
