f1 = 0.1504907306434024
loss = 0.3376433879137039
precision = 0.2839506172839506
recall = 0.10237388724035608
