f1 = 0.8772433596554199
loss = 0.1515399418771267
precision = 0.8497913769123783
recall = 0.9065281899109793
