f1 = 0.1525054466230937
loss = 0.3335872977972031
precision = 0.35353535353535354
recall = 0.09722222222222222
