f1 = 0.8101059494702527
loss = 0.23040987849235534
precision = 0.8160919540229885
recall = 0.8042071197411004
