f1 = 0.706436420722135
loss = 0.2490304782986641
precision = 0.6446991404011462
recall = 0.78125
