f1 = 0.7906976744186047
loss = 0.0867495909333229
precision = 0.8018867924528302
recall = 0.7798165137614679
