f1 = 0.6100795755968169
loss = 0.491315096616745
precision = 0.6388888888888888
recall = 0.583756345177665
