f1 = 0.6005221932114883
loss = 0.45681998133659363
precision = 0.6182795698924731
recall = 0.583756345177665
