f1 = 0.624
loss = 0.4750034213066101
precision = 0.6573033707865169
recall = 0.5939086294416244
