f1 = 0.1875
loss = 0.6753102540969849
precision = 0.2129032258064516
recall = 0.16751269035532995
