f1 = 0.6151315789473685
loss = 0.3083054780960083
precision = 0.7540322580645161
recall = 0.5194444444444445
