f1 = 0.14521452145214522
loss = 0.6273927986621857
precision = 0.20754716981132076
recall = 0.1116751269035533
