f1 = 0.885057471264368
loss = 0.1899910867214203
precision = 0.8579387186629527
recall = 0.913946587537092
