f1 = 0.7279151943462899
loss = 0.2058173671364784
precision = 0.6950067476383266
recall = 0.7640949554896143
