f1 = 0.8940416788963897
loss = 0.10700602167087388
precision = 0.8784849067487022
recall = 0.9101593625498008
