f1 = 0.8267370272647317
loss = 0.16013556718826294
precision = 0.8752327746741154
recall = 0.7833333333333333
