f1 = 0.9075630252100839
loss = 0.10203956663608552
precision = 0.8852459016393442
recall = 0.9310344827586207
