f1 = 0.9236700077101002
loss = 0.07442527115345002
precision = 0.9089529590288316
recall = 0.9388714733542319
