f1 = 0.6920634920634919
loss = 0.2961604371666908
precision = 0.6374269005847953
recall = 0.7569444444444444
