f1 = 0.37543614794138175
loss = 0.2740285754203796
precision = 0.3544137022397892
recall = 0.3991097922848665
