f1 = 0.8014440433212997
loss = 0.10686382055282592
precision = 0.7729805013927576
recall = 0.8320839580209896
