f1 = 0.5502645502645502
loss = 0.13529998809099197
precision = 0.65
recall = 0.47706422018348627
