f1 = 0.7661290322580645
loss = 0.23107682466506957
precision = 0.7421875
recall = 0.7916666666666666
