f1 = 0.04716981132075471
loss = 1.30998694896698
precision = 0.3333333333333333
recall = 0.025380710659898477
