f1 = 0.4271356783919598
loss = 0.589195691049099
precision = 0.7727272727272727
recall = 0.2951388888888889
