f1 = 0.7553846153846153
loss = 0.12464214563369751
precision = 0.7416918429003021
recall = 0.7695924764890282
