f1 = 0.8218063466232709
loss = 0.15719129592180253
precision = 0.8028616852146264
recall = 0.8416666666666667
