f1 = 0.8511764705882352
loss = 0.15321086422316546
precision = 0.838030888030888
recall = 0.8647410358565737
