f1 = 0.860813704496788
loss = 0.2235297217965126
precision = 0.8294360385144429
recall = 0.8946587537091988
