f1 = 0.779816513761468
loss = 0.07473221644759179
precision = 0.7798165137614679
recall = 0.7798165137614679
