f1 = 0.5327510917030567
loss = 0.13112980723381043
precision = 0.5083333333333333
recall = 0.5596330275229358
