f1 = 0.7325684024713152
loss = 0.2286330819129944
precision = 0.8905579399141631
recall = 0.6221889055472264
