f1 = 0.02678571428571428
loss = 0.21642611920833588
precision = 0.02608695652173913
recall = 0.027522935779816515
