f1 = 0.0334128878281623
loss = 0.8670855641365052
precision = 0.029288702928870293
recall = 0.03888888888888889
