f1 = 0.005464480874316941
loss = 1.2698492258787155
precision = 0.0049504950495049506
recall = 0.006097560975609756
