f1 = 0.9150805270863837
loss = 0.1115337498486042
precision = 0.894134477825465
recall = 0.9370314842578711
