f1 = 0.872778962331201
loss = 0.1716383621096611
precision = 0.8376534788540245
recall = 0.9109792284866469
