f1 = 0.5156482861400894
loss = 0.3107544034719467
precision = 0.4516971279373368
recall = 0.6006944444444444
