f1 = 0.7109826589595375
loss = 0.3051885664463043
precision = 0.6758241758241759
recall = 0.75
