f1 = 0.6666666666666667
loss = 0.09153389483690262
precision = 0.7415730337078652
recall = 0.6055045871559633
