f1 = 0.6899166034874905
loss = 0.16014799773693084
precision = 0.6681350954478708
recall = 0.713166144200627
