f1 = 0.5925155925155925
loss = 0.45668974220752717
precision = 0.787292817679558
recall = 0.475
