f1 = 0.7165991902834007
loss = 0.1924615755677223
precision = 0.6571782178217822
recall = 0.787833827893175
