f1 = 0.8136696501220505
loss = 0.21660175770521164
precision = 0.794912559618442
recall = 0.8333333333333334
