f1 = 0.5211726384364821
loss = 0.2631950378417969
precision = 0.5776173285198556
recall = 0.47477744807121663
