f1 = 0.6161449752883033
loss = 0.36505032479763033
precision = 0.757085020242915
recall = 0.5194444444444445
