f1 = 0.8385542168674698
loss = 0.23999663740396499
precision = 0.8325358851674641
recall = 0.8446601941747572
