f1 = 0.4171779141104295
loss = 0.1488220602273941
precision = 0.6296296296296297
recall = 0.3119266055045872
