f1 = 0.8573705179282868
loss = 0.1911526530981064
precision = 0.8445839874411303
recall = 0.8705501618122977
