f1 = 0.04377358490566038
loss = 0.9739827871322632
precision = 0.04101838755304102
recall = 0.04692556634304207
