f1 = 0.07339449541284403
loss = 1.340561866760254
precision = 0.38095238095238093
recall = 0.04060913705583756
