f1 = 0.3237410071942446
loss = 0.3444928407669067
precision = 0.2914507772020725
recall = 0.3640776699029126
