f1 = 0.7328042328042328
loss = 0.25193883776664733
precision = 0.6994949494949495
recall = 0.7694444444444445
