f1 = 0.1951219512195122
loss = 0.2539320394396782
precision = 0.8571428571428571
recall = 0.11009174311926606
