f1 = 0.17777777777777778
loss = 0.5865776479244232
precision = 0.16853932584269662
recall = 0.18808777429467086
