f1 = 0.11981566820276499
loss = 1.3612483739852905
precision = 0.65
recall = 0.06598984771573604
