f1 = 0.6030927835051547
loss = 0.25935243964195254
precision = 0.5625
recall = 0.65
