f1 = 0.7829560585885486
loss = 0.19563845694065093
precision = 0.7519181585677749
recall = 0.8166666666666667
