f1 = 0.6219024780175859
loss = 0.25740485787391665
precision = 0.5975422427035331
recall = 0.6483333333333333
