f1 = 0.29407114624505926
loss = 0.6161339700222015
precision = 0.2796992481203007
recall = 0.31
