f1 = 0.3555900621118012
loss = 0.45517237186431886
precision = 0.3417910447761194
recall = 0.3705501618122977
