f1 = 0.45497630331753547
loss = 0.4262141063809395
precision = 0.7164179104477612
recall = 0.3333333333333333
