f1 = 0.6073619631901841
loss = 0.30913695991039275
precision = 0.577259475218659
recall = 0.6407766990291263
