f1 = 0.05309734513274336
loss = 0.22452643662691116
precision = 0.05128205128205128
recall = 0.05504587155963303
