f1 = 0.3597122302158274
loss = 0.21624786108732225
precision = 0.8333333333333334
recall = 0.22935779816513763
