f1 = 0.7003831417624521
loss = 0.23790661096572877
precision = 0.6652110625909753
recall = 0.7394822006472492
