f1 = 0.1806615776081425
loss = 0.5259495437145233
precision = 0.16666666666666666
recall = 0.19722222222222222
