f1 = 0.4842657342657342
loss = 0.36362884342670443
precision = 0.5893617021276596
recall = 0.41097922848664686
