f1 = 0.7822085889570554
loss = 0.20305745899677277
precision = 0.7434402332361516
recall = 0.8252427184466019
