f1 = 0.7216828478964401
loss = 0.31818834543228147
precision = 0.7012578616352201
recall = 0.7433333333333333
