f1 = 0.698205546492659
loss = 0.24489706754684448
precision = 0.6584615384615384
recall = 0.7430555555555556
