f1 = 0.4121365360303414
loss = 0.3426527738571167
precision = 0.37819025522041766
recall = 0.4527777777777778
