f1 = 0.49523809523809526
loss = 0.5541092813014984
precision = 0.841726618705036
recall = 0.35082458770614694
