f1 = 0.6949602122015915
loss = 0.3900666981935501
precision = 0.7277777777777777
recall = 0.6649746192893401
