f1 = 0.13274336283185842
loss = 0.9629182517528534
precision = 0.5172413793103449
recall = 0.07614213197969544
