f1 = 0.6575963718820861
loss = 0.23784997761249543
precision = 0.635036496350365
recall = 0.6818181818181818
