f1 = 0.14693877551020407
loss = 1.0614434719085692
precision = 0.7941176470588235
recall = 0.08095952023988005
