f1 = 0.08490566037735849
loss = 0.7410670161247254
precision = 0.08035714285714286
recall = 0.09
