f1 = 0.9233152594887685
loss = 0.0847956158220768
precision = 0.9127105666156202
recall = 0.9341692789968652
