f1 = 0.8363351605324979
loss = 0.17621637135744095
precision = 0.8103186646433991
recall = 0.8640776699029126
