f1 = 0.4144144144144144
loss = 0.7605825066566467
precision = 0.5073529411764706
recall = 0.350253807106599
