f1 = 0.8016949152542373
loss = 0.22261830642819405
precision = 0.8726937269372693
recall = 0.7413793103448276
