f1 = 0.020905923344947733
loss = 0.8397137880325317
precision = 0.01953125
recall = 0.022488755622188907
