f1 = 0.8824979457682827
loss = 0.1298872485756874
precision = 0.8703403565640194
recall = 0.895
