f1 = 0.7765625
loss = 0.260065820813179
precision = 0.7507552870090635
recall = 0.8042071197411004
