f1 = 0.24271844660194175
loss = 0.6451639235019684
precision = 0.23255813953488372
recall = 0.25380710659898476
