f1 = 0.010050251256281405
loss = 0.8642531335353851
precision = 0.5
recall = 0.005076142131979695
