f1 = 0.8520114942528736
loss = 0.1486801665276289
precision = 0.8179310344827586
recall = 0.889055472263868
