f1 = 0.7119741100323624
loss = 0.25644011050462723
precision = 0.6666666666666666
recall = 0.7638888888888888
