f1 = 0.5025510204081632
loss = 0.30915386974811554
precision = 0.46462264150943394
recall = 0.5472222222222223
