f1 = 0.14039408866995073
loss = 0.4305626153945923
precision = 0.2688679245283019
recall = 0.095
