f1 = 0.5788423153692615
loss = 0.20564699321985244
precision = 0.5247285886610374
recall = 0.6454005934718101
