f1 = 0.26493506493506497
loss = 0.6755511462688446
precision = 0.2712765957446808
recall = 0.25888324873096447
