f1 = 0.4656151419558359
loss = 0.2535084366798401
precision = 0.40504939626783754
recall = 0.5474777448071216
