f1 = 0.7541984732824429
loss = 0.14555347934365273
precision = 0.7351190476190477
recall = 0.774294670846395
