f1 = 0.6818181818181819
loss = 0.09179792106151581
precision = 0.6756756756756757
recall = 0.6880733944954128
