f1 = 0.855973813420622
loss = 0.1834716945886612
precision = 0.8658940397350994
recall = 0.8462783171521036
