f1 = 0.8416865552903738
loss = 0.15287800878286362
precision = 0.8966101694915254
recall = 0.7931034482758621
