f1 = 0.03184713375796178
loss = 0.6617836594581604
precision = 1.0
recall = 0.016181229773462782
