f1 = 0.6260869565217391
loss = 0.08531109169125557
precision = 0.5950413223140496
recall = 0.6605504587155964
