f1 = 0.03894080996884735
loss = 1.240295660495758
precision = 0.03654970760233918
recall = 0.041666666666666664
