f1 = 0.8698517298187809
loss = 0.14015344977378846
precision = 0.8599348534201955
recall = 0.88
