f1 = 0.418859649122807
loss = 0.28595254123210906
precision = 0.34601449275362317
recall = 0.5305555555555556
