f1 = 0.8863473909935669
loss = 0.1733917035162449
precision = 0.8551724137931035
recall = 0.9198813056379822
