f1 = 0.015658362989323844
loss = 0.8945783495903015
precision = 0.014905149051490514
recall = 0.01649175412293853
