f1 = 0.6494992846924178
loss = 0.3039407730102539
precision = 0.6118598382749326
recall = 0.6920731707317073
