f1 = 0.03194444444444444
loss = 0.8947942614555359
precision = 0.030026109660574413
recall = 0.03412462908011869
