f1 = 0.029850746268656716
loss = 0.7221331298351288
precision = 0.02926829268292683
recall = 0.030456852791878174
