f1 = 0.5026642984014209
loss = 0.32550140023231505
precision = 0.616557734204793
recall = 0.424287856071964
