f1 = 0.7867078825347759
loss = 0.1226412907242775
precision = 0.7759146341463414
recall = 0.7978056426332288
