f1 = 0.40029873039581776
loss = 0.4228750765323639
precision = 0.37170596393897365
recall = 0.4336569579288026
