f1 = 0.4005582693649685
loss = 0.3485467851161957
precision = 0.37467362924281983
recall = 0.4302848575712144
