f1 = 0.8943217665615142
loss = 0.10177990570664405
precision = 0.9
recall = 0.8887147335423198
