f1 = 0.5377176015473888
loss = 0.2992542564868927
precision = 0.475484606613455
recall = 0.6186943620178041
