f1 = 0.6300533943554538
loss = 0.29029304087162017
precision = 0.6483516483516484
recall = 0.612759643916914
