f1 = 0.8427762039660056
loss = 0.21625967025756837
precision = 0.8062330623306233
recall = 0.8827893175074184
