f1 = 0.3046448087431694
loss = 0.5491440773010254
precision = 0.28227848101265823
recall = 0.33086053412462907
