f1 = 0.6836734693877551
loss = 0.10398440882563591
precision = 0.7701149425287356
recall = 0.6146788990825688
