f1 = 0.8624376336421953
loss = 0.2126769721508026
precision = 0.8299039780521262
recall = 0.8976261127596439
