f1 = 0.807843137254902
loss = 0.25460031628608704
precision = 0.7838660578386606
recall = 0.8333333333333334
