f1 = 0.2828282828282829
loss = 0.12066860720515252
precision = 0.3146067415730337
recall = 0.25688073394495414
