f1 = 0.86615515771526
loss = 0.1297585092484951
precision = 0.8865619546247818
recall = 0.8466666666666667
