f1 = 0.6153846153846153
loss = 0.36939231157302854
precision = 0.7088607594936709
recall = 0.5436893203883495
