f1 = 0.12143379663496708
loss = 0.8139859676361084
precision = 0.11385459533607682
recall = 0.13009404388714735
