f1 = 0.4718614718614718
loss = 0.6377315044403076
precision = 0.8482490272373541
recall = 0.3268365817091454
