f1 = 0.6908583391486391
loss = 0.2746768057346344
precision = 0.6521739130434783
recall = 0.7344213649851632
