f1 = 0.7584579071597167
loss = 0.25976155400276185
precision = 0.7381316998468607
recall = 0.7799352750809061
