f1 = 0.9030654515327259
loss = 0.0900468660518527
precision = 0.8978583196046128
recall = 0.9083333333333333
