f1 = 0.870990734141126
loss = 0.2112978532910347
precision = 0.8381344307270233
recall = 0.9065281899109793
