f1 = 0.26996625421822273
loss = 0.34204802513122556
precision = 0.22684310018903592
recall = 0.3333333333333333
