f1 = 0.6612903225806451
loss = 0.42343877255916595
precision = 0.7028571428571428
recall = 0.6243654822335025
