f1 = 0.4217780840799449
loss = 0.47987639904022217
precision = 0.3938223938223938
recall = 0.4540059347181009
