f1 = 0.06474820143884892
loss = 0.7241093754768372
precision = 0.056962025316455694
recall = 0.075
