f1 = 0.847457627118644
loss = 0.1317307636141777
precision = 0.8215962441314554
recall = 0.875
