f1 = 0.6733096085409253
loss = 0.16052255034446716
precision = 0.6409214092140921
recall = 0.7091454272863568
