f1 = 0.9285187914517318
loss = 0.07675674185156822
precision = 0.9130434782608695
recall = 0.9445277361319341
