f1 = 0.5185185185185185
loss = 0.6092072427272797
precision = 0.6614173228346457
recall = 0.4263959390862944
