f1 = 0.45625
loss = 0.3599240258336067
precision = 0.46794871794871795
recall = 0.4451219512195122
