f1 = 0.032967032967032975
loss = 1.2429545521736145
precision = 0.03115727002967359
recall = 0.035
