f1 = 0.8370106761565836
loss = 0.18505343794822693
precision = 0.8043775649794802
recall = 0.8724035608308606
