f1 = 0.3286908077994429
loss = 0.4572332680225372
precision = 0.3068920676202861
recall = 0.3538230884557721
