f1 = 0.8227758007117436
loss = 0.19479669630527496
precision = 0.7906976744186046
recall = 0.857566765578635
