f1 = 0.6464646464646465
loss = 0.2732896238565445
precision = 0.6786296900489397
recall = 0.6172106824925816
