f1 = 0.789308176100629
loss = 0.2584672600030899
precision = 0.7675840978593272
recall = 0.8122977346278317
