f1 = 0.7940935192780968
loss = 0.22872958928346634
precision = 0.7819063004846527
recall = 0.8066666666666666
