f1 = 0.8815028901734104
loss = 0.21743171513080597
precision = 0.8591549295774648
recall = 0.9050445103857567
