f1 = 0.8415841584158417
loss = 0.20901421904563905
precision = 0.8040540540540541
recall = 0.8827893175074184
