f1 = 0.7632850241545894
loss = 0.10863291099667549
precision = 0.8061224489795918
recall = 0.7247706422018348
