f1 = 0.6852589641434262
loss = 0.2122233971953392
precision = 0.6564885496183206
recall = 0.7166666666666667
