f1 = 0.7756315007429421
loss = 0.27803872525691986
precision = 0.7565217391304347
recall = 0.7957317073170732
