f1 = 0.8436246992782679
loss = 0.21165406703948975
precision = 0.8362480127186009
recall = 0.8511326860841424
