f1 = 0.2518301610541728
loss = 0.7088499665260315
precision = 0.23626373626373626
recall = 0.26959247648902823
