f1 = 0.043478260869565216
loss = 1.0254430532455445
precision = 0.040502793296089384
recall = 0.04692556634304207
