f1 = 0.2642706131078224
loss = 0.39611583650112153
precision = 0.45955882352941174
recall = 0.18545994065281898
