f1 = 0.8715400993612491
loss = 0.19680362790822983
precision = 0.8353741496598639
recall = 0.9109792284866469
