f1 = 0.1792382374906647
loss = 0.7116380214691163
precision = 0.17118402282453637
recall = 0.18808777429467086
