f1 = 0.7684729064039408
loss = 0.24518021941184998
precision = 0.7309236947791165
recall = 0.8100890207715133
