f1 = 0.5954198473282443
loss = 0.3578824669122696
precision = 0.5635838150289018
recall = 0.6310679611650486
