f1 = 0.8999999999999999
loss = 0.10560363829135895
precision = 0.9115755627009646
recall = 0.8887147335423198
