f1 = 0.8694241686942418
loss = 0.14389083236455918
precision = 0.9008403361344538
recall = 0.8401253918495298
