f1 = 0.9357933579335793
loss = 0.0931334912776947
precision = 0.9215116279069767
recall = 0.9505247376311844
