f1 = 0.5617021276595745
loss = 0.21741671860218048
precision = 0.5329744279946165
recall = 0.5937031484257871
