f1 = 0.16342412451361868
loss = 0.7687089741230011
precision = 0.35
recall = 0.1065989847715736
