f1 = 0.10889774236387782
loss = 0.7583162412047386
precision = 0.09647058823529411
recall = 0.125
