f1 = 0.9322533136966127
loss = 0.10073235481977463
precision = 0.9160636758321273
recall = 0.9490254872563718
