f1 = 0.11004126547455295
loss = 1.0891638159751893
precision = 0.7547169811320755
recall = 0.05934718100890208
