f1 = 0.7614678899082569
loss = 0.09480837136507034
precision = 0.7614678899082569
recall = 0.7614678899082569
