f1 = 0.8135593220338982
loss = 0.14878449589014053
precision = 0.8
recall = 0.8275862068965517
