f1 = 0.7452830188679245
loss = 0.09379299581050873
precision = 0.7669902912621359
recall = 0.7247706422018348
