f1 = 0.25523012552301255
loss = 0.4663630872964859
precision = 0.4066666666666667
recall = 0.18597560975609756
