f1 = 0.5217391304347826
loss = 0.5957682430744171
precision = 0.6081081081081081
recall = 0.45685279187817257
