f1 = 0.17316692667706707
loss = 0.6409642815589904
precision = 0.1627565982404692
recall = 0.185
