f1 = 0.4228395061728395
loss = 0.4465300738811493
precision = 0.38055555555555554
recall = 0.4756944444444444
