f1 = 0.8398791540785498
loss = 0.1416665121912956
precision = 0.8104956268221575
recall = 0.8714733542319749
