f1 = 0.6972477064220184
loss = 0.2322294220328331
precision = 0.6600496277915633
recall = 0.7388888888888889
