f1 = 0.017118402282453638
loss = 1.210359477996826
precision = 0.015306122448979591
recall = 0.019417475728155338
