f1 = 0.6838905775075987
loss = 0.2354390174150467
precision = 0.7009345794392523
recall = 0.6676557863501483
