f1 = 0.665809768637532
loss = 0.21213820874691008
precision = 0.6196172248803827
recall = 0.7194444444444444
