f1 = 0.9231894659839064
loss = 0.09318154752254486
precision = 0.9014285714285715
recall = 0.9460269865067467
