f1 = 0.7015384615384614
loss = 0.3199019469320774
precision = 0.7080745341614907
recall = 0.6951219512195121
