f1 = 0.7461212976022568
loss = 0.16980473101139068
precision = 0.6782051282051282
recall = 0.829153605015674
