f1 = 0.6148359486447931
loss = 0.2050750583410263
precision = 0.5641361256544503
recall = 0.6755485893416928
