f1 = 0.8780487804878048
loss = 0.12176511324942112
precision = 0.8571428571428571
recall = 0.9
