f1 = 0.8491803278688524
loss = 0.12412765696644783
precision = 0.8354838709677419
recall = 0.8633333333333333
