f1 = 0.65149359886202
loss = 0.3335779532790184
precision = 0.6106666666666667
recall = 0.698170731707317
