f1 = 0.7345132743362831
loss = 0.1022411622107029
precision = 0.7094017094017094
recall = 0.7614678899082569
