f1 = 0.8666127728375101
loss = 0.13859017565846443
precision = 0.8414442700156985
recall = 0.8933333333333333
