f1 = 0.5861182519280206
loss = 0.45955754816532135
precision = 0.59375
recall = 0.5786802030456852
