f1 = 0.5322834645669291
loss = 0.2553008683025837
precision = 0.48703170028818443
recall = 0.5868055555555556
