f1 = 0.860597439544808
loss = 0.20194929838180542
precision = 0.8265027322404371
recall = 0.8976261127596439
