f1 = 0.7747747747747747
loss = 0.11295126676559449
precision = 0.7610619469026548
recall = 0.7889908256880734
