f1 = 0.5212121212121211
loss = 0.5133344829082489
precision = 0.6466165413533834
recall = 0.4365482233502538
