f1 = 0.4960835509138381
loss = 0.5497137904167175
precision = 0.510752688172043
recall = 0.48223350253807107
