f1 = 0.21686746987951808
loss = 0.41348972618579866
precision = 0.391304347826087
recall = 0.15
