f1 = 0.7771883289124668
loss = 0.19356077611446382
precision = 0.7436548223350253
recall = 0.8138888888888889
