f1 = 0.5984496124031008
loss = 0.2385554276406765
precision = 0.5406162464985994
recall = 0.6701388888888888
