f1 = 0.8965517241379312
loss = 0.10663457810878754
precision = 0.8770614692653673
recall = 0.9169278996865203
