f1 = 0.07802874743326488
loss = 0.9269059538841248
precision = 0.0724269377382465
recall = 0.08456973293768547
