f1 = 0.5499999999999999
loss = 0.4885778874158859
precision = 0.6073619631901841
recall = 0.5025380710659898
