f1 = 0.8981636060100167
loss = 0.1132625862956047
precision = 0.8996655518394648
recall = 0.8966666666666666
