f1 = 0.026666666666666665
loss = 0.9279092073440551
precision = 0.023655913978494623
recall = 0.030555555555555555
