f1 = 0.3855693348365276
loss = 0.6307549834251404
precision = 0.8028169014084507
recall = 0.25370919881305637
