f1 = 0.5039619651347068
loss = 0.29395211338996885
precision = 0.4937888198757764
recall = 0.5145631067961165
