f1 = 0.18741976893453147
loss = 0.34763680696487426
precision = 0.17422434367541767
recall = 0.20277777777777778
