f1 = 0.001183431952662722
loss = 1.409410248784458
precision = 0.06
recall = 0.000597609561752988
