f1 = 0.02475247524752475
loss = 0.7759398221969604
precision = 0.024154589371980676
recall = 0.025380710659898477
