f1 = 0.4125874125874126
loss = 0.7070676386356354
precision = 0.6629213483146067
recall = 0.29949238578680204
