f1 = 0.3099273607748184
loss = 0.5482876896858215
precision = 0.2962962962962963
recall = 0.3248730964467005
