f1 = 0.9315476190476191
loss = 0.07423656024038791
precision = 0.9246676514032496
recall = 0.9385307346326837
