f1 = 0.08450704225352113
loss = 1.2238880395889282
precision = 0.5625
recall = 0.04568527918781726
