f1 = 0.25063938618925835
loss = 0.6155255734920502
precision = 0.25257731958762886
recall = 0.24873096446700507
