f1 = 0.8827586206896553
loss = 0.12182327210903168
precision = 0.863568215892054
recall = 0.9028213166144201
