f1 = 0.2966751918158567
loss = 0.6450423002243042
precision = 0.29896907216494845
recall = 0.29441624365482233
