f1 = 0.6343612334801761
loss = 0.08747294507920741
precision = 0.6101694915254238
recall = 0.6605504587155964
