f1 = 0.7377521613832853
loss = 0.3320152759552002
precision = 0.6994535519125683
recall = 0.7804878048780488
