f1 = 0.6605504587155964
loss = 0.2694414258003235
precision = 0.5901639344262295
recall = 0.75
