f1 = 0.10909090909090909
loss = 0.7584685385227203
precision = 0.0967741935483871
recall = 0.125
