f1 = 0.042523033309709427
loss = 0.8100274443626404
precision = 0.04032258064516129
recall = 0.044977511244377814
