f1 = 0.7746913580246915
loss = 0.18754841312766074
precision = 0.7629179331306991
recall = 0.786833855799373
