f1 = 0.8122481869460112
loss = 0.18197354823350906
precision = 0.8780487804878049
recall = 0.7556221889055472
