f1 = 0.9132823229350598
loss = 0.08963635509352054
precision = 0.8996907614998068
recall = 0.9272908366533864
