f1 = 0.49836065573770494
loss = 0.28853205442428587
precision = 0.44653349001175086
recall = 0.5637982195845698
