f1 = 0.8010825439783491
loss = 0.17012909054756165
precision = 0.7810026385224275
recall = 0.8222222222222222
