f1 = 0.008862629246676513
loss = 1.4165960192680358
precision = 1.0
recall = 0.004451038575667656
