f1 = 0.03174603174603175
loss = 1.0450076580047607
precision = 0.5789473684210527
recall = 0.016320474777448073
