f1 = 0.5957873620862588
loss = 0.44253152310848237
precision = 0.783641160949868
recall = 0.48058252427184467
