f1 = 0.8107255520504733
loss = 0.2664641737937927
precision = 0.7907692307692308
recall = 0.8317152103559871
