f1 = 0.760854583046175
loss = 0.1730308935046196
precision = 0.7104247104247104
recall = 0.8189910979228486
