f1 = 0.7352941176470589
loss = 0.09722693488001824
precision = 0.7894736842105263
recall = 0.6880733944954128
