f1 = 0.6383535569831073
loss = 0.38952938569527046
precision = 0.7923803898405198
recall = 0.5344621513944223
