f1 = 0.5128568058504364
loss = 0.31430917510799333
precision = 0.6286871023713129
recall = 0.43306772908366536
