f1 = 0.7595541401273885
loss = 0.22300417721271515
precision = 0.7271341463414634
recall = 0.795
