f1 = 0.821337849280271
loss = 0.19076423048973085
precision = 0.8931860036832413
recall = 0.7601880877742947
