f1 = 0.40495867768595034
loss = 0.7721388712525368
precision = 0.6282051282051282
recall = 0.29878048780487804
