f1 = 0.3859922178988327
loss = 0.3953788161277771
precision = 0.362043795620438
recall = 0.41333333333333333
