f1 = 0.7018633540372671
loss = 0.23357845470309258
precision = 0.6348314606741573
recall = 0.7847222222222222
