f1 = 0.2380952380952381
loss = 0.20286663323640824
precision = 0.8823529411764706
recall = 0.13761467889908258
