f1 = 0.7262247838616714
loss = 0.30459051951766014
precision = 0.6885245901639344
recall = 0.7682926829268293
