f1 = 0.5857247976453275
loss = 0.27284656167030336
precision = 0.5371120107962213
recall = 0.6440129449838188
