f1 = 0.07712082262210797
loss = 1.044185310602188
precision = 0.078125
recall = 0.07614213197969544
