f1 = 0.3946308724832215
loss = 0.44212979823350906
precision = 0.35251798561151076
recall = 0.4481707317073171
