f1 = 0.8564668769716088
loss = 0.1566389247775078
precision = 0.8353846153846154
recall = 0.8786407766990292
