f1 = 0.40677966101694923
loss = 0.5635405033826828
precision = 0.672
recall = 0.2916666666666667
