f1 = 0.736842105263158
loss = 0.3009638674557209
precision = 0.7078651685393258
recall = 0.7682926829268293
