f1 = 0.8547579298831386
loss = 0.19592209085822104
precision = 0.8561872909698997
recall = 0.8533333333333334
