f1 = 0.061381074168797956
loss = 0.9333742558956146
precision = 0.061855670103092786
recall = 0.06091370558375635
