f1 = 0.6608695652173913
loss = 0.3690245091915131
precision = 0.8614609571788413
recall = 0.5360501567398119
