f1 = 0.832140015910899
loss = 0.2206582859158516
precision = 0.8184663536776213
recall = 0.8462783171521036
