f1 = 0.7249190938511326
loss = 0.26875660941004753
precision = 0.6787878787878788
recall = 0.7777777777777778
