f1 = 0.133879781420765
loss = 1.110502827167511
precision = 0.8448275862068966
recall = 0.07270029673590504
