f1 = 0.772189349112426
loss = 0.27643344178795815
precision = 0.75
recall = 0.7957317073170732
