f1 = 0.049586776859504134
loss = 0.22724342048168183
precision = 0.045112781954887216
recall = 0.05504587155963303
