f1 = 0.8693759071117562
loss = 0.19302346110343932
precision = 0.8508522727272727
recall = 0.8887240356083086
