f1 = 0.13563829787234044
loss = 0.8484588786959648
precision = 0.12028301886792453
recall = 0.15548780487804878
