f1 = 0.7900552486187845
loss = 0.21821336150169374
precision = 0.7857142857142857
recall = 0.7944444444444444
