f1 = 0.4105461393596987
loss = 0.5542742609977722
precision = 0.6374269005847953
recall = 0.30277777777777776
