f1 = 0.11009174311926606
loss = 1.5149701833724976
precision = 0.5714285714285714
recall = 0.06091370558375635
