f1 = 0.5885286783042395
loss = 0.4807843416929245
precision = 0.5784313725490197
recall = 0.5989847715736041
