f1 = 0.6590038314176246
loss = 0.26036157310009
precision = 0.6099290780141844
recall = 0.7166666666666667
