f1 = 0.8836879432624114
loss = 0.17927631586790085
precision = 0.8464673913043478
recall = 0.9243323442136498
