f1 = 0.5646123260437376
loss = 0.31713612750172615
precision = 0.6604651162790698
recall = 0.4930555555555556
