f1 = 0.04878048780487805
loss = 0.962292492389679
precision = 0.625
recall = 0.025380710659898477
