f1 = 0.2330097087378641
loss = 0.11498947888612747
precision = 0.24742268041237114
recall = 0.22018348623853212
