f1 = 0.02413273001508296
loss = 1.0532896757125854
precision = 0.022598870056497175
recall = 0.025889967637540454
