f1 = 0.13353115727002968
loss = 0.45461758971214294
precision = 0.11658031088082901
recall = 0.15625
