f1 = 0.8361111111111112
loss = 0.2516328155994415
precision = 0.7859007832898173
recall = 0.8931750741839762
