f1 = 0.5863874345549739
loss = 0.4830821454524994
precision = 0.6054054054054054
recall = 0.5685279187817259
