f1 = 0.7557471264367815
loss = 0.2672046162188053
precision = 0.7146739130434783
recall = 0.801829268292683
