f1 = 0.4671916010498688
loss = 0.2789132684469223
precision = 0.5287128712871287
recall = 0.41849529780564265
