f1 = 0.7699530516431925
loss = 0.07385326996445656
precision = 0.7884615384615384
recall = 0.7522935779816514
