f1 = 0.8644628099173554
loss = 0.1491330921649933
precision = 0.8573770491803279
recall = 0.8716666666666667
