f1 = 0.0027605244996549345
loss = 1.0735928297042847
precision = 0.0025806451612903226
recall = 0.002967359050445104
