f1 = 0.7592592592592593
loss = 0.08868935145437717
precision = 0.7663551401869159
recall = 0.7522935779816514
