f1 = 0.23943661971830987
loss = 0.5991509407758713
precision = 0.22270742358078602
recall = 0.25888324873096447
