f1 = 0.9068231841526047
loss = 0.09623676538467407
precision = 0.8879310344827587
recall = 0.9265367316341829
