f1 = 0.738095238095238
loss = 0.222701732814312
precision = 0.7948717948717948
recall = 0.6888888888888889
