f1 = 0.5424954792043399
loss = 0.5247991949319839
precision = 0.7772020725388601
recall = 0.4166666666666667
