f1 = 0.9188790560471977
loss = 0.09701220989227295
precision = 0.9042089985486212
recall = 0.9340329835082459
