f1 = 0.7675840978593274
loss = 0.1859990306198597
precision = 0.7492537313432835
recall = 0.786833855799373
