f1 = 0.734982332155477
loss = 0.2185151010751724
precision = 0.8946236559139785
recall = 0.623688155922039
