f1 = 0.1372549019607843
loss = 1.126084816455841
precision = 0.5104166666666666
recall = 0.07928802588996764
