f1 = 0.775235531628533
loss = 0.21261586099863053
precision = 0.7519582245430809
recall = 0.8
