f1 = 0.5597130902570233
loss = 0.375340041795782
precision = 0.6998505231689088
recall = 0.4663346613545817
