f1 = 0.5991678224687934
loss = 0.2707695096731186
precision = 0.5625
recall = 0.6409495548961425
