f1 = 0.4436781609195402
loss = 0.27320961058139803
precision = 0.3784313725490196
recall = 0.5361111111111111
