f1 = 0.6041666666666666
loss = 0.48844966292381287
precision = 0.6203208556149733
recall = 0.5888324873096447
