f1 = 0.5603864734299517
loss = 0.3532278276979923
precision = 0.5225225225225225
recall = 0.6041666666666666
