f1 = 0.43373493975903615
loss = 0.10975041911005974
precision = 0.631578947368421
recall = 0.3302752293577982
