f1 = 0.5596330275229358
loss = 0.0798760425299406
precision = 0.5596330275229358
recall = 0.5596330275229358
