f1 = 0.47761194029850745
loss = 0.6814985752105713
precision = 0.8265682656826568
recall = 0.335832083958021
