f1 = 0.8851913477537438
loss = 0.14920904263854026
precision = 0.8837209302325582
recall = 0.8866666666666667
