f1 = 0.674235807860262
loss = 0.30567072331905365
precision = 0.8195329087048833
recall = 0.5727002967359051
