f1 = 0.16606498194945848
loss = 0.7977312803268433
precision = 0.2875
recall = 0.116751269035533
