f1 = 0.1681159420289855
loss = 0.6199318170547485
precision = 0.19594594594594594
recall = 0.14720812182741116
