f1 = 0.8100866824271079
loss = 0.1881692200899124
precision = 0.7895545314900153
recall = 0.8317152103559871
