f1 = 0.18097447795823665
loss = 0.656979376077652
precision = 0.16883116883116883
recall = 0.195
