f1 = 0.046511627906976744
loss = 1.0901622772216797
precision = 0.04736842105263158
recall = 0.04568527918781726
