f1 = 0.05217391304347827
loss = 0.633220911026001
precision = 0.04719101123595506
recall = 0.058333333333333334
