f1 = 0.028985507246376815
loss = 0.8644784092903137
precision = 0.3
recall = 0.015228426395939087
