f1 = 0.8482549317147193
loss = 0.16071046888828278
precision = 0.8680124223602484
recall = 0.8293768545994066
