f1 = 0.8743570903747245
loss = 0.07901033088564872
precision = 0.8573487031700289
recall = 0.8920539730134932
