f1 = 0.07853403141361257
loss = 1.1055962324142456
precision = 0.6818181818181818
recall = 0.041666666666666664
