f1 = 0.06315789473684211
loss = 1.1192016005516052
precision = 0.6
recall = 0.03333333333333333
