f1 = 0.6387887527036771
loss = 0.2221094399690628
precision = 0.6152777777777778
recall = 0.664167916041979
