f1 = 0.8293460925039873
loss = 0.21968533396720885
precision = 0.8176100628930818
recall = 0.8414239482200647
