f1 = 0.8751793400286946
loss = 0.19505347535014153
precision = 0.8472222222222222
recall = 0.9050445103857567
