f1 = 0.018433179723502304
loss = 0.7149185836315155
precision = 0.1
recall = 0.01015228426395939
