f1 = 0.54531490015361
loss = 0.27340951561927795
precision = 0.5652866242038217
recall = 0.526706231454006
