f1 = 0.6477272727272728
loss = 0.37226679623126985
precision = 0.8181818181818182
recall = 0.5360501567398119
