f1 = 0.6395663956639566
loss = 0.44937334954738617
precision = 0.686046511627907
recall = 0.5989847715736041
