f1 = 0.13802435723951287
loss = 1.051882529258728
precision = 0.7846153846153846
recall = 0.07566765578635015
