f1 = 0.8628858578607322
loss = 0.16809365451335906
precision = 0.8358831710709318
recall = 0.8916913946587537
