f1 = 0.6589830508474577
loss = 0.19828798174858092
precision = 0.6014851485148515
recall = 0.7286356821589205
