f1 = 0.38108293351610695
loss = 0.4805802822113037
precision = 0.354140127388535
recall = 0.4124629080118694
