f1 = 0.036931818181818184
loss = 0.6380014836788177
precision = 0.125
recall = 0.021666666666666667
