f1 = 0.7129750982961991
loss = 0.20692542642354966
precision = 0.674937965260546
recall = 0.7555555555555555
