f1 = 0.7855459544383346
loss = 0.2609978511929512
precision = 0.7633587786259542
recall = 0.8090614886731392
