f1 = 0.35256916996047427
loss = 0.268333300948143
precision = 0.35566188197767146
recall = 0.3495297805642633
