f1 = 0.7235890014471779
loss = 0.2902800999581814
precision = 0.6887052341597796
recall = 0.7621951219512195
