f1 = 0.6530014641288434
loss = 0.23092204034328462
precision = 0.5962566844919787
recall = 0.7216828478964401
