f1 = 0.6986564299424184
loss = 0.2841642826795578
precision = 0.900990099009901
recall = 0.5705329153605015
