f1 = 0.7342995169082125
loss = 0.23753847554326057
precision = 0.6846846846846847
recall = 0.7916666666666666
