f1 = 0.1652892561983471
loss = 0.2611542582511902
precision = 0.8333333333333334
recall = 0.09174311926605505
