f1 = 0.4489795918367347
loss = 0.7367839813232422
precision = 0.6804123711340206
recall = 0.3350253807106599
