f1 = 0.8671931083991385
loss = 0.21759146004915236
precision = 0.8400556328233658
recall = 0.8961424332344213
