f1 = 0.9256806475349522
loss = 0.07848525792360306
precision = 0.9089595375722543
recall = 0.9430284857571214
