f1 = 0.07049067035245336
loss = 0.7829165160655975
precision = 0.06597671410090557
recall = 0.07566765578635015
