f1 = 0.7719044170890659
loss = 0.13158797174692155
precision = 0.7538896746817539
recall = 0.7908011869436202
