f1 = 0.21739130434782608
loss = 1.1045797169208527
precision = 0.7575757575757576
recall = 0.12690355329949238
