f1 = 0.8484848484848485
loss = 0.17362596094608307
precision = 0.8161434977578476
recall = 0.883495145631068
