f1 = 0.7700680272108844
loss = 0.2200509637594223
precision = 0.7546666666666667
recall = 0.7861111111111111
