f1 = 0.17573221757322177
loss = 0.8615423738956451
precision = 0.5
recall = 0.1065989847715736
