f1 = 0.4829821717990275
loss = 0.3039954714477062
precision = 0.45288753799392095
recall = 0.5173611111111112
