f1 = 0.030690537084398978
loss = 0.9306349158287048
precision = 0.02843601895734597
recall = 0.03333333333333333
