f1 = 0.15590200445434296
loss = 0.7930566191673278
precision = 0.14809590973201692
recall = 0.164576802507837
