f1 = 0.4121621621621621
loss = 0.29787159860134127
precision = 0.3465909090909091
recall = 0.5083333333333333
