f1 = 0.5435897435897437
loss = 0.434768408536911
precision = 0.5492227979274611
recall = 0.5380710659898477
