f1 = 0.6201550387596899
loss = 0.4904193729162216
precision = 0.631578947368421
recall = 0.6091370558375635
