f1 = 0.5362637362637362
loss = 0.3607967048883438
precision = 0.7305389221556886
recall = 0.4236111111111111
