f1 = 0.7993106089620835
loss = 0.17494736504786665
precision = 0.769542772861357
recall = 0.8314741035856573
