f1 = 0.7557603686635944
loss = 0.27108954191207885
precision = 0.7192982456140351
recall = 0.7961165048543689
