f1 = 0.26259946949602125
loss = 0.9114611387252808
precision = 0.853448275862069
recall = 0.15517241379310345
