f1 = 0.8949096880131363
loss = 0.09695711769163609
precision = 0.8818770226537217
recall = 0.9083333333333333
