f1 = 0.8839941262848752
loss = 0.13094522953033447
precision = 0.8661870503597122
recall = 0.9025487256371814
