f1 = 0.7865497076023393
loss = 0.24855517968535423
precision = 0.7556179775280899
recall = 0.8201219512195121
