f1 = 0.6916221033868093
loss = 0.2682983726263046
precision = 0.8527472527472527
recall = 0.5817091454272864
