f1 = 0.37554585152838427
loss = 0.16734092384576799
precision = 0.35833333333333334
recall = 0.3944954128440367
