f1 = 0.5448916408668731
loss = 0.3725670501589775
precision = 0.5534591194968553
recall = 0.5365853658536586
