f1 = 0.0029368575624082235
loss = 1.1350196242332458
precision = 0.14285714285714285
recall = 0.001483679525222552
