f1 = 0.8562091503267973
loss = 0.15631612837314607
precision = 0.89419795221843
recall = 0.8213166144200627
