f1 = 0.8857808857808858
loss = 0.13552028834819793
precision = 0.9193548387096774
recall = 0.8545727136431784
