f1 = 0.06524822695035461
loss = 1.1318721771240234
precision = 0.7419354838709677
recall = 0.03412462908011869
