f1 = 0.8728179551122195
loss = 0.1275622308254242
precision = 0.8706467661691543
recall = 0.875
