f1 = 0.664624808575804
loss = 0.2755541205406189
precision = 0.5945205479452055
recall = 0.7534722222222222
