f1 = 0.6701570680628273
loss = 0.09761211406439543
precision = 0.7804878048780488
recall = 0.5871559633027523
