f1 = 0.6801843317972349
loss = 0.2740539163351059
precision = 0.7901498929336188
recall = 0.5970873786407767
