f1 = 0.6166774402068519
loss = 0.13626022785902023
precision = 0.5420454545454545
recall = 0.7151424287856072
