f1 = 0.7411444141689373
loss = 0.26800396740436555
precision = 0.7272727272727273
recall = 0.7555555555555555
