f1 = 0.7420289855072463
loss = 0.30773376300930977
precision = 0.7071823204419889
recall = 0.7804878048780488
