f1 = 0.7503974562798091
loss = 0.25156986713409424
precision = 0.6920821114369502
recall = 0.8194444444444444
