f1 = 0.037841625788367195
loss = 0.7813647508621215
precision = 0.035526315789473684
recall = 0.04047976011994003
