f1 = 0.18621179815209665
loss = 0.5757721304893494
precision = 0.17702702702702702
recall = 0.19640179910044978
