f1 = 0.4913151364764268
loss = 0.4863269180059433
precision = 0.48058252427184467
recall = 0.5025380710659898
