f1 = 0.658008658008658
loss = 0.3027663044631481
precision = 0.6246575342465753
recall = 0.6951219512195121
