f1 = 0.8120689655172413
loss = 0.19782957807183266
precision = 0.9022988505747126
recall = 0.7382445141065831
