f1 = 0.8402457757296466
loss = 0.13085531517863275
precision = 0.8237951807228916
recall = 0.8573667711598746
