f1 = 0.8148148148148149
loss = 0.19922231137752533
precision = 0.8291457286432161
recall = 0.8009708737864077
