f1 = 0.90854119425548
loss = 0.0831776849925518
precision = 0.8773722627737226
recall = 0.9420062695924765
