f1 = 0.6293333333333334
loss = 0.45048630237579346
precision = 0.6629213483146067
recall = 0.5989847715736041
