f1 = 0.8753799392097265
loss = 0.11392061561346054
precision = 0.8495575221238938
recall = 0.9028213166144201
