f1 = 0.2794561933534743
loss = 0.6061621248722077
precision = 0.2696793002915452
recall = 0.28996865203761757
