f1 = 0.7560321715817695
loss = 0.19515837132930755
precision = 0.7305699481865285
recall = 0.7833333333333333
