f1 = 0.47721179624664883
loss = 0.5600415021181107
precision = 0.5056818181818182
recall = 0.4517766497461929
