f1 = 0.049926578560939794
loss = 0.7941472232341766
precision = 0.043256997455470736
recall = 0.059027777777777776
