f1 = 0.7756756756756756
loss = 0.2578773334622383
precision = 0.7552631578947369
recall = 0.7972222222222223
