f1 = 0.5873015873015873
loss = 0.47323164343833923
precision = 0.6132596685082873
recall = 0.5634517766497462
