f1 = 0.0015879317189360857
loss = 1.1578900790682025
precision = 0.2222222222222222
recall = 0.0007968127490039841
