f1 = 0.8970588235294118
loss = 0.0956487214192748
precision = 0.8798076923076923
recall = 0.915
