f1 = 0.9312638580931265
loss = 0.08893223330378533
precision = 0.9183673469387755
recall = 0.9445277361319341
