f1 = 0.13056379821958458
loss = 0.88143090903759
precision = 0.4489795918367347
recall = 0.0763888888888889
