f1 = 0.6944
loss = 0.30045492574572563
precision = 0.6439169139465876
recall = 0.7534722222222222
