f1 = 0.7562264150943396
loss = 0.22205329835414886
precision = 0.7086280056577087
recall = 0.8106796116504854
