f1 = 0.6547085201793722
loss = 0.13746695294976236
precision = 0.6403508771929824
recall = 0.6697247706422018
