f1 = 0.3342776203966006
loss = 0.5499675869941711
precision = 0.3782051282051282
recall = 0.29949238578680204
