f1 = 0.7582340574632096
loss = 0.19855566322803497
precision = 0.7184594953519257
recall = 0.8026706231454006
