f1 = 0.6184107002360346
loss = 0.25542478561401366
precision = 0.5856929955290611
recall = 0.655
