f1 = 0.9427312775330396
loss = 0.07534274309873581
precision = 0.9237410071942446
recall = 0.9625187406296851
