f1 = 0.8539857932123124
loss = 0.16954038441181182
precision = 0.8335901386748844
recall = 0.8754045307443366
