f1 = 0.6877828054298644
loss = 0.12804181650280952
precision = 0.6785714285714286
recall = 0.6972477064220184
