f1 = 0.06334841628959277
loss = 1.2657923102378845
precision = 0.2916666666666667
recall = 0.03553299492385787
