f1 = 0.10540915395284327
loss = 1.0462504148483276
precision = 0.8085106382978723
recall = 0.05637982195845697
