f1 = 0.09701492537313433
loss = 0.8475476384162903
precision = 0.09259259259259259
recall = 0.10188087774294671
