f1 = 0.8102643856920685
loss = 0.2091744437813759
precision = 0.7799401197604791
recall = 0.843042071197411
