f1 = 0.8286852589641435
loss = 0.212094646692276
precision = 0.8163265306122449
recall = 0.8414239482200647
