f1 = 0.503767491926803
loss = 0.557367593050003
precision = 0.8931297709923665
recall = 0.35082458770614694
