f1 = 0.593128390596745
loss = 0.49578072875738144
precision = 0.7288888888888889
recall = 0.5
