f1 = 0.8994864269992664
loss = 0.12067293301224709
precision = 0.8807471264367817
recall = 0.9190404797601199
