f1 = 0.08450704225352114
loss = 1.0250229001045228
precision = 0.8333333333333334
recall = 0.04451038575667656
