f1 = 0.5763440860215054
loss = 0.23478810787200927
precision = 0.5521978021978022
recall = 0.6026986506746627
