f1 = 0.8417564208782103
loss = 0.17521742172539234
precision = 0.8927943760984183
recall = 0.7962382445141066
