f1 = 0.8271872740419378
loss = 0.11434190943837166
precision = 0.7988826815642458
recall = 0.8575712143928036
