f1 = 0.10606060606060608
loss = 0.5356366410851479
precision = 0.09408602150537634
recall = 0.12152777777777778
