f1 = 0.7376271186440678
loss = 0.1792623817920685
precision = 0.6791510611735331
recall = 0.8071216617210683
