f1 = 0.8879184861717613
loss = 0.12438697069883346
precision = 0.8628005657708628
recall = 0.9145427286356822
