f1 = 0.8677626876340242
loss = 0.18053249567747115
precision = 0.8372413793103448
recall = 0.900593471810089
