f1 = 0.7551020408163265
loss = 0.272046722471714
precision = 0.723463687150838
recall = 0.7896341463414634
