f1 = 0.8732193732193733
loss = 0.17697326838970184
precision = 0.8397260273972603
recall = 0.9094955489614244
