f1 = 0.7213541666666666
loss = 0.2139364019036293
precision = 0.678921568627451
recall = 0.7694444444444445
