f1 = 0.35661218424962854
loss = 0.4334255874156952
precision = 0.32967032967032966
recall = 0.3883495145631068
