f1 = 0.8365019011406843
loss = 0.1035133183002472
precision = 0.8124076809453471
recall = 0.8620689655172413
