f1 = 0.41116751269035534
loss = 0.5355721861124039
precision = 0.41116751269035534
recall = 0.41116751269035534
