f1 = 0.9078947368421052
loss = 0.07925483509898186
precision = 0.8858773181169758
recall = 0.9310344827586207
