f1 = 0.7136563876651981
loss = 0.10390656925737858
precision = 0.6864406779661016
recall = 0.7431192660550459
