f1 = 0.7214076246334312
loss = 0.29028648510575294
precision = 0.6949152542372882
recall = 0.75
