f1 = 0.008695652173913044
loss = 0.21030393987894058
precision = 0.008264462809917356
recall = 0.009174311926605505
