f1 = 0.07619047619047618
loss = 1.3109944462776184
precision = 0.6153846153846154
recall = 0.04060913705583756
