f1 = 0.8801169590643275
loss = 0.13372785598039627
precision = 0.8587731811697575
recall = 0.9025487256371814
