f1 = 0.9358178053830228
loss = 0.07199403791466966
precision = 0.9264103064610579
recall = 0.9454183266932271
