f1 = 0.7568389057750761
loss = 0.13929783999919892
precision = 0.7345132743362832
recall = 0.780564263322884
