f1 = 0.8724528301886791
loss = 0.11062901467084885
precision = 0.8413391557496361
recall = 0.9059561128526645
