f1 = 0.46593776282590416
loss = 0.33353771567344664
precision = 0.537864077669903
recall = 0.41097922848664686
