f1 = 0.035308953341740223
loss = 0.7717627286911011
precision = 0.03233256351039261
recall = 0.03888888888888889
