f1 = 0.518263266712612
loss = 0.31668356955051424
precision = 0.4839124839124839
recall = 0.5578635014836796
