f1 = 0.3563748079877112
loss = 0.373132660984993
precision = 0.31955922865013775
recall = 0.4027777777777778
