f1 = 0.8976897689768976
loss = 0.11229437850415706
precision = 0.8888888888888888
recall = 0.9066666666666666
