f1 = 0.03508771929824561
loss = 0.3294044375419617
precision = 0.4
recall = 0.01834862385321101
