f1 = 0.7196891783796139
loss = 0.3375827586826156
precision = 0.8440096488876977
recall = 0.6272908366533865
