f1 = 0.022813688212927754
loss = 0.7809349656105041
precision = 0.02097902097902098
recall = 0.025
