f1 = 0.9081245254365983
loss = 0.08259674832224846
precision = 0.8807069219440353
recall = 0.9373040752351097
