f1 = 0.11378002528445007
loss = 0.4253378570079803
precision = 0.38461538461538464
recall = 0.06676557863501484
