f1 = 0.1359223300970874
loss = 1.0595194101333618
precision = 0.47572815533980584
recall = 0.07928802588996764
