f1 = 0.8669039145907473
loss = 0.17694317996501924
precision = 0.8331053351573188
recall = 0.9035608308605341
