f1 = 0.02040816326530612
loss = 1.1928268790245056
precision = 0.5833333333333334
recall = 0.010385756676557863
