f1 = 0.43827160493827166
loss = 0.548332616686821
precision = 0.5590551181102362
recall = 0.3604060913705584
