f1 = 0.9341228719467062
loss = 0.08633762672543525
precision = 0.922514619883041
recall = 0.9460269865067467
