f1 = 0.4339152119700748
loss = 0.29866903722286225
precision = 0.3936651583710407
recall = 0.48333333333333334
