f1 = 0.8844884488448845
loss = 0.1272341527044773
precision = 0.8758169934640523
recall = 0.8933333333333333
