f1 = 0.8907563025210085
loss = 0.10695966631174088
precision = 0.8688524590163934
recall = 0.9137931034482759
