f1 = 0.7020057306590258
loss = 0.34064626693725586
precision = 0.6621621621621622
recall = 0.7469512195121951
