f1 = 0.6247689463955638
loss = 0.3465698599815369
precision = 0.8284313725490197
recall = 0.5014836795252225
