f1 = 0.8246597277822258
loss = 0.17835232019424438
precision = 0.8848797250859106
recall = 0.7721139430284858
