f1 = 0.030000000000000002
loss = 1.1954169273376465
precision = 1.0
recall = 0.015228426395939087
