f1 = 0.4242424242424242
loss = 0.7646369934082031
precision = 0.63
recall = 0.3197969543147208
