f1 = 0.9113300492610837
loss = 0.09981468841433525
precision = 0.8980582524271845
recall = 0.925
