f1 = 0.0667551678361464
loss = 1.5925708144318824
precision = 0.6956521739130435
recall = 0.0350597609561753
