f1 = 0.09120521172638436
loss = 1.15379136800766
precision = 0.7368421052631579
recall = 0.04861111111111111
