f1 = 0.9333333333333332
loss = 0.08438279032707215
precision = 0.9126074498567335
recall = 0.9550224887556222
