f1 = 0.13793103448275862
loss = 1.2294520139694214
precision = 0.45714285714285713
recall = 0.08121827411167512
