f1 = 0.7037037037037038
loss = 0.08820651322603226
precision = 0.7102803738317757
recall = 0.6972477064220184
