f1 = 0.3696319018404908
loss = 0.4328781485557556
precision = 0.35131195335276966
recall = 0.38996763754045305
