f1 = 0.10817941952506598
loss = 0.9214497208595276
precision = 0.09534883720930233
recall = 0.125
