f1 = 0.04020100502512563
loss = 0.7654434144496918
precision = 0.03980099502487562
recall = 0.04060913705583756
