f1 = 0.66
loss = 0.16203545033931732
precision = 0.5942376950780313
recall = 0.7421289355322339
