f1 = 0.20431654676258992
loss = 1.0665240287780762
precision = 0.7473684210526316
recall = 0.11833333333333333
