f1 = 0.785829307568438
loss = 0.22698059678077698
precision = 0.7327327327327328
recall = 0.8472222222222222
