f1 = 0.3448275862068965
loss = 0.11911069080233574
precision = 0.3723404255319149
recall = 0.3211009174311927
