f1 = 0.8743801652892561
loss = 0.16230448260903357
precision = 0.8672131147540983
recall = 0.8816666666666667
