f1 = 0.9020576131687243
loss = 0.09827116653323173
precision = 0.8910569105691057
recall = 0.9133333333333333
