f1 = 0.8301886792452832
loss = 0.16237089037895203
precision = 0.8709122203098106
recall = 0.7931034482758621
