f1 = 0.7232375979112272
loss = 0.18904900997877122
precision = 0.6822660098522167
recall = 0.7694444444444445
