f1 = 0.6513761467889908
loss = 0.2595210261642933
precision = 0.5819672131147541
recall = 0.7395833333333334
