f1 = 0.38926174496644295
loss = 0.42592653632164
precision = 0.34772182254196643
recall = 0.4420731707317073
