f1 = 0.8155080213903743
loss = 0.1879049077630043
precision = 0.7860824742268041
recall = 0.8472222222222222
