f1 = 0.5482388973966309
loss = 0.30332783982157707
precision = 0.4904109589041096
recall = 0.6215277777777778
