f1 = 0.04225352112676057
loss = 0.8932810008525849
precision = 0.4166666666666667
recall = 0.02225519287833828
