f1 = 0.8481927710843373
loss = 0.1775227405130863
precision = 0.8421052631578947
recall = 0.8543689320388349
