f1 = 0.873661670235546
loss = 0.17843357622623443
precision = 0.8418156808803301
recall = 0.9080118694362018
