f1 = 0.7393103448275862
loss = 0.23777240216732026
precision = 0.7342465753424657
recall = 0.7444444444444445
