f1 = 0.35959885386819485
loss = 0.4181034564971924
precision = 0.3443072702331962
recall = 0.37631184407796103
