f1 = 0.7053571428571429
loss = 0.10826234072446823
precision = 0.6869565217391305
recall = 0.7247706422018348
