f1 = 0.5230769230769232
loss = 0.27892783656716347
precision = 0.4696132596685083
recall = 0.5902777777777778
