f1 = 0.12261580381471389
loss = 1.0897411465644837
precision = 0.75
recall = 0.06676557863501484
