f1 = 0.16822429906542055
loss = 0.535462599992752
precision = 0.15789473684210525
recall = 0.18
