f1 = 0.7272727272727273
loss = 0.10141277760267257
precision = 0.76
recall = 0.6972477064220184
