f1 = 0.5797872340425532
loss = 0.45776090025901794
precision = 0.6089385474860335
recall = 0.5532994923857868
