f1 = 0.767123287671233
loss = 0.11360072568058968
precision = 0.7636363636363637
recall = 0.7706422018348624
