f1 = 0.6184012066365007
loss = 0.3337979316711426
precision = 0.6765676567656765
recall = 0.5694444444444444
