f1 = 0.8729016786570745
loss = 0.16958649903535844
precision = 0.8625592417061612
recall = 0.883495145631068
