f1 = 0.5134529147982062
loss = 0.5012461245059967
precision = 0.9015748031496063
recall = 0.35893416927899685
