f1 = 0.7667731629392972
loss = 0.24507984519004822
precision = 0.7100591715976331
recall = 0.8333333333333334
