f1 = 0.38648052902277735
loss = 0.4211957097053528
precision = 0.36376210235131395
recall = 0.4122257053291536
