f1 = 0.8820143884892087
loss = 0.1903691492974758
precision = 0.8561452513966481
recall = 0.9094955489614244
