f1 = 0.2684563758389261
loss = 0.7120387852191925
precision = 0.39603960396039606
recall = 0.20304568527918782
