f1 = 0.9089563286454478
loss = 0.10694105438888073
precision = 0.8976608187134503
recall = 0.9205397301349325
