f1 = 0.2465331278890601
loss = 0.40765637159347534
precision = 0.22160664819944598
recall = 0.2777777777777778
