f1 = 0.7402597402597403
loss = 0.16148722544312477
precision = 0.7215189873417721
recall = 0.76
