f1 = 0.3655778894472362
loss = 0.30615918040275575
precision = 0.31699346405228757
recall = 0.4317507418397626
