f1 = 0.2614988742360888
loss = 0.9752624660146003
precision = 0.6786310517529215
recall = 0.16195219123505977
