f1 = 0.875
loss = 0.12423705607652664
precision = 0.849083215796897
recall = 0.9025487256371814
