f1 = 0.793822393822394
loss = 0.22666125148534774
precision = 0.7592319054652881
recall = 0.8317152103559871
