f1 = 0.025602409638554216
loss = 1.2395155668258666
precision = 0.023943661971830985
recall = 0.02750809061488673
