f1 = 0.010206084396467125
loss = 1.3377302329914242
precision = 0.3466666666666667
recall = 0.0051792828685258965
