f1 = 0.17653631284916202
loss = 0.47963125705718995
precision = 0.2851985559566787
recall = 0.127831715210356
