f1 = 0.6248037676609104
loss = 0.3447605222463608
precision = 0.5702005730659025
recall = 0.6909722222222222
