f1 = 0.06779661016949154
loss = 0.3136084794998169
precision = 0.4444444444444444
recall = 0.03669724770642202
