f1 = 0.005945303210463733
loss = 1.0406028990652048
precision = 0.5769230769230769
recall = 0.00298804780876494
