f1 = 0.7911111111111111
loss = 0.08686142936348915
precision = 0.7672413793103449
recall = 0.8165137614678899
