f1 = 0.029766123316796598
loss = 0.8356902837753296
precision = 0.028225806451612902
recall = 0.031484257871064465
