f1 = 0.8924678385544536
loss = 0.12080408071279618
precision = 0.8801084640712764
recall = 0.9051792828685259
