f1 = 0.78701504354711
loss = 0.2512196466326714
precision = 0.7705426356589147
recall = 0.8042071197411004
