f1 = 0.6327526132404181
loss = 0.24656679332256318
precision = 0.5911458333333334
recall = 0.6806596701649176
