f1 = 0.5142857142857142
loss = 0.5346516519784927
precision = 0.526595744680851
recall = 0.5025380710659898
