f1 = 0.7174770039421814
loss = 0.2145517036318779
precision = 0.6807980049875312
recall = 0.7583333333333333
