f1 = 0.4298245614035088
loss = 0.5268327951431274
precision = 0.8235294117647058
recall = 0.29080118694362017
