f1 = 0.11055988660524452
loss = 0.8041263103485108
precision = 0.10483870967741936
recall = 0.11694152923538231
