f1 = 0.770739064856712
loss = 0.1853351876139641
precision = 0.7217514124293786
recall = 0.8268608414239482
