f1 = 0.01255394272263633
loss = 1.2846910053608465
precision = 0.41025641025641024
recall = 0.006374501992031873
