f1 = 0.3827751196172249
loss = 0.5548243001103401
precision = 0.6153846153846154
recall = 0.2777777777777778
