f1 = 0.14285714285714285
loss = 0.3501996248960495
precision = 0.36363636363636365
recall = 0.08888888888888889
