f1 = 0.4923954372623574
loss = 0.4107743680477142
precision = 0.6851851851851852
recall = 0.38427299703264095
