f1 = 0.3089770354906054
loss = 0.4176407366991043
precision = 0.5211267605633803
recall = 0.2195845697329377
