f1 = 0.0226628895184136
loss = 0.9860911130905151
precision = 0.021476510067114093
recall = 0.0239880059970015
