f1 = 0.7567567567567568
loss = 0.10633351802825927
precision = 0.7433628318584071
recall = 0.7706422018348624
