f1 = 0.9172161172161172
loss = 0.09603046290576459
precision = 0.8968481375358166
recall = 0.9385307346326837
