f1 = 0.16625310173697272
loss = 0.46322792768478394
precision = 0.15022421524663676
recall = 0.18611111111111112
