f1 = 0.08771929824561404
loss = 0.3192567408084869
precision = 1.0
recall = 0.045871559633027525
