f1 = 0.6559139784946236
loss = 0.43958722054958344
precision = 0.6971428571428572
recall = 0.6192893401015228
