f1 = 0.39713261648745524
loss = 0.36525667309761045
precision = 0.3804945054945055
recall = 0.41529235382308843
