f1 = 0.7128427128427128
loss = 0.3250008150935173
precision = 0.6767123287671233
recall = 0.7530487804878049
