f1 = 0.6874487284659557
loss = 0.22527088820934296
precision = 0.6768982229402262
recall = 0.6983333333333334
