f1 = 0.8569395017793594
loss = 0.1990407109260559
precision = 0.8235294117647058
recall = 0.8931750741839762
