f1 = 0.8726981585268215
loss = 0.16533852815628053
precision = 0.8637083993660856
recall = 0.8818770226537217
