f1 = 0.7870619946091645
loss = 0.22749832570552825
precision = 0.7643979057591623
recall = 0.8111111111111111
