f1 = 0.6228956228956228
loss = 0.40638984367251396
precision = 0.6954887218045113
recall = 0.5640243902439024
