f1 = 0.8682406702208683
loss = 0.13370292484760285
precision = 0.8444444444444444
recall = 0.8934169278996865
