f1 = 0.6312450436161777
loss = 0.2389616012573242
precision = 0.6021180030257186
recall = 0.6633333333333333
