f1 = 0.467502850627138
loss = 0.6380675196647644
precision = 0.7915057915057915
recall = 0.33171521035598706
