f1 = 0.11647109952194697
loss = 0.4866746287135517
precision = 0.2134891131173659
recall = 0.0800796812749004
