f1 = 0.566860465116279
loss = 0.31560034304857254
precision = 0.5416666666666666
recall = 0.5945121951219512
