f1 = 0.8276999175597691
loss = 0.1214965395629406
precision = 0.8189233278955954
recall = 0.8366666666666667
