f1 = 0.6925465838509317
loss = 0.25849028304219246
precision = 0.6264044943820225
recall = 0.7743055555555556
