f1 = 0.0975609756097561
loss = 0.14802567958831786
precision = 0.42857142857142855
recall = 0.05504587155963303
