f1 = 0.5798138869005011
loss = 0.22611071467399596
precision = 0.5547945205479452
recall = 0.6071964017991005
