f1 = 0.03779527559055118
loss = 1.0960469007492066
precision = 0.03582089552238806
recall = 0.04
