f1 = 0.03911980440097799
loss = 0.7498479187488556
precision = 0.03773584905660377
recall = 0.04060913705583756
