f1 = 0.17490494296577946
loss = 0.762502133846283
precision = 0.3484848484848485
recall = 0.116751269035533
