f1 = 0.8819157720891825
loss = 0.13091481551527978
precision = 0.8739770867430442
recall = 0.89
