f1 = 0.06683995544002971
loss = 1.3417208007737702
precision = 0.4918032786885246
recall = 0.035856573705179286
