f1 = 0.5939123979213066
loss = 0.2458939492702484
precision = 0.5641748942172073
recall = 0.6269592476489029
