f1 = 0.709620476610768
loss = 0.2766063690185547
precision = 0.7805825242718447
recall = 0.6504854368932039
