f1 = 0.8039906103286385
loss = 0.1267269549197426
precision = 0.7897770945426595
recall = 0.8187250996015937
