f1 = 0.02277904328018223
loss = 1.272429919242859
precision = 0.02145922746781116
recall = 0.024271844660194174
