f1 = 0.93205317577548
loss = 0.0861014872789383
precision = 0.9184861717612809
recall = 0.9460269865067467
