f1 = 0.8798283261802575
loss = 0.2063091963529587
precision = 0.8494475138121547
recall = 0.9124629080118695
