f1 = 0.22670025188916876
loss = 0.5303812861442566
precision = 0.4639175257731959
recall = 0.15
