f1 = 0.03377902885292048
loss = 0.973073422908783
precision = 0.03183023872679045
recall = 0.035982008995502246
