f1 = 0.8539659006671609
loss = 0.20747063159942628
precision = 0.8533333333333334
recall = 0.8545994065281899
