f1 = 0.9024390243902439
loss = 0.09363522455096245
precision = 0.9178294573643411
recall = 0.8875562218890555
