f1 = 0.8536409516943042
loss = 0.21538137793540954
precision = 0.8302945301542777
recall = 0.8783382789317508
