f1 = 0.791891891891892
loss = 0.21783955693244933
precision = 0.7710526315789473
recall = 0.8138888888888889
