f1 = 0.812688821752266
loss = 0.21844923347234727
precision = 0.8276923076923077
recall = 0.798219584569733
