f1 = 0.7328000000000001
loss = 0.21073849126696587
precision = 0.6795252225519288
recall = 0.7951388888888888
