f1 = 0.9141599413059427
loss = 0.08231359049677849
precision = 0.8951149425287356
recall = 0.9340329835082459
