f1 = 0.7226666666666666
loss = 0.2463139757514
precision = 0.6948717948717948
recall = 0.7527777777777778
