f1 = 0.8676258992805755
loss = 0.19463313221931458
precision = 0.8421787709497207
recall = 0.8946587537091988
