f1 = 0.7898936170212766
loss = 0.17702243626117706
precision = 0.7576530612244898
recall = 0.825
