f1 = 0.32317505315379164
loss = 0.28837754428386686
precision = 0.3064516129032258
recall = 0.34182908545727136
