f1 = 0.798846431146359
loss = 0.12166272550821304
precision = 0.7694444444444445
recall = 0.8305847076461769
