f1 = 0.8043478260869565
loss = 0.17693027555942537
precision = 0.7872340425531915
recall = 0.8222222222222222
