f1 = 0.1592920353982301
loss = 1.288012444972992
precision = 0.6206896551724138
recall = 0.09137055837563451
