f1 = 0.07375886524822696
loss = 1.2981937050819397
precision = 0.8387096774193549
recall = 0.03857566765578635
