f1 = 0.7589285714285715
loss = 0.2628510773181915
precision = 0.8817427385892116
recall = 0.6661442006269592
