f1 = 0.08979591836734693
loss = 0.8399405181407928
precision = 0.22916666666666666
recall = 0.05583756345177665
