f1 = 0.8156424581005587
loss = 0.23033700585365297
precision = 0.8047244094488188
recall = 0.8268608414239482
