f1 = 0.8265139116202946
loss = 0.22598790973424912
precision = 0.8118971061093248
recall = 0.8416666666666667
