f1 = 0.008849557522123894
loss = 1.396051788330078
precision = 0.75
recall = 0.004451038575667656
