f1 = 0.6352043596730246
loss = 0.2438233009740418
precision = 0.701323706377858
recall = 0.5804780876494023
