f1 = 0.8900218499635835
loss = 0.1371769592165947
precision = 0.8654390934844193
recall = 0.9160419790104948
