f1 = 0.08256880733944955
loss = 1.472788155078888
precision = 0.42857142857142855
recall = 0.04568527918781726
