f1 = 0.14484679665738162
loss = 0.4172448098659515
precision = 0.1352405721716515
recall = 0.15592203898050974
