f1 = 0.1135175504107543
loss = 0.8402086615562439
precision = 0.10841654778887304
recall = 0.11912225705329153
