f1 = 0.828525641025641
loss = 0.2617605715990067
precision = 0.8206349206349206
recall = 0.8365695792880259
