f1 = 0.06497175141242938
loss = 1.0756240129470824
precision = 0.6764705882352942
recall = 0.03412462908011869
