f1 = 0.6115444617784711
loss = 0.25309624895453453
precision = 0.5552407932011332
recall = 0.6805555555555556
