f1 = 0.654054054054054
loss = 0.48846668004989624
precision = 0.6994219653179191
recall = 0.6142131979695431
