f1 = 0.23087621696801114
loss = 0.38755831867456436
precision = 0.1925754060324826
recall = 0.2881944444444444
