f1 = 0.2175732217573222
loss = 0.9325725138187408
precision = 0.6190476190476191
recall = 0.1319796954314721
