f1 = 0.5271317829457365
loss = 0.4917656898498535
precision = 0.8981132075471698
recall = 0.3730407523510972
