f1 = 0.8776978417266187
loss = 0.1563504733145237
precision = 0.8519553072625698
recall = 0.9050445103857567
