f1 = 0.25000000000000006
loss = 0.3566772282123566
precision = 0.22198275862068967
recall = 0.2861111111111111
