f1 = 0.6203208556149733
loss = 0.44259659945964813
precision = 0.655367231638418
recall = 0.5888324873096447
