f1 = 0.08823529411764706
loss = 0.7537450551986694
precision = 0.07894736842105263
recall = 0.1
