f1 = 0.030150753768844223
loss = 0.771591454744339
precision = 0.029850746268656716
recall = 0.030456852791878174
