f1 = 0.6349206349206349
loss = 0.40930186212062836
precision = 0.6629834254143646
recall = 0.6091370558375635
