f1 = 0.3443708609271523
loss = 0.5111846625804901
precision = 0.6724137931034483
recall = 0.2314540059347181
