f1 = 0.8880918220946915
loss = 0.18481418192386628
precision = 0.8597222222222223
recall = 0.9183976261127597
