f1 = 0.35970149253731337
loss = 0.39921929836273196
precision = 0.3256756756756757
recall = 0.40166666666666667
