f1 = 0.7116402116402116
loss = 0.23544177711009978
precision = 0.6792929292929293
recall = 0.7472222222222222
