f1 = 0.028653295128939826
loss = 1.4144004583358765
precision = 0.23809523809523808
recall = 0.01524390243902439
