f1 = 0.8481421647819063
loss = 0.1381492204964161
precision = 0.822884012539185
recall = 0.875
