f1 = 0.7613941018766757
loss = 0.22645093202590943
precision = 0.8856548856548857
recall = 0.6677115987460815
