f1 = 0.30996309963099633
loss = 0.8005017042160034
precision = 0.5675675675675675
recall = 0.2131979695431472
