f1 = 0.6995073891625615
loss = 0.30948508381843565
precision = 0.6653279785809906
recall = 0.7373887240356083
