f1 = 0.8532763532763533
loss = 0.2225790575146675
precision = 0.8205479452054795
recall = 0.8887240356083086
