f1 = 0.7569775357385976
loss = 0.19782679975032808
precision = 0.6993710691823899
recall = 0.8249258160237388
