f1 = 0.7025210084033613
loss = 0.33766933530569077
precision = 0.6807817589576547
recall = 0.7256944444444444
