f1 = 0.7672634271099744
loss = 0.17741310149431228
precision = 0.8893280632411067
recall = 0.6746626686656672
