f1 = 0.8899917287014062
loss = 0.10219179652631283
precision = 0.8834154351395731
recall = 0.8966666666666666
