f1 = 0.28732394366197184
loss = 0.6333043873310089
precision = 0.3227848101265823
recall = 0.25888324873096447
