f1 = 0.6781789638932495
loss = 0.27776218950748444
precision = 0.6189111747851003
recall = 0.75
