f1 = 0.23694779116465867
loss = 0.5348187872007781
precision = 0.36122448979591837
recall = 0.17629482071713148
