f1 = 0.5714285714285715
loss = 0.5313024818897247
precision = 0.6712328767123288
recall = 0.49746192893401014
