f1 = 0.6997455470737912
loss = 0.19449418932199478
precision = 0.6455399061032864
recall = 0.7638888888888888
