f1 = 0.6336206896551725
loss = 0.19523320496082305
precision = 0.6082758620689656
recall = 0.6611694152923538
