f1 = 0.09876543209876543
loss = 0.5817414462566376
precision = 0.20833333333333334
recall = 0.06472491909385113
