f1 = 0.7929634641407307
loss = 0.16509554386138917
precision = 0.7730870712401056
recall = 0.8138888888888889
