f1 = 0.04545454545454545
loss = 0.6553243517875671
precision = 0.041666666666666664
recall = 0.05
