f1 = 0.5922865013774105
loss = 0.4017808511853218
precision = 0.5402010050251256
recall = 0.6554878048780488
