f1 = 0.872493985565357
loss = 0.13670335486531257
precision = 0.8932676518883416
recall = 0.8526645768025078
