f1 = 0.8539682539682539
loss = 0.16355466470122337
precision = 0.838006230529595
recall = 0.8705501618122977
