f1 = 0.8557377049180328
loss = 0.1869797609746456
precision = 0.8419354838709677
recall = 0.87
