f1 = 0.6276021588280648
loss = 0.2927615702152252
precision = 0.5994108983799705
recall = 0.6585760517799353
