f1 = 0.8632115548003398
loss = 0.12769394218921662
precision = 0.8804159445407279
recall = 0.8466666666666667
