f1 = 0.8155452436194897
loss = 0.16056240057600113
precision = 0.7922614575507138
recall = 0.8402390438247012
