f1 = 0.3751363140676117
loss = 0.44350600242614746
precision = 0.7078189300411523
recall = 0.2551928783382789
