f1 = 0.5189393939393939
loss = 0.31767225861549375
precision = 0.7043701799485861
recall = 0.4107946026986507
