f1 = 0.10126582278481013
loss = 1.4547320230334413
precision = 0.6403712296983759
recall = 0.0549800796812749
