f1 = 0.6097560975609756
loss = 0.27411581575870514
precision = 0.5434782608695652
recall = 0.6944444444444444
