f1 = 0.6619469026548672
loss = 0.38945166766643524
precision = 0.8201754385964912
recall = 0.5548961424332344
