f1 = 0.0445859872611465
loss = 1.1815749764442445
precision = 0.042682926829268296
recall = 0.04666666666666667
