f1 = 0.8447909284195605
loss = 0.22885512113571166
precision = 0.8086838534599728
recall = 0.884272997032641
