f1 = 0.03526448362720403
loss = 0.9012037873268127
precision = 0.03225806451612903
recall = 0.03888888888888889
