f1 = 0.6737588652482269
loss = 0.35481045246124265
precision = 0.8370044052863436
recall = 0.5637982195845698
