f1 = 0.035398230088495575
loss = 0.8921129822731018
precision = 0.03248259860788863
recall = 0.03888888888888889
