f1 = 0.6417112299465241
loss = 0.4344111382961273
precision = 0.6779661016949152
recall = 0.6091370558375635
