f1 = 0.9287288758265981
loss = 0.08550038710236549
precision = 0.9106628242074928
recall = 0.9475262368815592
