f1 = 0.7782204515272244
loss = 0.20184565782546998
precision = 0.7455470737913485
recall = 0.8138888888888889
