f1 = 0.8700646087580761
loss = 0.22197590619325638
precision = 0.8428372739916551
recall = 0.8991097922848664
