f1 = 0.7587131367292226
loss = 0.24819429218769073
precision = 0.7331606217616581
recall = 0.7861111111111111
