f1 = 0.7832973362131029
loss = 0.1320517748594284
precision = 0.7608391608391608
recall = 0.8071216617210683
