f1 = 0.9002256450505248
loss = 0.10368578166098279
precision = 0.8869128165474579
recall = 0.9139442231075697
