f1 = 0.8790264853256979
loss = 0.1605449564754963
precision = 0.8492392807745505
recall = 0.9109792284866469
