f1 = 0.7610062893081759
loss = 0.2804512053728104
precision = 0.7400611620795107
recall = 0.7831715210355987
