f1 = 0.1435897435897436
loss = 0.7873571276664734
precision = 0.13480055020632736
recall = 0.1536050156739812
