f1 = 0.48031496062992135
loss = 0.6217763349413872
precision = 0.6777777777777778
recall = 0.3719512195121951
