f1 = 0.3526448362720403
loss = 0.40634848475456237
precision = 0.3225806451612903
recall = 0.3888888888888889
