f1 = 0.8758915834522112
loss = 0.18007947504520416
precision = 0.8434065934065934
recall = 0.9109792284866469
