f1 = 0.0027700831024930744
loss = 1.2983234643936157
precision = 0.0025974025974025974
recall = 0.002967359050445104
