f1 = 0.71889400921659
loss = 0.10290307179093361
precision = 0.7222222222222222
recall = 0.7155963302752294
