f1 = 0.766355140186916
loss = 0.09174379855394363
precision = 0.780952380952381
recall = 0.7522935779816514
