f1 = 0.3823529411764706
loss = 0.3571734368801117
precision = 0.3587385019710907
recall = 0.40929535232383807
