f1 = 0.8545067423704754
loss = 0.19237800389528276
precision = 0.819047619047619
recall = 0.8931750741839762
