f1 = 0.5487719298245614
loss = 0.3146022528409958
precision = 0.5206391478029294
recall = 0.5801186943620178
