f1 = 0.7130434782608694
loss = 0.320064440369606
precision = 0.6795580110497238
recall = 0.75
