f1 = 0.7480245829675154
loss = 0.21378251314163207
precision = 0.902542372881356
recall = 0.638680659670165
