f1 = 0.053221288515406154
loss = 0.9288111209869385
precision = 0.475
recall = 0.028189910979228485
