f1 = 0.8376353039134053
loss = 0.16473354622721673
precision = 0.8934280639431617
recall = 0.7884012539184952
