f1 = 0.23606557377049178
loss = 0.5385328978300095
precision = 0.3333333333333333
recall = 0.18274111675126903
