f1 = 0.028277634961439587
loss = 0.7873183131217957
precision = 0.02631578947368421
recall = 0.030555555555555555
