f1 = 0.6420454545454546
loss = 0.3811841905117035
precision = 0.7290322580645161
recall = 0.5736040609137056
