f1 = 0.3973509933774835
loss = 0.7135418772697448
precision = 0.7758620689655172
recall = 0.26706231454005935
