f1 = 0.7753568745304282
loss = 0.15569860786199569
precision = 0.7445887445887446
recall = 0.8087774294670846
