f1 = 0.914342040413997
loss = 0.09954805529845294
precision = 0.9049756097560976
recall = 0.9239043824701195
