f1 = 0.9057437407952872
loss = 0.09759217724204064
precision = 0.8900144717800289
recall = 0.9220389805097451
