f1 = 0.04909560723514212
loss = 0.8525495052337646
precision = 0.04589371980676329
recall = 0.05277777777777778
