f1 = 0.17054263565891473
loss = 0.7369048595428467
precision = 0.36065573770491804
recall = 0.1116751269035533
