f1 = 0.6991150442477876
loss = 0.31476542353630066
precision = 0.6771428571428572
recall = 0.7225609756097561
