f1 = 0.23244552058111378
loss = 0.5665765851736069
precision = 0.2222222222222222
recall = 0.2436548223350254
