f1 = 0.5962059620596206
loss = 0.4748186767101288
precision = 0.6395348837209303
recall = 0.5583756345177665
