f1 = 0.029268292682926828
loss = 0.9789529740810394
precision = 0.375
recall = 0.015228426395939087
