f1 = 0.9016897081413211
loss = 0.10014144182205201
precision = 0.8840361445783133
recall = 0.9200626959247649
