f1 = 0.6466973886328725
loss = 0.23964622616767883
precision = 0.6703821656050956
recall = 0.6246290801186943
