f1 = 0.10241296739731075
loss = 1.4751770227563148
precision = 0.6797066014669927
recall = 0.055378486055776895
