f1 = 0.014084507042253521
loss = 0.6345072388648987
precision = 0.013100436681222707
recall = 0.015228426395939087
