f1 = 0.6285160038797284
loss = 0.40861780047416685
precision = 0.8244274809160306
recall = 0.5078369905956113
