f1 = 0.15970149253731342
loss = 0.955792772769928
precision = 0.15242165242165243
recall = 0.1677115987460815
