f1 = 0.04585798816568047
loss = 0.8690490484237671
precision = 0.04223433242506812
recall = 0.05016181229773463
