f1 = 0.776725304465494
loss = 0.2177630603313446
precision = 0.7572559366754618
recall = 0.7972222222222223
