f1 = 0.8714596949891067
loss = 0.13788067251443864
precision = 0.8450704225352113
recall = 0.8995502248875562
