f1 = 0.2996941896024465
loss = 0.31632218658924105
precision = 0.3333333333333333
recall = 0.2722222222222222
