f1 = 0.6487341772151899
loss = 0.3647357225418091
precision = 0.5959302325581395
recall = 0.7118055555555556
