f1 = 0.6377204884667571
loss = 0.2868675947189331
precision = 0.623342175066313
recall = 0.6527777777777778
