f1 = 0.7368421052631581
loss = 0.0979189969599247
precision = 0.7058823529411765
recall = 0.7706422018348624
