f1 = 0.7868852459016392
loss = 0.24423583447933198
precision = 0.8752399232245681
recall = 0.7147335423197492
