f1 = 0.29565217391304344
loss = 0.10943988114595413
precision = 0.2809917355371901
recall = 0.3119266055045872
