f1 = 0.8236272878535773
loss = 0.2310311056673527
precision = 0.8222591362126246
recall = 0.825
