f1 = 0.9134545454545454
loss = 0.08877524435520172
precision = 0.8870056497175142
recall = 0.9415292353823088
