f1 = 0.2598425196850394
loss = 0.8959737718105316
precision = 0.5789473684210527
recall = 0.16751269035532995
