f1 = 0.5409582689335394
loss = 0.2879689559340477
precision = 0.48746518105849584
recall = 0.6076388888888888
