f1 = 0.6727509778357236
loss = 0.22453826665878296
precision = 0.6339066339066339
recall = 0.7166666666666667
