f1 = 0.48661233993015135
loss = 0.7158928215503693
precision = 0.806949806949807
recall = 0.34833333333333333
