f1 = 0.883720930232558
loss = 0.1922268569469452
precision = 0.8660968660968661
recall = 0.9020771513353115
