f1 = 0.6919060052219321
loss = 0.2465642049908638
precision = 0.6527093596059114
recall = 0.7361111111111112
