f1 = 0.5465116279069767
loss = 0.13508575931191444
precision = 0.746031746031746
recall = 0.43119266055045874
