f1 = 0.10526315789473685
loss = 1.3185384273529053
precision = 0.9166666666666666
recall = 0.05583756345177665
