f1 = 0.914536157779401
loss = 0.08324571028351783
precision = 0.8917378917378918
recall = 0.9385307346326837
