f1 = 0.13554216867469882
loss = 1.3094672679901123
precision = 0.703125
recall = 0.075
