f1 = 0.9235521235521236
loss = 0.08765674829483032
precision = 0.9101978691019786
recall = 0.9373040752351097
