f1 = 0.2794759825327511
loss = 0.41842876374721527
precision = 0.3764705882352941
recall = 0.2222222222222222
