f1 = 0.7407724403551941
loss = 0.1696669911490936
precision = 0.8000924428010169
recall = 0.6896414342629482
