f1 = 0.0637329286798179
loss = 1.488147497177124
precision = 0.5121951219512195
recall = 0.03398058252427184
