f1 = 0.0326530612244898
loss = 1.7404926337447821
precision = 0.672
recall = 0.016733067729083666
