f1 = 0.8912547528517111
loss = 0.11523871123790741
precision = 0.8655834564254062
recall = 0.9184952978056427
