f1 = 0.17733990147783252
loss = 0.612298309803009
precision = 0.1722488038277512
recall = 0.18274111675126903
