f1 = 0.779816513761468
loss = 0.09778819531202317
precision = 0.7798165137614679
recall = 0.7798165137614679
