f1 = 0.06837606837606838
loss = 0.22460826933383943
precision = 0.064
recall = 0.07339449541284404
