f1 = 0.036226415094339624
loss = 1.0392818808555604
precision = 0.033946251768033946
recall = 0.038834951456310676
