f1 = 0.5321354526606772
loss = 0.3188076734542847
precision = 0.49805950840879687
recall = 0.5712166172106825
