f1 = 0.1134654818865345
loss = 0.6401391386985779
precision = 0.10427135678391959
recall = 0.12443778110944528
