f1 = 0.016238159675236806
loss = 1.4290639758110046
precision = 0.014598540145985401
recall = 0.018292682926829267
