f1 = 0.3682795698924731
loss = 0.4894711896777153
precision = 0.3293269230769231
recall = 0.4176829268292683
