f1 = 0.380952380952381
loss = 0.8607010841369629
precision = 0.6842105263157895
recall = 0.2639593908629442
