f1 = 0.5885450954575379
loss = 0.25714061558246615
precision = 0.5289940828402366
recall = 0.6632047477744807
