f1 = 0.7723636363636363
loss = 0.18196083456277848
precision = 0.7574893009985735
recall = 0.787833827893175
