f1 = 0.92804902154576
loss = 0.0909607906528525
precision = 0.9209493919183994
recall = 0.9352589641434262
