f1 = 0.07929515418502203
loss = 0.7299249470233917
precision = 0.3
recall = 0.04568527918781726
