f1 = 0.8537735849056604
loss = 0.1755795083940029
precision = 0.8302752293577982
recall = 0.8786407766990292
