f1 = 0.05832865956253505
loss = 1.3961243909948013
precision = 0.47416413373860183
recall = 0.031075697211155377
