f1 = 0.11267605633802817
loss = 1.3590319156646729
precision = 0.75
recall = 0.06091370558375635
