f1 = 0.5239294710327456
loss = 0.2867001324892044
precision = 0.4792626728110599
recall = 0.5777777777777777
