f1 = 0.3354564755838641
loss = 0.6951121926307678
precision = 0.7117117117117117
recall = 0.21944444444444444
