f1 = 0.8555008210180624
loss = 0.19012000933289527
precision = 0.8982758620689655
recall = 0.8166144200626959
