f1 = 0.7626582278481013
loss = 0.22994328290224075
precision = 0.7005813953488372
recall = 0.8368055555555556
