f1 = 0.33967582804792107
loss = 0.4707391083240509
precision = 0.3204787234042553
recall = 0.3613193403298351
