f1 = 0.8377358490566039
loss = 0.10588972866535187
precision = 0.8078602620087336
recall = 0.8699059561128527
