f1 = 0.5993265993265993
loss = 0.22043478190898896
precision = 0.5487053020961775
recall = 0.6602373887240356
