f1 = 0.6634615384615384
loss = 0.11966301575303077
precision = 0.696969696969697
recall = 0.6330275229357798
