f1 = 0.7601809954751132
loss = 0.08861996307969093
precision = 0.75
recall = 0.7706422018348624
