f1 = 0.22794117647058823
loss = 0.7084008574485778
precision = 0.6549295774647887
recall = 0.13798219584569732
