f1 = 0.6429223744292238
loss = 0.3691455751657486
precision = 0.836104513064133
recall = 0.5222551928783383
