f1 = 0.4
loss = 0.6319204866886139
precision = 0.6204379562043796
recall = 0.2951388888888889
