f1 = 0.9215976331360948
loss = 0.09397267922759056
precision = 0.9094890510948905
recall = 0.9340329835082459
