f1 = 0.9220588235294117
loss = 0.07319747656583786
precision = 0.9047619047619048
recall = 0.9400299850074962
