f1 = 0.861280487804878
loss = 0.10485858470201492
precision = 0.8382789317507419
recall = 0.8855799373040752
