f1 = 0.3206997084548105
loss = 0.6519015431404114
precision = 0.3767123287671233
recall = 0.27918781725888325
