f1 = 0.7294117647058822
loss = 0.273924420773983
precision = 0.6888888888888889
recall = 0.775
