f1 = 0.7510917030567685
loss = 0.10840579643845558
precision = 0.7166666666666667
recall = 0.7889908256880734
