f1 = 0.5675675675675675
loss = 0.08658148050308227
precision = 0.5575221238938053
recall = 0.5779816513761468
