f1 = 0.42391304347826086
loss = 0.28863377273082735
precision = 0.36533957845433257
recall = 0.5048543689320388
