f1 = 0.8788977519941987
loss = 0.11934012100100518
precision = 0.851123595505618
recall = 0.9085457271364318
