f1 = 0.6496240601503759
loss = 0.27124781906604767
precision = 0.5729442970822282
recall = 0.75
