f1 = 0.30678466076696165
loss = 0.4849965423345566
precision = 0.26666666666666666
recall = 0.3611111111111111
