f1 = 0.3685446009389672
loss = 0.7390814304351807
precision = 0.8820224719101124
recall = 0.23293768545994065
