f1 = 0.17168674698795178
loss = 0.8029651641845703
precision = 0.16521739130434782
recall = 0.1786833855799373
