f1 = 0.8828571428571429
loss = 0.17449012249708176
precision = 0.8512396694214877
recall = 0.9169139465875371
