f1 = 0.00039674667724657806
loss = 1.5734242972205668
precision = 0.047619047619047616
recall = 0.00019920318725099602
