f1 = 0.6990291262135923
loss = 0.09943119361996651
precision = 0.7422680412371134
recall = 0.6605504587155964
