f1 = 0.7094650205761317
loss = 0.28925061523914336
precision = 0.7966728280961183
recall = 0.6394658753709199
