f1 = 0.9090909090909091
loss = 0.07928272485733032
precision = 0.882768361581921
recall = 0.9370314842578711
