f1 = 0.5358255451713396
loss = 0.34204868227243423
precision = 0.4858757062146893
recall = 0.5972222222222222
