f1 = 0.05641025641025641
loss = 0.9953976571559906
precision = 0.05699481865284974
recall = 0.05583756345177665
