f1 = 0.6211180124223603
loss = 0.28574087023735045
precision = 0.5617977528089888
recall = 0.6944444444444444
