f1 = 0.24864864864864863
loss = 0.9564463019371032
precision = 0.9019607843137255
recall = 0.14420062695924765
