f1 = 0.39821029082774057
loss = 0.6563922941684723
precision = 0.8090909090909091
recall = 0.26409495548961426
