f1 = 0.869192280200143
loss = 0.2290142595767975
precision = 0.8386206896551724
recall = 0.9020771513353115
