f1 = 0.11627069834413246
loss = 1.3508248346693374
precision = 0.6026119402985075
recall = 0.06434262948207171
