f1 = 0.9141150112023898
loss = 0.09086537659168244
precision = 0.9107142857142857
recall = 0.9175412293853074
