f1 = 0.7850467289719626
loss = 0.09461543057113886
precision = 0.8
recall = 0.7706422018348624
