f1 = 0.7530364372469636
loss = 0.16784589290618895
precision = 0.6905940594059405
recall = 0.827893175074184
