f1 = 0.515527950310559
loss = 0.2545330822467804
precision = 0.48255813953488375
recall = 0.5533333333333333
