f1 = 0.5303265940902022
loss = 0.2930072873830795
precision = 0.5262345679012346
recall = 0.5344827586206896
