f1 = 0.7804878048780488
loss = 0.24191159307956694
precision = 0.7619047619047619
recall = 0.8
