f1 = 0.6813970064148254
loss = 0.2434545040130615
precision = 0.6494565217391305
recall = 0.7166416791604198
