f1 = 0.6296296296296297
loss = 0.4034585654735565
precision = 0.6574585635359116
recall = 0.6040609137055838
