f1 = 0.031134461957579296
loss = 1.8129867408789841
precision = 0.6722689075630253
recall = 0.01593625498007968
