f1 = 0.599236641221374
loss = 0.3868197463452816
precision = 0.6652542372881356
recall = 0.5451388888888888
