f1 = 0.7128712871287128
loss = 0.10211147591471673
precision = 0.7741935483870968
recall = 0.6605504587155964
