f1 = 0.2520507084265473
loss = 0.5258415341377258
precision = 0.24039829302987198
recall = 0.26489028213166144
