f1 = 0.8018433179723502
loss = 0.07500480562448501
precision = 0.8055555555555556
recall = 0.7981651376146789
