f1 = 0.09411764705882353
loss = 0.5841330885887146
precision = 0.08771929824561403
recall = 0.10152284263959391
