f1 = 0.4540540540540541
loss = 0.10171621367335319
precision = 0.5526315789473685
recall = 0.3853211009174312
