f1 = 0.3444730077120823
loss = 0.6847862303256989
precision = 0.3489583333333333
recall = 0.3401015228426396
