f1 = 0.05341246290801187
loss = 0.5978045344352723
precision = 0.05070422535211268
recall = 0.05642633228840126
