f1 = 0.6666666666666666
loss = 0.31255609914660454
precision = 0.5956284153005464
recall = 0.7569444444444444
