f1 = 0.5968586387434553
loss = 0.2633399307727814
precision = 0.5643564356435643
recall = 0.6333333333333333
