f1 = 0.43962848297213625
loss = 0.31893303990364075
precision = 0.39664804469273746
recall = 0.4930555555555556
