f1 = 0.43765903307888043
loss = 0.5283264368772507
precision = 0.4387755102040816
recall = 0.4365482233502538
