f1 = 0.6499339498018493
loss = 0.20224422663450242
precision = 0.6196473551637279
recall = 0.6833333333333333
