f1 = 0.5013774104683195
loss = 0.4844002276659012
precision = 0.5481927710843374
recall = 0.4619289340101523
