f1 = 0.7897681854516387
loss = 0.27730164527893064
precision = 0.7804107424960506
recall = 0.7993527508090615
