f1 = 0.02691218130311615
loss = 0.8123221755027771
precision = 0.025503355704697986
recall = 0.02848575712143928
