f1 = 0.0847723704866562
loss = 0.9140797972679138
precision = 0.08011869436201781
recall = 0.09
