f1 = 0.18709209572153737
loss = 0.6206332981586457
precision = 0.17408906882591094
recall = 0.20219435736677116
