f1 = 0.7788829380260138
loss = 0.12669486179947853
precision = 0.7608370702541106
recall = 0.7978056426332288
