f1 = 0.10866752910737387
loss = 0.6425497904419899
precision = 0.09438202247191012
recall = 0.12804878048780488
