f1 = 0.035346097201767304
loss = 0.8182114362716675
precision = 0.030690537084398978
recall = 0.041666666666666664
