f1 = 0.5359281437125749
loss = 0.3455244451761246
precision = 0.5264705882352941
recall = 0.5457317073170732
