f1 = 0.8895522388059702
loss = 0.1241102859377861
precision = 0.8855869242199108
recall = 0.8935532233883059
