f1 = 0.8943894389438944
loss = 0.10195910520851612
precision = 0.8856209150326797
recall = 0.9033333333333333
