f1 = 0.48132780082987553
loss = 0.3715202063322067
precision = 0.45077720207253885
recall = 0.516320474777448
