f1 = 0.7412140575079872
loss = 0.2593400180339813
precision = 0.6863905325443787
recall = 0.8055555555555556
