f1 = 0.6331811263318113
loss = 0.21576777696609498
precision = 0.6153846153846154
recall = 0.6520376175548589
