f1 = 0.6922339405560882
loss = 0.37888444066047666
precision = 0.8494117647058823
recall = 0.5841423948220065
