f1 = 0.6347826086956521
loss = 0.35881680250167847
precision = 0.6049723756906077
recall = 0.6676829268292683
