f1 = 0.005571030640668523
loss = 1.0791934251785278
precision = 0.005249343832020997
recall = 0.005934718100890208
