f1 = 0.8168776371308017
loss = 0.19122617542743683
precision = 0.8848263254113345
recall = 0.7586206896551724
