f1 = 0.11436541143654114
loss = 1.082195806503296
precision = 0.82
recall = 0.06146926536731634
