f1 = 0.27343749999999994
loss = 0.40029392540454867
precision = 0.25735294117647056
recall = 0.2916666666666667
