f1 = 0.6193181818181819
loss = 0.1721027672290802
precision = 0.5883940620782726
recall = 0.6536731634182908
