f1 = 0.029926156237854638
loss = 1.712114738483055
precision = 0.6111111111111112
recall = 0.015338645418326692
