f1 = 0.3244837758112094
loss = 0.609411746263504
precision = 0.3873239436619718
recall = 0.27918781725888325
