f1 = 0.8858578607322325
loss = 0.13509898781776428
precision = 0.8581363004172462
recall = 0.9154302670623146
