f1 = 0.04145818441744103
loss = 0.9366876244544983
precision = 0.03961748633879782
recall = 0.043478260869565216
