f1 = 0.8346213292117465
loss = 0.19136617928743363
precision = 0.7988165680473372
recall = 0.8737864077669902
