f1 = 0.5597484276729559
loss = 0.27343578040599825
precision = 0.5615141955835962
recall = 0.5579937304075235
