f1 = 0.5691906005221933
loss = 0.4694914072751999
precision = 0.5860215053763441
recall = 0.5532994923857868
