f1 = 0.8958174904942967
loss = 0.07875178158283233
precision = 0.8700147710487445
recall = 0.9231974921630094
