f1 = 0.7887323943661972
loss = 0.08124332241714001
precision = 0.8076923076923077
recall = 0.7706422018348624
