f1 = 0.011126564673157164
loss = 1.168310210108757
precision = 0.010230179028132993
recall = 0.012195121951219513
