f1 = 0.8505367464905037
loss = 0.19390986673533916
precision = 0.8428805237315876
recall = 0.8583333333333333
