f1 = 0.918800292611558
loss = 0.07732962369918824
precision = 0.8971428571428571
recall = 0.9415292353823088
