f1 = 0.7278106508875739
loss = 0.2848102077841759
precision = 0.7068965517241379
recall = 0.75
