f1 = 0.7059942911512845
loss = 0.2526988208293915
precision = 0.8226164079822617
recall = 0.6183333333333333
