f1 = 0.019900497512437807
loss = 0.9670235812664032
precision = 0.5
recall = 0.01015228426395939
