f1 = 0.5661157024793388
loss = 0.31372377276420593
precision = 0.5282776349614395
recall = 0.6097922848664689
