f1 = 0.05287713841368585
loss = 0.9277149677276612
precision = 0.04956268221574344
recall = 0.056666666666666664
