f1 = 0.47176079734219273
loss = 0.6048412621021271
precision = 0.6826923076923077
recall = 0.3604060913705584
