f1 = 0.7983870967741935
loss = 0.21507446020841597
precision = 0.7734375
recall = 0.825
