f1 = 0.8949545078577338
loss = 0.09144157022237778
precision = 0.8883415435139573
recall = 0.9016666666666666
