f1 = 0.7714748784440844
loss = 0.20379767194390297
precision = 0.723404255319149
recall = 0.8263888888888888
