f1 = 0.8
loss = 0.2618881672620773
precision = 0.7850467289719626
recall = 0.8155339805825242
