f1 = 0.508816120906801
loss = 0.43785814940929413
precision = 0.505
recall = 0.5126903553299492
