f1 = 0.7030625832223701
loss = 0.25361078828573225
precision = 0.6751918158567775
recall = 0.7333333333333333
