f1 = 0.3194842406876791
loss = 0.47482364177703856
precision = 0.2866323907455013
recall = 0.36084142394822005
