f1 = 0.8425472358292513
loss = 0.18007212728261948
precision = 0.7973509933774835
recall = 0.8931750741839762
