f1 = 0.7095709570957096
loss = 0.27350426092743874
precision = 0.6761006289308176
recall = 0.7465277777777778
