f1 = 0.05104408352668214
loss = 1.027344250679016
precision = 0.047619047619047616
recall = 0.055
