f1 = 0.046109510086455335
loss = 1.1767863631248474
precision = 0.8
recall = 0.02373887240356083
