f1 = 0.549865229110512
loss = 0.5759008526802063
precision = 0.5862068965517241
recall = 0.5177664974619289
