f1 = 0.6500712589073634
loss = 0.19689672206546746
precision = 0.6214350590372388
recall = 0.6814741035856574
