f1 = 0.07523510971786836
loss = 0.8859096646308899
precision = 0.07100591715976332
recall = 0.08
