f1 = 0.8430913348946136
loss = 0.22445409446954728
precision = 0.8144796380090498
recall = 0.8737864077669902
