f1 = 0.04987531172069825
loss = 0.7795992791652679
precision = 0.049019607843137254
recall = 0.050761421319796954
