f1 = 0.6426735218508998
loss = 0.27217847406864165
precision = 0.5980861244019139
recall = 0.6944444444444444
