f1 = 0.5764705882352942
loss = 0.12476973831653596
precision = 0.8032786885245902
recall = 0.44954128440366975
