f1 = 0.8296067848882036
loss = 0.10553922429680825
precision = 0.8163884673748103
recall = 0.8432601880877743
