f1 = 0.027439024390243906
loss = 0.8701067864894867
precision = 0.024456521739130436
recall = 0.03125
