f1 = 0.819798917246713
loss = 0.11124420538544655
precision = 0.8091603053435115
recall = 0.8307210031347962
