f1 = 0.8037634408602151
loss = 0.1744102418422699
precision = 0.7786458333333334
recall = 0.8305555555555556
