f1 = 0.5921787709497206
loss = 0.44994567334651947
precision = 0.6583850931677019
recall = 0.5380710659898477
