f1 = 0.39944521497919555
loss = 0.47811829298734665
precision = 0.366412213740458
recall = 0.43902439024390244
