f1 = 0.4329896907216495
loss = 0.7068838119506836
precision = 0.8042553191489362
recall = 0.2962382445141066
