f1 = 0.5306122448979592
loss = 0.6000646352767944
precision = 0.6232876712328768
recall = 0.4619289340101523
