f1 = 0.5156250000000001
loss = 0.2906802073121071
precision = 0.46875
recall = 0.5729166666666666
