f1 = 0.028744326777609682
loss = 1.1081387281417847
precision = 0.026988636363636364
recall = 0.030744336569579287
