f1 = 0.7783203125000001
loss = 0.1396883116925464
precision = 0.7634099616858238
recall = 0.7938247011952191
