f1 = 0.9235294117647059
loss = 0.07609055656939745
precision = 0.9062049062049062
recall = 0.9415292353823088
