f1 = 0.8890688259109313
loss = 0.11064975261688233
precision = 0.9195979899497487
recall = 0.8605015673981191
