f1 = 0.1272727272727273
loss = 1.1536098718643188
precision = 0.6086956521739131
recall = 0.07106598984771574
