f1 = 0.7547169811320755
loss = 0.07968847006559372
precision = 0.7766990291262136
recall = 0.7339449541284404
