f1 = 0.85126582278481
loss = 0.16742709130048752
precision = 0.8328173374613003
recall = 0.8705501618122977
