f1 = 0.7377279102384292
loss = 0.2298036113381386
precision = 0.699468085106383
recall = 0.7804154302670623
