f1 = 0.5863013698630137
loss = 0.4582541584968567
precision = 0.6369047619047619
recall = 0.5431472081218274
