f1 = 0.9200652528548124
loss = 0.10064299628138543
precision = 0.9009584664536742
recall = 0.94
