f1 = 0.6210526315789474
loss = 0.4549618810415268
precision = 0.644808743169399
recall = 0.5989847715736041
