f1 = 0.23848238482384826
loss = 0.5050543487071991
precision = 0.2603550295857988
recall = 0.22
