f1 = 0.6137566137566137
loss = 0.39680321514606476
precision = 0.6408839779005525
recall = 0.5888324873096447
