f1 = 0.14285714285714285
loss = 0.13159770667552947
precision = 0.13178294573643412
recall = 0.1559633027522936
