f1 = 0.7763259031514219
loss = 0.189373429864645
precision = 0.7616892911010558
recall = 0.7915360501567398
