f1 = 0.6493506493506492
loss = 0.3827880918979645
precision = 0.6648936170212766
recall = 0.6345177664974619
