f1 = 0.148471615720524
loss = 1.3878127932548523
precision = 0.53125
recall = 0.08629441624365482
