f1 = 0.8229166666666666
loss = 0.1876494877040386
precision = 0.8586956521739131
recall = 0.79
