f1 = 0.4140676841406769
loss = 0.22527930736541749
precision = 0.37142857142857144
recall = 0.46776611694152925
