f1 = 0.8045047646549234
loss = 0.1404394686733391
precision = 0.7783572359843546
recall = 0.8324701195219123
