f1 = 0.7407407407407407
loss = 0.07817167565226554
precision = 0.7476635514018691
recall = 0.7339449541284404
