f1 = 0.33333333333333337
loss = 0.46777548640966415
precision = 0.2878787878787879
recall = 0.3958333333333333
