f1 = 0.7946428571428571
loss = 0.09872128367424012
precision = 0.7739130434782608
recall = 0.8165137614678899
