f1 = 0.7650793650793651
loss = 0.22582732141017914
precision = 0.7046783625730995
recall = 0.8368055555555556
