f1 = 0.7264833574529668
loss = 0.29736537858843803
precision = 0.6914600550964187
recall = 0.7652439024390244
