f1 = 0.6887131560028755
loss = 0.19845007210969925
precision = 0.6680613668061367
recall = 0.7106824925816023
