f1 = 0.6193293885601578
loss = 0.3473886325955391
precision = 0.7168949771689498
recall = 0.5451388888888888
