f1 = 0.709470304975923
loss = 0.22691844403743744
precision = 0.6597014925373135
recall = 0.7673611111111112
