f1 = 0.7741007194244605
loss = 0.2616342566907406
precision = 0.7329700272479565
recall = 0.8201219512195121
