f1 = 0.8333333333333333
loss = 0.19642037898302078
precision = 0.8253968253968254
recall = 0.8414239482200647
