f1 = 0.569060773480663
loss = 0.4568881243467331
precision = 0.6242424242424243
recall = 0.5228426395939086
