f1 = 0.5027027027027028
loss = 0.48754674196243286
precision = 0.5375722543352601
recall = 0.4720812182741117
