f1 = 0.7030716723549488
loss = 0.3016450643539429
precision = 0.8273092369477911
recall = 0.6112759643916914
