f1 = 0.8780131482834185
loss = 0.12351650893688201
precision = 0.8561253561253561
recall = 0.9010494752623688
