f1 = 0.9065849923430321
loss = 0.083470618724823
precision = 0.8862275449101796
recall = 0.9278996865203761
