f1 = 0.9198813056379822
loss = 0.08547406025486541
precision = 0.9135559921414538
recall = 0.9262948207171314
