f1 = 0.855564325177585
loss = 0.17713725566864014
precision = 0.8351309707241911
recall = 0.8770226537216829
