f1 = 0.08272859216255442
loss = 0.8158295512199402
precision = 0.07702702702702703
recall = 0.08934169278996865
