f1 = 0.2732919254658385
loss = 0.8592374205589295
precision = 0.7971014492753623
recall = 0.16491754122938532
