f1 = 0.19613670133729566
loss = 0.7030594944953918
precision = 0.1864406779661017
recall = 0.20689655172413793
