f1 = 0.04143426294820717
loss = 1.1942168354988099
precision = 0.03969465648854962
recall = 0.043333333333333335
