f1 = 0.34292866082603257
loss = 0.2897040039300919
precision = 0.3120728929384966
recall = 0.38055555555555554
