f1 = 0.8238482384823848
loss = 0.16919992119073868
precision = 0.8042328042328042
recall = 0.8444444444444444
