f1 = 0.4512
loss = 0.33027999848127365
precision = 0.47474747474747475
recall = 0.4298780487804878
