f1 = 0.42857142857142855
loss = 0.5227303802967072
precision = 0.44751381215469616
recall = 0.41116751269035534
