f1 = 0.028436018957345974
loss = 1.028947502374649
precision = 0.21428571428571427
recall = 0.015228426395939087
