f1 = 0.06340167046317388
loss = 1.6597472814952625
precision = 0.6733870967741935
recall = 0.03326693227091634
