f1 = 0.9053497942386831
loss = 0.09236547518521547
precision = 0.8943089430894309
recall = 0.9166666666666666
