f1 = 0.41620879120879123
loss = 0.410020524263382
precision = 0.3874680306905371
recall = 0.4495548961424332
