f1 = 0.5458362491252624
loss = 0.35298279821872713
precision = 0.5165562913907285
recall = 0.5786350148367952
