f1 = 0.2751091703056769
loss = 0.7491048336029053
precision = 0.6428571428571429
recall = 0.175
