f1 = 0.011188811188811189
loss = 1.2031760066747665
precision = 0.0103359173126615
recall = 0.012195121951219513
