f1 = 0.8248772504091653
loss = 0.17903824001550675
precision = 0.9081081081081082
recall = 0.7556221889055472
