f1 = 0.34117647058823525
loss = 0.5614228844642639
precision = 0.40559440559440557
recall = 0.29441624365482233
