f1 = 0.34653465346534656
loss = 0.5669999718666077
precision = 0.33816425120772947
recall = 0.3553299492385787
