f1 = 0.4723148765843896
loss = 0.22122749984264373
precision = 0.4254807692307692
recall = 0.5307346326836582
