f1 = 0.359612724757953
loss = 0.5531596019864082
precision = 0.3291139240506329
recall = 0.39634146341463417
