f1 = 0.020486555697823306
loss = 0.8074282526969909
precision = 0.019002375296912115
recall = 0.022222222222222223
