f1 = 0.9129720853858786
loss = 0.09737666472792625
precision = 0.8996763754045307
recall = 0.9266666666666666
