f1 = 0.4495944380069524
loss = 0.627623724937439
precision = 0.8622222222222222
recall = 0.30407523510971785
