f1 = 0.8206349206349206
loss = 0.21427116841077803
precision = 0.8052959501557633
recall = 0.8365695792880259
