f1 = 0.721153846153846
loss = 0.2662133723497391
precision = 0.6696428571428571
recall = 0.78125
