f1 = 0.6387596899224806
loss = 0.30028337240219116
precision = 0.5770308123249299
recall = 0.7152777777777778
