f1 = 0.028328611898016998
loss = 1.1587357759475707
precision = 0.026845637583892617
recall = 0.029985007496251874
