f1 = 0.8693659281894576
loss = 0.11166219264268876
precision = 0.8479880774962743
recall = 0.8918495297805643
