f1 = 0.8708133971291866
loss = 0.16953772753477098
precision = 0.8584905660377359
recall = 0.883495145631068
