f1 = 0.8674329501915709
loss = 0.11148273348808288
precision = 0.848575712143928
recall = 0.8871473354231975
