f1 = 0.6750392464678179
loss = 0.23218434303998947
precision = 0.6160458452722063
recall = 0.7465277777777778
