f1 = 0.5439093484419263
loss = 0.5190479457378387
precision = 0.6153846153846154
recall = 0.4873096446700508
