f1 = 0.0547112462006079
loss = 0.7822397798299789
precision = 0.04864864864864865
recall = 0.0625
