f1 = 0.11965811965811966
loss = 0.2992254614830017
precision = 0.875
recall = 0.06422018348623854
