f1 = 0.6134585289514867
loss = 0.2631639838218689
precision = 0.5584045584045584
recall = 0.6805555555555556
