f1 = 0.8949112887502436
loss = 0.0999657394702309
precision = 0.8762886597938144
recall = 0.9143426294820717
