f1 = 0.9086892488954345
loss = 0.10926811918616294
precision = 0.8929088277858177
recall = 0.9250374812593704
