f1 = 0.7818028643639428
loss = 0.15604053437709808
precision = 0.7904599659284497
recall = 0.7733333333333333
