f1 = 0.33673469387755106
loss = 0.5669810324907303
precision = 0.3384615384615385
recall = 0.3350253807106599
