f1 = 0.6040688575899843
loss = 0.252572987228632
precision = 0.5498575498575499
recall = 0.6701388888888888
