f1 = 0.8706896551724138
loss = 0.17304064929485322
precision = 0.8440111420612814
recall = 0.8991097922848664
