f1 = 0.922737306843267
loss = 0.08533938080072404
precision = 0.9060693641618497
recall = 0.9400299850074962
