f1 = 0.8697095435684647
loss = 0.16275296956300736
precision = 0.8661157024793389
recall = 0.8733333333333333
