f1 = 0.5459940652818991
loss = 0.45650137960910797
precision = 0.6571428571428571
recall = 0.467005076142132
