f1 = 0.7885906040268457
loss = 0.2511460892856121
precision = 0.762987012987013
recall = 0.8159722222222222
