f1 = 0.6315789473684211
loss = 0.35720888152718544
precision = 0.592
recall = 0.676829268292683
