f1 = 0.5157894736842105
loss = 0.4256114214658737
precision = 0.5355191256830601
recall = 0.49746192893401014
