f1 = 0.6258992805755397
loss = 0.20978295505046846
precision = 0.6016597510373444
recall = 0.6521739130434783
