f1 = 0.9183222958057395
loss = 0.10809286460280418
precision = 0.9017341040462428
recall = 0.9355322338830585
