f1 = 0.8616144975288303
loss = 0.18486430495977402
precision = 0.8517915309446255
recall = 0.8716666666666667
