f1 = 0.04818812644564379
loss = 1.5545727610588074
precision = 0.7440476190476191
recall = 0.0249003984063745
