f1 = 0.6106442577030813
loss = 0.40066732466220856
precision = 0.68125
recall = 0.5532994923857868
