f1 = 0.7732115677321156
loss = 0.16695790588855744
precision = 0.7514792899408284
recall = 0.7962382445141066
