f1 = 0.8818443804034581
loss = 0.18622269332408906
precision = 0.8571428571428571
recall = 0.9080118694362018
