f1 = 0.7724498692240628
loss = 0.24428817629814148
precision = 0.8374291115311909
recall = 0.7168284789644013
