f1 = 0.6639784946236559
loss = 0.13986620604991912
precision = 0.6017052375152253
recall = 0.7406296851574213
