f1 = 0.7747747747747747
loss = 0.09740893840789795
precision = 0.7610619469026548
recall = 0.7889908256880734
