f1 = 0.06702412868632707
loss = 0.5665054380893707
precision = 0.3472222222222222
recall = 0.037091988130563795
