f1 = 0.4943820224719102
loss = 0.515723466873169
precision = 0.5534591194968553
recall = 0.4467005076142132
