f1 = 0.06255960328056456
loss = 1.6567513767410726
precision = 0.7354260089686099
recall = 0.03266932270916335
