f1 = 0.7479892761394102
loss = 0.2214203178882599
precision = 0.7227979274611399
recall = 0.775
