f1 = 0.744408945686901
loss = 0.19744254276156425
precision = 0.6893491124260355
recall = 0.8090277777777778
