f1 = 0.735973597359736
loss = 0.29927127808332443
precision = 0.7012578616352201
recall = 0.7743055555555556
