f1 = 0.7786499215070644
loss = 0.2480142593383789
precision = 0.7560975609756098
recall = 0.8025889967637541
