f1 = 0.7553191489361704
loss = 0.21663039177656174
precision = 0.7244897959183674
recall = 0.7888888888888889
