f1 = 0.7578947368421052
loss = 0.19791887998580932
precision = 0.72
recall = 0.8
