f1 = 0.7036399127339534
loss = 0.32357634311797573
precision = 0.8305773922472215
recall = 0.6103585657370518
