f1 = 0.7833109017496637
loss = 0.22239699363708496
precision = 0.7597911227154047
recall = 0.8083333333333333
