f1 = 0.10705973622963537
loss = 0.8948342323303222
precision = 0.10014513788098693
recall = 0.115
