f1 = 0.7378939277478862
loss = 0.16970808506011964
precision = 0.7239819004524887
recall = 0.7523510971786834
