f1 = 0.8277817150956768
loss = 0.19254786074161528
precision = 0.7924016282225237
recall = 0.8664688427299704
