f1 = 0.5076060848678943
loss = 0.28422007858753207
precision = 0.4884437596302003
recall = 0.5283333333333333
