f1 = 0.6529870685048627
loss = 0.24417628691184753
precision = 0.7044039658750288
recall = 0.6085657370517928
