f1 = 0.11304347826086958
loss = 0.7339574992656708
precision = 0.3939393939393939
recall = 0.06598984771573604
