f1 = 0.14035087719298245
loss = 0.7017937362194061
precision = 0.12871287128712872
recall = 0.1543026706231454
