f1 = 0.20689655172413793
loss = 0.5997280180454254
precision = 0.23841059602649006
recall = 0.18274111675126903
