f1 = 0.5982028241335045
loss = 0.28032740354537966
precision = 0.5560859188544153
recall = 0.6472222222222223
