f1 = 0.6255924170616114
loss = 0.24421945512294768
precision = 0.5945945945945946
recall = 0.66
