f1 = 0.9254612546125461
loss = 0.0905948668718338
precision = 0.9113372093023255
recall = 0.9400299850074962
