f1 = 0.6997041420118343
loss = 0.2659014448523521
precision = 0.6976401179941003
recall = 0.701780415430267
