f1 = 0.8705193855157278
loss = 0.15331336855888367
precision = 0.85
recall = 0.8920539730134932
