f1 = 0.9026402640264027
loss = 0.1028763672336936
precision = 0.8937908496732027
recall = 0.9116666666666666
