f1 = 0.6044273339749759
loss = 0.3654531627893448
precision = 0.7458432304038005
recall = 0.5080906148867314
