f1 = 0.763157894736842
loss = 0.28885600343346596
precision = 0.7331460674157303
recall = 0.7957317073170732
