f1 = 0.7207207207207207
loss = 0.0888089518994093
precision = 0.7079646017699115
recall = 0.7339449541284404
