f1 = 0.37802197802197807
loss = 0.8298427388072014
precision = 0.6771653543307087
recall = 0.2621951219512195
