f1 = 0.5532879818594104
loss = 0.3159858241677284
precision = 0.5343065693430656
recall = 0.5736677115987461
