f1 = 0.06906906906906907
loss = 1.1890046834945678
precision = 0.8214285714285714
recall = 0.03605015673981191
