f1 = 0.6503496503496504
loss = 0.3637775331735611
precision = 0.6549295774647887
recall = 0.6458333333333334
