f1 = 0.7954545454545455
loss = 0.23854197561740875
precision = 0.7469512195121951
recall = 0.8506944444444444
