f1 = 0.03902439024390244
loss = 0.976636677980423
precision = 0.03755868544600939
recall = 0.04060913705583756
