f1 = 0.07142857142857142
loss = 0.8177513778209686
precision = 0.2962962962962963
recall = 0.04060913705583756
