f1 = 0.8535980148883374
loss = 0.15607789531350136
precision = 0.8472906403940886
recall = 0.86
