f1 = 0.8355681016231474
loss = 0.19796235859394073
precision = 0.7967698519515478
recall = 0.8783382789317508
