f1 = 0.2694610778443114
loss = 0.6413628160953522
precision = 0.3284671532846715
recall = 0.22842639593908629
