f1 = 0.8992700729927008
loss = 0.12274359166622162
precision = 0.8762446657183499
recall = 0.9235382308845578
