f1 = 0.07852193995381063
loss = 0.979558789730072
precision = 0.07488986784140969
recall = 0.0825242718446602
