f1 = 0.019138755980861243
loss = 1.1219860911369324
precision = 0.16666666666666666
recall = 0.01015228426395939
