f1 = 0.25750000000000006
loss = 0.6962563276290894
precision = 0.7744360902255639
recall = 0.15442278860569716
