f1 = 0.1634756995581738
loss = 0.7801422357559205
precision = 0.15416666666666667
recall = 0.17398119122257052
