f1 = 0.8189368770764119
loss = 0.2042170748114586
precision = 0.8710247349823321
recall = 0.7727272727272727
