f1 = 0.8890532544378699
loss = 0.11641142442822457
precision = 0.8773722627737226
recall = 0.9010494752623688
