f1 = 0.07905138339920947
loss = 0.6328246891498566
precision = 0.17857142857142858
recall = 0.050761421319796954
