f1 = 0.16597510373443983
loss = 0.9923507571220398
precision = 0.45454545454545453
recall = 0.10152284263959391
