f1 = 0.8851963746223565
loss = 0.11096352189779282
precision = 0.8542274052478134
recall = 0.9184952978056427
