f1 = 0.0027739251040221915
loss = 1.2608382850885391
precision = 0.002544529262086514
recall = 0.003048780487804878
