f1 = 0.006939625260235948
loss = 1.156946563720703
precision = 0.00651890482398957
recall = 0.00741839762611276
