f1 = 0.7095761381475667
loss = 0.3022329621016979
precision = 0.6475644699140402
recall = 0.7847222222222222
