f1 = 0.18205804749340368
loss = 0.8226538121700286
precision = 0.8214285714285714
recall = 0.10237388724035608
