f1 = 0.3169107856191744
loss = 0.48289987444877625
precision = 0.28132387706855794
recall = 0.3628048780487805
