f1 = 0.05853658536585366
loss = 0.7374916076660156
precision = 0.056338028169014086
recall = 0.06091370558375635
