f1 = 0.6957328385899814
loss = 0.31307082772254946
precision = 0.8522727272727273
recall = 0.5877742946708464
