f1 = 0.6015831134564643
loss = 0.5177550166845322
precision = 0.6263736263736264
recall = 0.5786802030456852
