f1 = 0.5217391304347826
loss = 0.11490625813603401
precision = 0.64
recall = 0.44036697247706424
