f1 = 0.8758076094759512
loss = 0.20793741047382355
precision = 0.8484005563282336
recall = 0.9050445103857567
