f1 = 0.7128378378378378
loss = 0.3254912607371807
precision = 0.694078947368421
recall = 0.7326388888888888
