f1 = 0.03918613413715147
loss = 1.0634820103645324
precision = 0.036671368124118475
recall = 0.042071197411003236
