f1 = 0.12541254125412543
loss = 0.6420350968837738
precision = 0.1792452830188679
recall = 0.09644670050761421
