f1 = 0.6571428571428571
loss = 0.2946961112320423
precision = 0.6052631578947368
recall = 0.71875
