f1 = 0.29279279279279274
loss = 0.6721471071243286
precision = 0.28097982708933716
recall = 0.3056426332288401
