f1 = 0.2484848484848485
loss = 0.459177415817976
precision = 0.2469879518072289
recall = 0.25
