f1 = 0.7056962025316456
loss = 0.28330880030989647
precision = 0.6482558139534884
recall = 0.7743055555555556
