f1 = 0.5699208443271768
loss = 0.4885212630033493
precision = 0.5934065934065934
recall = 0.5482233502538071
