f1 = 0.6382252559726963
loss = 0.35662638396024704
precision = 0.62751677852349
recall = 0.6493055555555556
