f1 = 0.6283185840707964
loss = 0.11436161771416664
precision = 0.6068376068376068
recall = 0.6513761467889908
