f1 = 0.5592233009708738
loss = 0.28865084424614906
precision = 0.6343612334801763
recall = 0.5
