f1 = 0.5070921985815603
loss = 0.43126222491264343
precision = 0.7009803921568627
recall = 0.3972222222222222
