f1 = 0.6791366906474819
loss = 0.305527962744236
precision = 0.6430517711171662
recall = 0.7195121951219512
