f1 = 0.748335552596538
loss = 0.19392551481723785
precision = 0.7186700767263428
recall = 0.7805555555555556
