f1 = 0.38248847926267276
loss = 0.6134981215000153
precision = 0.8556701030927835
recall = 0.24629080118694363
