f1 = 0.71889400921659
loss = 0.0899773370474577
precision = 0.7222222222222222
recall = 0.7155963302752294
