f1 = 0.5974884335756775
loss = 0.2184556692838669
precision = 0.5342789598108747
recall = 0.6776611694152923
