f1 = 0.7040110650069157
loss = 0.27535648345947267
precision = 0.6593264248704663
recall = 0.755192878338279
