f1 = 0.059322033898305086
loss = 0.2061531126499176
precision = 0.05511811023622047
recall = 0.06422018348623854
