f1 = 0.8842857142857143
loss = 0.18393865674734117
precision = 0.8526170798898072
recall = 0.9183976261127597
