f1 = 0.7196870925684484
loss = 0.19808657020330428
precision = 0.6781326781326781
recall = 0.7666666666666667
