f1 = 0.64
loss = 0.5103113204240799
precision = 0.6741573033707865
recall = 0.6091370558375635
