f1 = 0.842443729903537
loss = 0.22858222723007202
precision = 0.8370607028753994
recall = 0.8478964401294499
