f1 = 0.7662782727895817
loss = 0.1505935087800026
precision = 0.7058080808080808
recall = 0.8380809595202399
