f1 = 0.7614379084967321
loss = 0.2693767622113228
precision = 0.7191358024691358
recall = 0.8090277777777778
