f1 = 0.9195402298850576
loss = 0.08444958329200744
precision = 0.8995502248875562
recall = 0.9404388714733543
