f1 = 0.6414523449319215
loss = 0.2748778313398361
precision = 0.5683646112600537
recall = 0.7361111111111112
