f1 = 0.02239328201539538
loss = 0.9088180303573609
precision = 0.02099737532808399
recall = 0.0239880059970015
