f1 = 0.8947804473902237
loss = 0.1398538924753666
precision = 0.8896210873146623
recall = 0.9
