f1 = 0.765494137353434
loss = 0.20640704184770584
precision = 0.8788461538461538
recall = 0.6780415430267063
