f1 = 0.3894523326572008
loss = 0.5991905808448792
precision = 0.7218045112781954
recall = 0.26666666666666666
