f1 = 0.7053571428571429
loss = 0.12588246837258338
precision = 0.6869565217391305
recall = 0.7247706422018348
