f1 = 0.5774278215223098
loss = 0.5340376794338226
precision = 0.5978260869565217
recall = 0.5583756345177665
