f1 = 0.7170418006430868
loss = 0.28412308916449547
precision = 0.6676646706586826
recall = 0.7743055555555556
