f1 = 0.2151898734177215
loss = 0.442433825135231
precision = 0.7327586206896551
recall = 0.1261127596439169
