f1 = 0.8607395751376868
loss = 0.16729816496372224
precision = 0.8376722817764165
recall = 0.8851132686084142
