f1 = 0.8440065681444991
loss = 0.21759188622236253
precision = 0.8317152103559871
recall = 0.8566666666666667
