f1 = 0.5753424657534247
loss = 0.09616237133741379
precision = 0.5727272727272728
recall = 0.5779816513761468
