f1 = 0.5414364640883979
loss = 0.12277188822627068
precision = 0.6805555555555556
recall = 0.44954128440366975
