f1 = 0.7223113964686999
loss = 0.20948006212711334
precision = 0.6716417910447762
recall = 0.78125
