f1 = 0.7065693430656934
loss = 0.303572416305542
precision = 0.6778711484593838
recall = 0.7378048780487805
