f1 = 0.7667560321715818
loss = 0.2174366146326065
precision = 0.7409326424870466
recall = 0.7944444444444444
