f1 = 0.6572549019607843
loss = 0.2203553393483162
precision = 0.697171381031614
recall = 0.6216617210682492
