f1 = 0.9184423218221897
loss = 0.07451892793178558
precision = 0.9005763688760807
recall = 0.9370314842578711
