f1 = 0.7483176312247645
loss = 0.2347243219614029
precision = 0.7258485639686684
recall = 0.7722222222222223
