f1 = 0.03289924605894448
loss = 0.8936898350715637
precision = 0.030573248407643312
recall = 0.03560830860534125
