f1 = 0.01694915254237288
loss = 0.2448963403701782
precision = 0.015748031496062992
recall = 0.01834862385321101
