f1 = 0.020497803806734993
loss = 0.6930001676082611
precision = 0.7777777777777778
recall = 0.010385756676557863
