f1 = 0.8052754072924748
loss = 0.13673606887459755
precision = 0.7972350230414746
recall = 0.8134796238244514
