f1 = 0.049999999999999996
loss = 0.9985180199146271
precision = 0.04926108374384237
recall = 0.050761421319796954
