f1 = 0.7488151658767772
loss = 0.07828766778111458
precision = 0.7745098039215687
recall = 0.7247706422018348
