f1 = 0.2029598308668076
loss = 0.3057103902101517
precision = 0.3116883116883117
recall = 0.15047021943573669
