f1 = 0.731638418079096
loss = 0.2645206734538078
precision = 0.7442528735632183
recall = 0.7194444444444444
