f1 = 0.7842105263157896
loss = 0.18495013564825058
precision = 0.745
recall = 0.8277777777777777
