f1 = 0.004118050789293067
loss = 1.2472907662391663
precision = 0.0038314176245210726
recall = 0.004451038575667656
