f1 = 0.7415730337078652
loss = 0.211587056517601
precision = 0.6895522388059702
recall = 0.8020833333333334
