f1 = 0.002962962962962963
loss = 0.37095355689525605
precision = 1.0
recall = 0.001483679525222552
