f1 = 0.5194508009153318
loss = 0.607927429676056
precision = 0.8284671532846716
recall = 0.37833333333333335
