f1 = 0.0358744394618834
loss = 1.2267305612564088
precision = 0.03333333333333333
recall = 0.038834951456310676
