f1 = 0.7521865889212828
loss = 0.28731124475598335
precision = 0.7206703910614525
recall = 0.7865853658536586
