f1 = 0.7764350453172206
loss = 0.20743255615234374
precision = 0.7280453257790368
recall = 0.8317152103559871
