f1 = 0.25692695214105793
loss = 0.667005866765976
precision = 0.255
recall = 0.25888324873096447
