f1 = 0.6040609137055838
loss = 0.3824447840452194
precision = 0.6040609137055838
recall = 0.6040609137055838
