f1 = 0.40479041916167663
loss = 0.6212094068527222
precision = 0.8578680203045685
recall = 0.26489028213166144
