f1 = 0.565597667638484
loss = 0.4310716688632965
precision = 0.6643835616438356
recall = 0.49238578680203043
