f1 = 0.5532435740514076
loss = 0.3177932381629944
precision = 0.49452954048140046
recall = 0.6277777777777778
