f1 = 0.8482003129890454
loss = 0.1808983013033867
precision = 0.8212121212121212
recall = 0.8770226537216829
