f1 = 0.4814189189189189
loss = 0.3367290377616882
precision = 0.5588235294117647
recall = 0.4228486646884273
