f1 = 0.7655629139072847
loss = 0.18361576944589614
precision = 0.7316455696202532
recall = 0.8027777777777778
