f1 = 0.09795918367346938
loss = 1.102516621351242
precision = 0.25
recall = 0.06091370558375635
