f1 = 0.7322834645669292
loss = 0.2016395017504692
precision = 0.6940298507462687
recall = 0.775
