f1 = 0.6963434022257551
loss = 0.16106454730033876
precision = 0.6656534954407295
recall = 0.73
