f1 = 0.8721461187214611
loss = 0.1384949803352356
precision = 0.8856259659969088
recall = 0.8590704647676162
