f1 = 0.7699115044247787
loss = 0.11397586911916732
precision = 0.7435897435897436
recall = 0.7981651376146789
