f1 = 0.91399416909621
loss = 0.08449704125523567
precision = 0.8893617021276595
recall = 0.9400299850074962
