f1 = 0.5337423312883436
loss = 0.5266413390636444
precision = 0.6744186046511628
recall = 0.4416243654822335
