f1 = 0.05113636363636364
loss = 0.45392607897520065
precision = 0.140625
recall = 0.03125
