f1 = 0.21225710014947682
loss = 0.7756511449813843
precision = 0.20285714285714285
recall = 0.2225705329153605
