f1 = 0.7395498392282958
loss = 0.2714931070804596
precision = 0.688622754491018
recall = 0.7986111111111112
