f1 = 0.25221238938053103
loss = 0.5526132732629776
precision = 0.2235294117647059
recall = 0.2893401015228426
