f1 = 0.8655221745350501
loss = 0.22255059480667114
precision = 0.835635359116022
recall = 0.8976261127596439
