f1 = 0.9018067556952082
loss = 0.11137230396270752
precision = 0.9039370078740158
recall = 0.8996865203761756
