f1 = 0.21059782608695649
loss = 0.6036546170711518
precision = 0.19423558897243107
recall = 0.22997032640949555
