f1 = 0.6666666666666667
loss = 0.2602761350572109
precision = 0.5977961432506887
recall = 0.7534722222222222
