f1 = 0.524901185770751
loss = 0.26779972612857816
precision = 0.4992481203007519
recall = 0.5533333333333333
