f1 = 0.7373572593800979
loss = 0.27203165367245674
precision = 0.6953846153846154
recall = 0.7847222222222222
