f1 = 0.6681887366818874
loss = 0.24909805953502656
precision = 0.6307471264367817
recall = 0.7103559870550162
