f1 = 0.23511450381679388
loss = 0.6419075727462769
precision = 0.2098092643051771
recall = 0.2673611111111111
