f1 = 0.4088888888888889
loss = 0.10918973311781884
precision = 0.39655172413793105
recall = 0.42201834862385323
