f1 = 0.7096774193548386
loss = 0.10766446441411973
precision = 0.7129629629629629
recall = 0.7064220183486238
