f1 = 0.8738417676407698
loss = 0.1786222502589226
precision = 0.840877914951989
recall = 0.9094955489614244
