f1 = 0.7566137566137566
loss = 0.20385416001081466
precision = 0.7222222222222222
recall = 0.7944444444444444
