f1 = 0.09176788124156546
loss = 1.0117043018341065
precision = 0.5074626865671642
recall = 0.050445103857566766
