f1 = 0.8
loss = 0.25118173062801363
precision = 0.7791411042944786
recall = 0.8220064724919094
