f1 = 0.8984615384615384
loss = 0.0732197891920805
precision = 0.8821752265861027
recall = 0.9153605015673981
