f1 = 0.8505564387917328
loss = 0.17947106063365936
precision = 0.8359375
recall = 0.8656957928802589
