f1 = 0.334916864608076
loss = 0.7978360772132873
precision = 0.6294642857142857
recall = 0.22815533980582525
