f1 = 0.8348688873139617
loss = 0.19079007655382157
precision = 0.7991858887381276
recall = 0.8738872403560831
