f1 = 0.8763197586727
loss = 0.11272925585508346
precision = 0.8444767441860465
recall = 0.9106583072100314
