f1 = 0.8286969253294291
loss = 0.10882864594459533
precision = 0.8097281831187411
recall = 0.848575712143928
