f1 = 0.7538461538461538
loss = 0.19408637583255767
precision = 0.7401812688821753
recall = 0.768025078369906
