f1 = 0.10215053763440861
loss = 1.2352846711874008
precision = 0.4318181818181818
recall = 0.057926829268292686
