f1 = 0.459016393442623
loss = 0.615729296207428
precision = 0.8467741935483871
recall = 0.3148425787106447
