f1 = 0.07898448519040902
loss = 1.1625406742095947
precision = 0.8
recall = 0.04154302670623145
