f1 = 0.5683229813664596
loss = 0.3576592579483986
precision = 0.5140449438202247
recall = 0.6354166666666666
