f1 = 0.6043437204910294
loss = 0.42290243208408357
precision = 0.8311688311688312
recall = 0.47477744807121663
