f1 = 0.2564885496183206
loss = 0.5029260665178299
precision = 0.22888283378746593
recall = 0.2916666666666667
