f1 = 0.728888888888889
loss = 0.0988584503531456
precision = 0.7068965517241379
recall = 0.7522935779816514
