f1 = 0.8091844813935076
loss = 0.2664157167077065
precision = 0.7922480620155039
recall = 0.8268608414239482
