f1 = 0.05326876513317191
loss = 0.7488325536251068
precision = 0.05092592592592592
recall = 0.05583756345177665
