f1 = 0.7861178369652947
loss = 0.24138285368680953
precision = 0.7621283255086072
recall = 0.8116666666666666
