f1 = 0.6955414012738853
loss = 0.20237424969673157
precision = 0.6423529411764706
recall = 0.7583333333333333
