f1 = 0.8956127080181543
loss = 0.10166481956839561
precision = 0.9038167938931297
recall = 0.8875562218890555
