f1 = 0.31993817619783615
loss = 0.2732553005218506
precision = 0.29827089337175794
recall = 0.345
