f1 = 0.8333333333333334
loss = 0.18091378808021547
precision = 0.8198924731182796
recall = 0.8472222222222222
