f1 = 0.7795698924731184
loss = 0.17515806257724761
precision = 0.7552083333333334
recall = 0.8055555555555556
