f1 = 0.7646176911544228
loss = 0.19543984532356262
precision = 0.7727272727272727
recall = 0.7566765578635015
