f1 = 0.3829787234042554
loss = 0.5065815925598145
precision = 0.6305732484076433
recall = 0.275
