f1 = 0.8739255014326649
loss = 0.21993488669395447
precision = 0.8448753462603878
recall = 0.9050445103857567
