f1 = 0.5306748466257669
loss = 0.34715525060892105
precision = 0.47527472527472525
recall = 0.6006944444444444
