f1 = 0.7759303246239113
loss = 0.24472670555114745
precision = 0.7596899224806202
recall = 0.7928802588996764
