f1 = 0.04146730462519936
loss = 1.0638290524482727
precision = 0.039755351681957186
recall = 0.043333333333333335
