f1 = 0.6934189406099518
loss = 0.2804928421974182
precision = 0.6447761194029851
recall = 0.75
