f1 = 0.5482388973966309
loss = 0.33660798892378807
precision = 0.5507692307692308
recall = 0.5457317073170732
