f1 = 0.712739571589628
loss = 0.30327288894092336
precision = 0.821038961038961
recall = 0.6296812749003984
