f1 = 0.9014084507042254
loss = 0.0932038277387619
precision = 0.8962108731466227
recall = 0.9066666666666666
