f1 = 0.7934621099554234
loss = 0.2580417264252901
precision = 0.7739130434782608
recall = 0.8140243902439024
