f1 = 0.8245614035087719
loss = 0.2458386093378067
precision = 0.8128930817610063
recall = 0.8365695792880259
