f1 = 0.8998527245949927
loss = 0.12123937904834747
precision = 0.8842257597684515
recall = 0.9160419790104948
