f1 = 0.07982261640798226
loss = 0.3255522549152374
precision = 0.1978021978021978
recall = 0.05
