f1 = 0.21066666666666667
loss = 0.9132521748542786
precision = 0.5984848484848485
recall = 0.127831715210356
