f1 = 0.010101010101010102
loss = 0.6799738705158234
precision = 1.0
recall = 0.005076142131979695
