f1 = 0.1776239907727797
loss = 0.33948647379875185
precision = 0.39896373056994816
recall = 0.1142433234421365
