f1 = 0.7696476964769646
loss = 0.22393225133419037
precision = 0.7513227513227513
recall = 0.7888888888888889
