f1 = 0.013462976813762153
loss = 1.1256854295730592
precision = 0.012517385257301807
recall = 0.014563106796116505
