f1 = 0.7818181818181819
loss = 0.0974196307361126
precision = 0.7747747747747747
recall = 0.7889908256880734
