f1 = 0.8565371024734982
loss = 0.20285393297672272
precision = 0.8178137651821862
recall = 0.8991097922848664
