f1 = 0.6003062787136294
loss = 0.28191329538822174
precision = 0.536986301369863
recall = 0.6805555555555556
