f1 = 0.07017543859649124
loss = 1.026308536529541
precision = 0.06930693069306931
recall = 0.07106598984771574
