f1 = 0.8019559902200489
loss = 0.20128775686025618
precision = 0.8078817733990148
recall = 0.7961165048543689
