f1 = 0.840754716981132
loss = 0.09873168170452118
precision = 0.8107714701601164
recall = 0.8730407523510971
