f1 = 0.4475703324808184
loss = 0.3845940500497818
precision = 0.4146919431279621
recall = 0.4861111111111111
