f1 = 0.8
loss = 0.2495272397994995
precision = 0.7850467289719626
recall = 0.8155339805825242
