f1 = 0.48957632817753866
loss = 0.23376663625240326
precision = 0.44772447724477243
recall = 0.5400593471810089
