f1 = 0.12259970457902511
loss = 0.5255028307437897
precision = 0.11277173913043478
recall = 0.1343042071197411
