f1 = 0.7295954577714692
loss = 0.2644796669483185
precision = 0.6993197278911565
recall = 0.7626112759643917
