f1 = 0.44061302681992337
loss = 0.36248170435428617
precision = 0.6216216216216216
recall = 0.34124629080118696
