f1 = 0.7770491803278687
loss = 0.17999279201030732
precision = 0.7645161290322581
recall = 0.79
