f1 = 0.457280385078219
loss = 0.28441988825798037
precision = 0.4033970276008493
recall = 0.5277777777777778
