f1 = 0.515606936416185
loss = 0.7386094152927398
precision = 0.8415094339622642
recall = 0.37166666666666665
