f1 = 0.7692307692307693
loss = 0.07770268954336643
precision = 0.8080808080808081
recall = 0.7339449541284404
