f1 = 0.06956521739130435
loss = 0.2862785592675209
precision = 0.6666666666666666
recall = 0.03669724770642202
