f1 = 0.8346094946401225
loss = 0.10387919470667839
precision = 0.8158682634730539
recall = 0.85423197492163
