f1 = 0.027149321266968326
loss = 0.6661537736654282
precision = 0.024
recall = 0.03125
