f1 = 0.8329336530775381
loss = 0.2283003330230713
precision = 0.8230647709320695
recall = 0.843042071197411
