f1 = 0.008620689655172414
loss = 0.25866596549749377
precision = 0.008130081300813009
recall = 0.009174311926605505
