f1 = 0.5948616600790514
loss = 0.45888320207595823
precision = 0.7639593908629442
recall = 0.48705501618122976
