f1 = 0.4888226527570789
loss = 0.3911681711673737
precision = 0.4530386740331492
recall = 0.5307443365695793
