f1 = 0.7543859649122807
loss = 0.10943860039114953
precision = 0.7226890756302521
recall = 0.7889908256880734
