f1 = 0.6005221932114883
loss = 0.49165259301662445
precision = 0.6182795698924731
recall = 0.583756345177665
