f1 = 0.7934782608695652
loss = 0.2411048337817192
precision = 0.731829573934837
recall = 0.8664688427299704
