f1 = 0.20338983050847456
loss = 0.3827574193477631
precision = 0.3157894736842105
recall = 0.15
