f1 = 0.3797101449275363
loss = 0.4117193639278412
precision = 0.3438320209973753
recall = 0.42394822006472493
