f1 = 0.648895658796649
loss = 0.25559867545962334
precision = 0.6311111111111111
recall = 0.6677115987460815
