f1 = 0.1486988847583643
loss = 0.9592537760734559
precision = 0.14144271570014144
recall = 0.15673981191222572
