f1 = 0.8917881811204912
loss = 0.11137671321630478
precision = 0.8736842105263158
recall = 0.9106583072100314
