f1 = 0.1307901907356948
loss = 1.1046180963516234
precision = 0.7164179104477612
recall = 0.07196401799100449
