f1 = 0.22117647058823525
loss = 0.5637055337429047
precision = 0.20614035087719298
recall = 0.23857868020304568
