f1 = 0.8782918149466192
loss = 0.18139973133802414
precision = 0.8440492476060192
recall = 0.9154302670623146
