f1 = 0.5710843373493976
loss = 0.20896122902631759
precision = 0.5042553191489362
recall = 0.6583333333333333
