f1 = 0.3201930812550282
loss = 0.3880262434482574
precision = 0.3454861111111111
recall = 0.2983508245877061
