f1 = 0.5608108108108109
loss = 0.40290875136852267
precision = 0.7155172413793104
recall = 0.46111111111111114
