f1 = 0.562874251497006
loss = 0.14256951808929444
precision = 0.8103448275862069
recall = 0.43119266055045874
