f1 = 0.042366691015339665
loss = 0.5574229419231415
precision = 0.03967168262653899
recall = 0.045454545454545456
