f1 = 0.6520090978013646
loss = 0.27389090061187743
precision = 0.631424375917768
recall = 0.6739811912225705
