f1 = 0.6718027734976888
loss = 0.2602001167833805
precision = 0.6038781163434903
recall = 0.7569444444444444
