f1 = 0.6029411764705882
loss = 0.40902126729488375
precision = 0.7922705314009661
recall = 0.486646884272997
