f1 = 0.6428571428571429
loss = 0.4682823717594147
precision = 0.6461538461538462
recall = 0.6395939086294417
