f1 = 0.6794520547945205
loss = 0.45426754653453827
precision = 0.7380952380952381
recall = 0.6294416243654822
