f1 = 0.03508771929824562
loss = 0.9650578498840332
precision = 0.034653465346534656
recall = 0.03553299492385787
