f1 = 0.7201946472019465
loss = 0.295779687166214
precision = 0.7014218009478673
recall = 0.74
