f1 = 0.8399649771378539
loss = 0.12733338072019465
precision = 0.8208784940102681
recall = 0.8599601593625498
