f1 = 0.7784615384615385
loss = 0.1769838109612465
precision = 0.7643504531722054
recall = 0.7931034482758621
