f1 = 0.4269662921348315
loss = 0.1146780252456665
precision = 0.5507246376811594
recall = 0.3486238532110092
