f1 = 0.34911242603550297
loss = 0.4183163583278656
precision = 0.3215258855585831
recall = 0.3818770226537217
