f1 = 0.024513338139870222
loss = 1.0423134326934815
precision = 0.02361111111111111
recall = 0.025487256371814093
