f1 = 0.531322505800464
loss = 0.2265603721141815
precision = 0.45617529880478086
recall = 0.6361111111111111
