f1 = 0.3042168674698796
loss = 0.36529790610074997
precision = 0.26861702127659576
recall = 0.3506944444444444
