f1 = 0.5233050847457626
loss = 0.46246976852416993
precision = 0.7576687116564417
recall = 0.39967637540453077
