f1 = 0.4151785714285714
loss = 0.6145318031311036
precision = 0.6690647482014388
recall = 0.30097087378640774
