f1 = 0.8394276629570747
loss = 0.2184610515832901
precision = 0.825
recall = 0.8543689320388349
