f1 = 0.8326724821570183
loss = 0.23286771774291992
precision = 0.8164852255054432
recall = 0.8495145631067961
