f1 = 0.9153335934451815
loss = 0.09221096488866298
precision = 0.8967889908256881
recall = 0.9346613545816733
