f1 = 0.8831814415907208
loss = 0.18368228524923325
precision = 0.8780889621087314
recall = 0.8883333333333333
