f1 = 0.9163934426229507
loss = 0.08989582434296609
precision = 0.9016129032258065
recall = 0.9316666666666666
