f1 = 0.5368171021377673
loss = 0.286713507771492
precision = 0.5255813953488372
recall = 0.5485436893203883
