f1 = 0.8107324147933286
loss = 0.16999972760677337
precision = 0.7543859649122807
recall = 0.8761755485893417
