f1 = 0.16216216216216214
loss = 1.2690147757530212
precision = 0.72
recall = 0.09137055837563451
