f1 = 0.5531914893617021
loss = 0.11404161229729652
precision = 0.6582278481012658
recall = 0.47706422018348627
