f1 = 0.6699999999999999
loss = 0.10525402426719666
precision = 0.7362637362637363
recall = 0.6146788990825688
