f1 = 0.2964959568733153
loss = 0.5895168483257294
precision = 0.3160919540229885
recall = 0.27918781725888325
