f1 = 0.6550079491255962
loss = 0.25094664469361305
precision = 0.6041055718475073
recall = 0.7152777777777778
