f1 = 0.7573333333333333
loss = 0.21328239440917968
precision = 0.7282051282051282
recall = 0.7888888888888889
