f1 = 0.766977363515313
loss = 0.20533733814954758
precision = 0.7365728900255755
recall = 0.8
