f1 = 0.3665521191294387
loss = 0.6614277839660645
precision = 0.8040201005025126
recall = 0.23738872403560832
