f1 = 0.6416906820365034
loss = 0.3304831266403198
precision = 0.893048128342246
recall = 0.5007496251874063
