f1 = 0.8014814814814816
loss = 0.1308598682284355
precision = 0.7598314606741573
recall = 0.8479623824451411
