f1 = 0.6805455850681982
loss = 0.15218667984008788
precision = 0.6528925619834711
recall = 0.7106446776611695
