f1 = 0.6634615384615384
loss = 0.3720424100756645
precision = 0.6993243243243243
recall = 0.6310975609756098
