f1 = 0.8690050107372942
loss = 0.19024594873189926
precision = 0.8395573997233748
recall = 0.900593471810089
