f1 = 0.9361702127659574
loss = 0.07529764324426651
precision = 0.9166666666666666
recall = 0.9565217391304348
