f1 = 0.7640750670241288
loss = 0.22818140983581542
precision = 0.7383419689119171
recall = 0.7916666666666666
