f1 = 0.17337031900138697
loss = 0.615397834777832
precision = 0.16129032258064516
recall = 0.1874062968515742
