f1 = 0.6350974930362118
loss = 0.2788466393947601
precision = 0.8486352357320099
recall = 0.5074183976261127
