f1 = 0.22188905547226384
loss = 0.7966092705726624
precision = 0.21264367816091953
recall = 0.23197492163009403
