f1 = 0.7770177838577292
loss = 0.23038319796323775
precision = 0.7654986522911051
recall = 0.7888888888888889
