f1 = 0.7085346215780999
loss = 0.25005101040005684
precision = 0.6606606606606606
recall = 0.7638888888888888
