f1 = 0.24068767908309455
loss = 0.768754631280899
precision = 0.6885245901639344
recall = 0.14583333333333334
