f1 = 0.7783094098883573
loss = 0.21816017478704453
precision = 0.7197640117994101
recall = 0.8472222222222222
