f1 = 0.9086614173228347
loss = 0.08081245943903922
precision = 0.9129746835443038
recall = 0.9043887147335423
