f1 = 0.9034635224760501
loss = 0.09479942321777343
precision = 0.8884057971014493
recall = 0.9190404797601199
