f1 = 0.7557354925775978
loss = 0.21462898701429367
precision = 0.7349081364829396
recall = 0.7777777777777778
