f1 = 0.14749262536873156
loss = 0.5426259219646454
precision = 0.13550135501355012
recall = 0.16181229773462782
