f1 = 0.7644444444444446
loss = 0.09502683132886887
precision = 0.7413793103448276
recall = 0.7889908256880734
