f1 = 0.7747163695299839
loss = 0.18940769135951996
precision = 0.7264437689969605
recall = 0.8298611111111112
