f1 = 0.6207906295754027
loss = 0.370364747941494
precision = 0.5971830985915493
recall = 0.6463414634146342
