f1 = 0.685640362225097
loss = 0.30615428984165194
precision = 0.6416464891041163
recall = 0.7361111111111112
