f1 = 0.6101694915254237
loss = 0.11726028621196746
precision = 0.7941176470588235
recall = 0.4954128440366973
