f1 = 0.005547850208044383
loss = 1.2250577360391617
precision = 0.005089058524173028
recall = 0.006097560975609756
