f1 = 0.4933078393881453
loss = 0.6405887454748154
precision = 0.6615384615384615
recall = 0.3932926829268293
