f1 = 0.6533742331288344
loss = 0.22790555283427238
precision = 0.5851648351648352
recall = 0.7395833333333334
