f1 = 0.7798845836768342
loss = 0.2463501513004303
precision = 0.7949579831932773
recall = 0.7653721682847896
