f1 = 0.28361858190709044
loss = 0.5574031323194504
precision = 0.27358490566037735
recall = 0.29441624365482233
