f1 = 0.8067796610169491
loss = 0.21604931354522705
precision = 0.8782287822878229
recall = 0.7460815047021944
