f1 = 0.9054945054945056
loss = 0.10412423349916936
precision = 0.8853868194842407
recall = 0.9265367316341829
