f1 = 0.7999999999999999
loss = 0.09927246794104576
precision = 0.8113207547169812
recall = 0.7889908256880734
