f1 = 0.0841248303934871
loss = 0.6530002295970917
precision = 0.49206349206349204
recall = 0.04599406528189911
