f1 = 0.5949177877428998
loss = 0.2483896017074585
precision = 0.5685714285714286
recall = 0.6238244514106583
