f1 = 0.7939042089985486
loss = 0.13485170900821686
precision = 0.7693389592123769
recall = 0.8200899550224887
