f1 = 0.3538998835855646
loss = 0.6930952847003937
precision = 0.8216216216216217
recall = 0.22551928783382788
