f1 = 0.8677098150782362
loss = 0.1690221756696701
precision = 0.8333333333333334
recall = 0.9050445103857567
