f1 = 0.9273661041819515
loss = 0.07683559507131577
precision = 0.9080459770114943
recall = 0.9475262368815592
