f1 = 0.04778636683063949
loss = 0.8186891198158264
precision = 0.04497354497354497
recall = 0.050974512743628186
