f1 = 0.7546816479400749
loss = 0.30435351431369784
precision = 0.8611111111111112
recall = 0.6716666666666666
