f1 = 0.5246913580246914
loss = 0.591212123632431
precision = 0.6692913385826772
recall = 0.43147208121827413
