f1 = 0.8436482084690554
loss = 0.17422588765621186
precision = 0.9233511586452763
recall = 0.7766116941529235
