f1 = 0.6130675046050492
loss = 0.24647162898498423
precision = 0.6721311475409836
recall = 0.5635458167330677
