f1 = 0.8325636344109117
loss = 0.17679208706991345
precision = 0.9032859473316244
recall = 0.7721115537848605
