f1 = 0.7731312564318459
loss = 0.15800871035339786
precision = 0.7288763450343976
recall = 0.8231075697211155
