f1 = 0.72992700729927
loss = 0.2575084581971169
precision = 0.7692307692307693
recall = 0.6944444444444444
