f1 = 0.1212121212121212
loss = 0.2655788093805313
precision = 0.11475409836065574
recall = 0.12844036697247707
