f1 = 0.21745350500715308
loss = 1.1317309498786927
precision = 0.7676767676767676
recall = 0.12666666666666668
