f1 = 0.9129770992366413
loss = 0.10161444246768951
precision = 0.9300155520995335
recall = 0.896551724137931
