f1 = 0.7142857142857143
loss = 0.09068002253770828
precision = 0.8045977011494253
recall = 0.6422018348623854
