f1 = 0.5526315789473684
loss = 0.3633160203695297
precision = 0.6774193548387096
recall = 0.4666666666666667
