f1 = 0.7994722955145119
loss = 0.18174374252557754
precision = 0.7613065326633166
recall = 0.8416666666666667
