f1 = 0.9388356669123067
loss = 0.08282598182559013
precision = 0.9231884057971015
recall = 0.9550224887556222
