f1 = 0.7304747320061256
loss = 0.1930355317890644
precision = 0.7140718562874252
recall = 0.7476489028213166
