f1 = 0.6153846153846154
loss = 0.09820952117443085
precision = 0.6464646464646465
recall = 0.5871559633027523
