f1 = 0.6666666666666666
loss = 0.2724677845835686
precision = 0.6045197740112994
recall = 0.7430555555555556
