f1 = 0.16417910447761194
loss = 0.7772163510322571
precision = 0.1523545706371191
recall = 0.1779935275080906
