f1 = 0.7800269905533063
loss = 0.22252393662929534
precision = 0.7585301837270341
recall = 0.8027777777777778
