f1 = 0.8692962103634958
loss = 0.13239462077617645
precision = 0.8977635782747604
recall = 0.8425787106446777
