f1 = 0.48021108179419525
loss = 0.4961985796689987
precision = 0.5
recall = 0.4619289340101523
