f1 = 0.046511627906976744
loss = 1.2033706903457642
precision = 0.5384615384615384
recall = 0.024305555555555556
