f1 = 0.8124547429398986
loss = 0.13879385143518447
precision = 0.7857142857142857
recall = 0.841079460269865
