f1 = 0.644155844155844
loss = 0.42373763024806976
precision = 0.6595744680851063
recall = 0.6294416243654822
