f1 = 0.8726752503576539
loss = 0.19577353149652482
precision = 0.8425414364640884
recall = 0.9050445103857567
