f1 = 0.017518248175182483
loss = 1.2636165261268615
precision = 0.5454545454545454
recall = 0.008902077151335312
