f1 = 0.8722341184867952
loss = 0.20322899222373964
precision = 0.8404401650618982
recall = 0.9065281899109793
