f1 = 0.7652173913043478
loss = 0.2696251608431339
precision = 0.7292817679558011
recall = 0.8048780487804879
