f1 = 0.6586493987049029
loss = 0.33160361647605896
precision = 0.8599033816425121
recall = 0.5337331334332833
