f1 = 0.6290322580645161
loss = 0.40974535048007965
precision = 0.6685714285714286
recall = 0.5939086294416244
