f1 = 0.8868327402135232
loss = 0.17580801099538804
precision = 0.8522571819425444
recall = 0.9243323442136498
