f1 = 0.19487179487179487
loss = 0.7466314136981964
precision = 0.19689119170984457
recall = 0.19289340101522842
