f1 = 0.8301587301587303
loss = 0.2183313861489296
precision = 0.8146417445482866
recall = 0.8462783171521036
