f1 = 0.5154639175257731
loss = 0.4818095751106739
precision = 0.5905511811023622
recall = 0.4573170731707317
