f1 = 0.41189931350114417
loss = 0.34088566303253176
precision = 0.38961038961038963
recall = 0.4368932038834951
