f1 = 0.8042763157894737
loss = 0.23483848199248314
precision = 0.7938311688311688
recall = 0.815
