f1 = 0.006825938566552901
loss = 1.2373736053705215
precision = 0.2
recall = 0.003472222222222222
