f1 = 0.7144948755490483
loss = 0.3024654723703861
precision = 0.6873239436619718
recall = 0.7439024390243902
