f1 = 0.3965065502183407
loss = 0.32541857957839965
precision = 0.4819532908704883
recall = 0.3367952522255193
