f1 = 0.865648854961832
loss = 0.12816540151834488
precision = 0.84375
recall = 0.8887147335423198
