f1 = 0.5027624309392266
loss = 0.5325067490339279
precision = 0.5515151515151515
recall = 0.4619289340101523
