f1 = 0.04626865671641791
loss = 0.9756134629249573
precision = 0.04293628808864266
recall = 0.05016181229773463
