f1 = 0.6367157242447716
loss = 0.3412588328123093
precision = 0.6106983655274889
recall = 0.6650485436893204
