f1 = 0.49767750497677504
loss = 0.21525563001632692
precision = 0.44642857142857145
recall = 0.5622188905547226
