f1 = 0.015197568389057751
loss = 1.0507649928331375
precision = 0.013513513513513514
recall = 0.017361111111111112
