f1 = 0.5169712793733681
loss = 0.4745029807090759
precision = 0.532258064516129
recall = 0.5025380710659898
