f1 = 0.7044718081659105
loss = 0.18791509441593113
precision = 0.769466729589429
recall = 0.649601593625498
