f1 = 0.7162367223065249
loss = 0.18735741674900055
precision = 0.6941176470588235
recall = 0.7398119122257053
