f1 = 0.5060858424087122
loss = 0.23203593790531157
precision = 0.44532130777903045
recall = 0.586053412462908
