f1 = 0.08247422680412372
loss = 1.0585151433944702
precision = 0.5714285714285714
recall = 0.044444444444444446
