f1 = 0.06926406926406926
loss = 0.21357429176568984
precision = 0.06557377049180328
recall = 0.07339449541284404
