f1 = 0.9088122605363985
loss = 0.10530253201723098
precision = 0.889055472263868
recall = 0.9294670846394985
