f1 = 0.6854103343465044
loss = 0.22938923239707948
precision = 0.6651917404129793
recall = 0.7068965517241379
