f1 = 0.9062240663900415
loss = 0.10176906883716583
precision = 0.9024793388429752
recall = 0.91
