f1 = 0.884981684981685
loss = 0.15333296582102776
precision = 0.874095513748191
recall = 0.8961424332344213
