f1 = 0.01702127659574468
loss = 0.9363545060157776
precision = 0.1935483870967742
recall = 0.008902077151335312
