f1 = 0.06467661691542288
loss = 1.077904224395752
precision = 0.06341463414634146
recall = 0.06598984771573604
