f1 = 0.7372654155495979
loss = 0.23458451330661773
precision = 0.7124352331606217
recall = 0.7638888888888888
