f1 = 0.6834249803613511
loss = 0.33296934366226194
precision = 0.6641221374045801
recall = 0.7038834951456311
