f1 = 0.023017902813299233
loss = 0.7856606364250183
precision = 0.02132701421800948
recall = 0.025
