f1 = 0.5706806282722513
loss = 0.4056040793657303
precision = 0.5891891891891892
recall = 0.5532994923857868
