f1 = 0.6212534059945503
loss = 0.49147407710552216
precision = 0.6705882352941176
recall = 0.5786802030456852
