f1 = 0.028294862248696945
loss = 1.0068759202957154
precision = 0.02620689655172414
recall = 0.030744336569579287
