f1 = 0.39588688946015427
loss = 0.5671453177928925
precision = 0.4010416666666667
recall = 0.39086294416243655
