f1 = 0.8928024502297092
loss = 0.09620669186115265
precision = 0.8727544910179641
recall = 0.9137931034482759
