f1 = 0.3328509406657019
loss = 0.41785647720098495
precision = 0.2853598014888337
recall = 0.3993055555555556
