f1 = 0.6615384615384615
loss = 0.4164532423019409
precision = 0.6683937823834197
recall = 0.6548223350253807
