f1 = 0.9314664701547531
loss = 0.0787388600409031
precision = 0.9159420289855073
recall = 0.9475262368815592
