f1 = 0.5553822152886115
loss = 0.32522591948509216
precision = 0.536144578313253
recall = 0.5760517799352751
