f1 = 0.6761904761904762
loss = 0.1835039347410202
precision = 0.6454545454545455
recall = 0.71
