f1 = 0.8864954432477216
loss = 0.13818625286221503
precision = 0.8813838550247117
recall = 0.8916666666666667
