f1 = 0.10355486862442041
loss = 0.7340610742568969
precision = 0.09654178674351585
recall = 0.11166666666666666
