f1 = 0.7422512234910277
loss = 0.30603043287992476
precision = 0.7268370607028753
recall = 0.7583333333333333
