f1 = 0.8664150943396227
loss = 0.11385997831821441
precision = 0.8355167394468704
recall = 0.8996865203761756
