f1 = 0.35549525101763907
loss = 0.49571748822927475
precision = 0.3202933985330073
recall = 0.39939024390243905
