f1 = 0.8925348646431501
loss = 0.091181942820549
precision = 0.8788368336025848
recall = 0.9066666666666666
