f1 = 0.882689556509299
loss = 0.18801953941583632
precision = 0.8522099447513812
recall = 0.9154302670623146
