f1 = 0.8739130434782609
loss = 0.1461695536971092
precision = 0.8457223001402524
recall = 0.904047976011994
