f1 = 0.5558823529411764
loss = 0.38233014196157455
precision = 0.5369318181818182
recall = 0.5762195121951219
