f1 = 0.7260940032414911
loss = 0.2713720127940178
precision = 0.6808510638297872
recall = 0.7777777777777778
