f1 = 0.530920060331825
loss = 0.3691647797822952
precision = 0.4693333333333333
recall = 0.6111111111111112
