f1 = 0.8024596464258262
loss = 0.10284778885543347
precision = 0.7873303167420814
recall = 0.8181818181818182
