f1 = 0.7391304347826086
loss = 0.2837325409054756
precision = 0.7044198895027625
recall = 0.7774390243902439
