f1 = 0.7101910828025477
loss = 0.2744876705110073
precision = 0.6558823529411765
recall = 0.7743055555555556
