f1 = 0.10964607911172797
loss = 0.7458295345306396
precision = 0.10299869621903521
recall = 0.1172106824925816
