f1 = 0.21511627906976746
loss = 0.3471368044614792
precision = 0.2005420054200542
recall = 0.23197492163009403
