f1 = 0.7850038255547055
loss = 0.1610851153731346
precision = 0.7668161434977578
recall = 0.8040752351097179
