f1 = 0.9287288758265981
loss = 0.09479780048131943
precision = 0.9106628242074928
recall = 0.9475262368815592
