f1 = 0.7753796962430056
loss = 0.23607722520828248
precision = 0.7661927330173776
recall = 0.7847896440129449
