f1 = 0.5722326454033771
loss = 0.290128293633461
precision = 0.7780612244897959
recall = 0.45252225519287836
