f1 = 0.2895622895622895
loss = 0.6362568140029907
precision = 0.43
recall = 0.2182741116751269
