f1 = 0.2869565217391305
loss = 0.1899767518043518
precision = 0.2727272727272727
recall = 0.30275229357798167
