f1 = 0.8772433596554199
loss = 0.17790543287992477
precision = 0.8497913769123783
recall = 0.9065281899109793
