f1 = 0.04807692307692307
loss = 0.8511806130409241
precision = 0.45454545454545453
recall = 0.025380710659898477
