f1 = 0.045871559633027525
loss = 0.33496929705142975
precision = 0.13157894736842105
recall = 0.027777777777777776
