f1 = 0.5994550408719347
loss = 0.45610783994197845
precision = 0.6470588235294118
recall = 0.5583756345177665
