f1 = 0.19239904988123516
loss = 0.4631041526794434
precision = 0.16804979253112035
recall = 0.225
