f1 = 0.6049004594180705
loss = 0.300771090388298
precision = 0.5741279069767442
recall = 0.63915857605178
