f1 = 0.22535211267605634
loss = 0.8299312055110931
precision = 0.7272727272727273
recall = 0.13333333333333333
