f1 = 0.07819905213270141
loss = 0.728000032901764
precision = 0.06818181818181818
recall = 0.09166666666666666
