f1 = 0.6475903614457832
loss = 0.30917203724384307
precision = 0.7072368421052632
recall = 0.5972222222222222
