f1 = 0.055276381909547735
loss = 1.0490747094154358
precision = 0.05472636815920398
recall = 0.05583756345177665
