f1 = 0.8208269525267994
loss = 0.1201736494898796
precision = 0.8023952095808383
recall = 0.8401253918495298
