f1 = 0.5471698113207547
loss = 0.502126157283783
precision = 0.71900826446281
recall = 0.4416243654822335
