f1 = 0.014005602240896359
loss = 1.165923249721527
precision = 0.013262599469496022
recall = 0.01483679525222552
