f1 = 0.4463519313304721
loss = 0.0928538154810667
precision = 0.41935483870967744
recall = 0.47706422018348627
