f1 = 0.07391910739191074
loss = 0.8233390331268311
precision = 0.06910039113428944
recall = 0.07946026986506746
