f1 = 0.7647058823529412
loss = 0.23266298770904542
precision = 0.7371134020618557
recall = 0.7944444444444444
