f1 = 0.7510917030567685
loss = 0.2629533037543297
precision = 0.7186629526462396
recall = 0.7865853658536586
