f1 = 0.6825396825396826
loss = 0.2996916979551315
precision = 0.6515151515151515
recall = 0.7166666666666667
