f1 = 0.8333333333333333
loss = 0.21653398126363754
precision = 0.8177570093457944
recall = 0.8495145631067961
