f1 = 0.8268933539412675
loss = 0.12243473306298255
precision = 0.8155487804878049
recall = 0.8385579937304075
