f1 = 0.07373271889400922
loss = 1.451026439666748
precision = 0.4
recall = 0.04060913705583756
