f1 = 0.1280120481927711
loss = 0.9539694547653198
precision = 0.12318840579710146
recall = 0.13322884012539185
