f1 = 0.9082498072474942
loss = 0.08297407403588294
precision = 0.8937784522003035
recall = 0.9231974921630094
