f1 = 0.9248366013071896
loss = 0.0914236456155777
precision = 0.907051282051282
recall = 0.9433333333333334
