f1 = 0.9092295957284515
loss = 0.10125063508749008
precision = 0.8855869242199108
recall = 0.9341692789968652
