f1 = 0.039603960396039604
loss = 1.073316365480423
precision = 0.8
recall = 0.02030456852791878
