f1 = 0.45185185185185184
loss = 0.3029443725943565
precision = 0.4066666666666667
recall = 0.5083333333333333
