f1 = 0.9274074074074075
loss = 0.08216895088553429
precision = 0.9165446559297218
recall = 0.9385307346326837
