f1 = 0.871977240398293
loss = 0.21230577528476716
precision = 0.837431693989071
recall = 0.9094955489614244
