f1 = 0.6272991287512101
loss = 0.4347448915243149
precision = 0.8202531645569621
recall = 0.5078369905956113
