f1 = 0.09331476323119778
loss = 0.9286134839057922
precision = 0.08792650918635171
recall = 0.09940652818991098
