f1 = 0.872778962331201
loss = 0.1446410708129406
precision = 0.8376534788540245
recall = 0.9109792284866469
