f1 = 0.891970802919708
loss = 0.1362895242869854
precision = 0.8691322901849218
recall = 0.9160419790104948
