f1 = 0.5100574712643677
loss = 0.31068670749664307
precision = 0.4896551724137931
recall = 0.5322338830584707
