f1 = 0.8192
loss = 0.26654996573925016
precision = 0.810126582278481
recall = 0.8284789644012945
