f1 = 0.8932676518883416
loss = 0.10188065357506275
precision = 0.8802588996763754
recall = 0.9066666666666666
