f1 = 0.8890728476821191
loss = 0.1357617422938347
precision = 0.8832236842105263
recall = 0.895
