f1 = 0.6610956360259982
loss = 0.33290728330612185
precision = 0.775599128540305
recall = 0.5760517799352751
