f1 = 0.7879616963064295
loss = 0.21516358107328415
precision = 0.7762803234501348
recall = 0.8
