f1 = 0.5330396475770925
loss = 0.5090864956378937
precision = 0.7857142857142857
recall = 0.4033333333333333
