f1 = 0.910569105691057
loss = 0.09916167855262756
precision = 0.8979591836734694
recall = 0.9235382308845578
