f1 = 0.8942148760330579
loss = 0.103387401252985
precision = 0.8868852459016393
recall = 0.9016666666666666
