f1 = 0.5517241379310345
loss = 0.5033273249864578
precision = 0.6357615894039735
recall = 0.4873096446700508
