f1 = 0.7847896440129449
loss = 0.2986023843288422
precision = 0.7625786163522013
recall = 0.8083333333333333
