f1 = 0.7836734693877552
loss = 0.22366206496953964
precision = 0.768
recall = 0.8
