f1 = 0.8791994281629736
loss = 0.17616068795323372
precision = 0.8482758620689655
recall = 0.9124629080118695
