f1 = 0.7922705314009661
loss = 0.22349230647087098
precision = 0.7663551401869159
recall = 0.82
