f1 = 0.735820895522388
loss = 0.13233463913202287
precision = 0.7325408618127786
recall = 0.7391304347826086
