f1 = 0.1382899628252788
loss = 0.915691590309143
precision = 0.13154172560113153
recall = 0.14576802507836992
