f1 = 0.006657528881926766
loss = 1.4528343537274528
precision = 0.19540229885057472
recall = 0.003386454183266932
