f1 = 0.9225092250922509
loss = 0.0788459226489067
precision = 0.9084302325581395
recall = 0.9370314842578711
