f1 = 0.024096385542168676
loss = 1.2528445243835449
precision = 0.022535211267605635
recall = 0.025889967637540454
