f1 = 0.72
loss = 0.21962742134928703
precision = 0.7212543554006968
recall = 0.71875
