f1 = 0.808743169398907
loss = 0.18262795656919478
precision = 0.7956989247311828
recall = 0.8222222222222222
