f1 = 0.7727930535455861
loss = 0.12425616830587387
precision = 0.7468531468531469
recall = 0.800599700149925
