f1 = 0.03669724770642202
loss = 0.6641364842653275
precision = 0.03278688524590164
recall = 0.041666666666666664
