f1 = 0.6259946949602122
loss = 0.49030423164367676
precision = 0.6555555555555556
recall = 0.5989847715736041
