f1 = 0.36595744680851067
loss = 0.14999685660004616
precision = 0.3412698412698413
recall = 0.3944954128440367
