f1 = 0.739413680781759
loss = 0.24228497147560119
precision = 0.8194945848375451
recall = 0.6735905044510386
