f1 = 0.7446808510638298
loss = 0.24682708382606505
precision = 0.7142857142857143
recall = 0.7777777777777778
