f1 = 0.7973640856672158
loss = 0.1671367861330509
precision = 0.7882736156351792
recall = 0.8066666666666666
