f1 = 0.7688172043010753
loss = 0.2201469600200653
precision = 0.7447916666666666
recall = 0.7944444444444444
