f1 = 0.7807999999999999
loss = 0.28727873861789704
precision = 0.8472222222222222
recall = 0.7240356083086054
