f1 = 0.9322533136966127
loss = 0.08589575067162514
precision = 0.9160636758321273
recall = 0.9490254872563718
