f1 = 0.3354037267080745
loss = 0.7288216114044189
precision = 0.7219251336898396
recall = 0.21844660194174756
