f1 = 0.5816326530612246
loss = 0.4102783203125
precision = 0.5846153846153846
recall = 0.5786802030456852
