f1 = 0.8977189109639441
loss = 0.10261227935552597
precision = 0.8815028901734104
recall = 0.9145427286356822
