f1 = 0.13145539906103287
loss = 1.4385191202163696
precision = 0.875
recall = 0.07106598984771574
