f1 = 0.7581521739130435
loss = 0.2309315875172615
precision = 0.7420212765957447
recall = 0.775
