f1 = 0.2099447513812155
loss = 0.8925227999687195
precision = 0.8837209302325582
recall = 0.11912225705329153
