f1 = 0.8883495145631068
loss = 0.09009164050221444
precision = 0.8632075471698113
recall = 0.915
