f1 = 0.6367851622874806
loss = 0.297469612210989
precision = 0.5738161559888579
recall = 0.7152777777777778
