f1 = 0.6984387838948233
loss = 0.3135306194424629
precision = 0.7826887661141805
recall = 0.6305637982195845
