f1 = 0.8086124401913874
loss = 0.27316777110099794
precision = 0.7971698113207547
recall = 0.8203883495145631
