f1 = 0.7410714285714287
loss = 0.33630213141441345
precision = 0.7238372093023255
recall = 0.7591463414634146
