f1 = 0.05031446540880503
loss = 0.9383056998252869
precision = 0.047619047619047616
recall = 0.05333333333333334
