f1 = 0.8905775075987843
loss = 0.09049693122506142
precision = 0.8643067846607669
recall = 0.9184952978056427
