f1 = 0.8095872170439413
loss = 0.189779694378376
precision = 0.7774936061381074
recall = 0.8444444444444444
