f1 = 0.15048543689320387
loss = 0.7453713715076447
precision = 0.14418604651162792
recall = 0.15736040609137056
