f1 = 0.3235294117647059
loss = 0.1962971344590187
precision = 0.8148148148148148
recall = 0.2018348623853211
