f1 = 0.3790849673202615
loss = 0.4127960279583931
precision = 0.35802469135802467
recall = 0.4027777777777778
