f1 = 0.7227138643067846
loss = 0.3022095412015915
precision = 0.7
recall = 0.7469512195121951
