f1 = 0.6854034451495921
loss = 0.35565929114818573
precision = 0.8811188811188811
recall = 0.5608308605341247
