f1 = 0.34177215189873417
loss = 0.8113718926906586
precision = 0.453781512605042
recall = 0.27411167512690354
