f1 = 0.3794871794871795
loss = 0.1234212763607502
precision = 0.43023255813953487
recall = 0.3394495412844037
