f1 = 0.5958549222797928
loss = 0.5001625418663025
precision = 0.6084656084656085
recall = 0.583756345177665
