f1 = 0.811554332874828
loss = 0.14603076428174971
precision = 0.7564102564102564
recall = 0.8753709198813057
