f1 = 0.04603580562659846
loss = 0.7471151053905487
precision = 0.04639175257731959
recall = 0.04568527918781726
