f1 = 0.7255813953488371
loss = 0.08886822238564492
precision = 0.7358490566037735
recall = 0.7155963302752294
