f1 = 0.10309278350515465
loss = 0.7408625960350037
precision = 0.09603072983354674
recall = 0.11127596439169139
