f1 = 0.6443298969072164
loss = 0.44430777430534363
precision = 0.6544502617801047
recall = 0.6345177664974619
