f1 = 0.37383177570093457
loss = 0.6426530405879021
precision = 0.5714285714285714
recall = 0.2777777777777778
