f1 = 0.6406926406926408
loss = 0.34045739844441414
precision = 0.6082191780821918
recall = 0.676829268292683
