f1 = 0.8838203848895224
loss = 0.13507193624973296
precision = 0.850480109739369
recall = 0.9198813056379822
