f1 = 0.684375
loss = 0.2620042935013771
precision = 0.6221590909090909
recall = 0.7604166666666666
