f1 = 0.6994072819644369
loss = 0.3304189801216125
precision = 0.814595660749507
recall = 0.612759643916914
