f1 = 0.8166939443535187
loss = 0.19228795766830445
precision = 0.8022508038585209
recall = 0.8316666666666667
