f1 = 0.8338762214983714
loss = 0.12966553643345832
precision = 0.8152866242038217
recall = 0.8533333333333334
