f1 = 0.39969947407963935
loss = 0.3926446944475174
precision = 0.3838383838383838
recall = 0.4169278996865204
