f1 = 0.6417112299465241
loss = 0.48003748059272766
precision = 0.6779661016949152
recall = 0.6091370558375635
