f1 = 0.05578800557880056
loss = 1.0844455361366272
precision = 0.46511627906976744
recall = 0.02967359050445104
