f1 = 0.09815720195562241
loss = 1.450105422852086
precision = 0.8758389261744967
recall = 0.05199203187250996
