f1 = 0.8203125
loss = 0.19983329027891159
precision = 0.7930513595166163
recall = 0.8495145631067961
