f1 = 0.7120253164556962
loss = 0.25997449085116386
precision = 0.6540697674418605
recall = 0.78125
