f1 = 0.8463726884779517
loss = 0.24105785191059112
precision = 0.8128415300546448
recall = 0.8827893175074184
