f1 = 0.5169891458235016
loss = 0.3010700153661709
precision = 0.6339699074074074
recall = 0.43645418326693225
