f1 = 0.28273809523809523
loss = 0.3979147784411907
precision = 0.24739583333333334
recall = 0.3298611111111111
