f1 = 0.39325842696629215
loss = 0.30758163928985593
precision = 0.36988110964332893
recall = 0.4197901049475262
