f1 = 0.49504950495049505
loss = 0.10348140485584736
precision = 0.5376344086021505
recall = 0.45871559633027525
