f1 = 0.36555891238670696
loss = 0.31677210330963135
precision = 0.3235294117647059
recall = 0.4201388888888889
