f1 = 0.14492753623188404
loss = 0.8450732469558716
precision = 0.5555555555555556
recall = 0.08333333333333333
