f1 = 0.30158730158730157
loss = 0.3578453719615936
precision = 0.34475806451612906
recall = 0.26802507836990597
