f1 = 0.7118952760387022
loss = 0.3525962338728063
precision = 0.8305444887118194
recall = 0.6229083665338645
