f1 = 0.17115581316058645
loss = 1.0190120093962725
precision = 0.5933806146572104
recall = 0.1
