f1 = 0.9086924762600438
loss = 0.10751239359378814
precision = 0.886039886039886
recall = 0.9325337331334332
