f1 = 0.06424581005586592
loss = 1.031497061252594
precision = 0.5476190476190477
recall = 0.03412462908011869
