f1 = 0.6326815642458101
loss = 0.3121177405118942
precision = 0.5976253298153035
recall = 0.672106824925816
