f1 = 0.6775956284153006
loss = 0.4571991264820099
precision = 0.7337278106508875
recall = 0.6294416243654822
