f1 = 0.11655011655011656
loss = 0.8970203161239624
precision = 0.1091703056768559
recall = 0.125
