f1 = 0.04267033723331039
loss = 0.6719359278678894
precision = 0.03979460847240052
recall = 0.04599406528189911
