f1 = 0.7954372623574144
loss = 0.12962511628866197
precision = 0.7725258493353028
recall = 0.8197492163009404
