f1 = 0.028614457831325296
loss = 1.0650511741638184
precision = 0.02676056338028169
recall = 0.030744336569579287
