f1 = 0.7601572739187419
loss = 0.1976949617266655
precision = 0.7196029776674938
recall = 0.8055555555555556
