f1 = 0.7614678899082569
loss = 0.06785452738404274
precision = 0.7614678899082569
recall = 0.7614678899082569
