f1 = 0.7694728560188827
loss = 0.19138333797454835
precision = 0.7488514548238897
recall = 0.7912621359223301
