f1 = 0.7346348517715112
loss = 0.1725858688354492
precision = 0.7094972067039106
recall = 0.7616191904047976
