f1 = 0.2870159453302961
loss = 0.5246946811676025
precision = 0.2603305785123967
recall = 0.3197969543147208
