f1 = 0.9289026275115919
loss = 0.06922295689582825
precision = 0.9161585365853658
recall = 0.9420062695924765
