f1 = 0.2552594670406732
loss = 0.49114882946014404
precision = 0.23978919631093545
recall = 0.272863568215892
