f1 = 0.6054054054054054
loss = 0.37987934052944183
precision = 0.6473988439306358
recall = 0.5685279187817259
