f1 = 0.28748068006182376
loss = 0.46396461725234983
precision = 0.27514792899408286
recall = 0.30097087378640774
