f1 = 0.738880918220947
loss = 0.15248045325279236
precision = 0.7083906464924347
recall = 0.7721139430284858
