f1 = 0.7050147492625369
loss = 0.31002844125032425
precision = 0.6828571428571428
recall = 0.7286585365853658
