f1 = 0.8976608187134504
loss = 0.08587538823485374
precision = 0.8758915834522111
recall = 0.9205397301349325
