f1 = 0.6551724137931033
loss = 0.31714780628681183
precision = 0.6195652173913043
recall = 0.6951219512195121
