f1 = 0.4384384384384384
loss = 0.33007164001464845
precision = 0.6596385542168675
recall = 0.328335832083958
