f1 = 0.8183139534883721
loss = 0.11688247323036194
precision = 0.7940761636107193
recall = 0.8440779610194903
