f1 = 0.7879746835443038
loss = 0.2844680190086365
precision = 0.7708978328173375
recall = 0.8058252427184466
