f1 = 0.669603524229075
loss = 0.10924872010946274
precision = 0.6440677966101694
recall = 0.6972477064220184
