f1 = 0.8371747211895909
loss = 0.12953552305698396
precision = 0.7963224893917963
recall = 0.8824451410658307
