f1 = 0.05070422535211267
loss = 0.9212290525436402
precision = 0.04780876494023904
recall = 0.053973013493253376
