f1 = 0.4072164948453608
loss = 0.5519937425851822
precision = 0.41361256544502617
recall = 0.4010152284263959
