f1 = 0.45147679324894513
loss = 0.27539103031158446
precision = 0.4251655629139073
recall = 0.48125937031484256
