f1 = 0.1483594864479315
loss = 0.5964346766471863
precision = 0.1414965986394558
recall = 0.15592203898050974
