f1 = 0.7762557077625571
loss = 0.08089079856872558
precision = 0.7727272727272727
recall = 0.7798165137614679
