f1 = 0.7710280373831775
loss = 0.26489585638046265
precision = 0.7432432432432432
recall = 0.8009708737864077
