f1 = 0.6479591836734694
loss = 0.19050916135311127
precision = 0.5990566037735849
recall = 0.7055555555555556
