f1 = 0.085219707057257
loss = 0.6213416159152985
precision = 0.07565011820330969
recall = 0.0975609756097561
