f1 = 0.023994354269583632
loss = 1.0851871371269226
precision = 0.02266666666666667
recall = 0.025487256371814093
