f1 = 0.49320794148380354
loss = 0.5360470592975617
precision = 0.833922261484099
recall = 0.35014836795252224
