f1 = 0.15972222222222224
loss = 0.6483625769615173
precision = 0.25274725274725274
recall = 0.116751269035533
