f1 = 0.0041753653444676405
loss = 1.0934722185134889
precision = 0.003931847968545216
recall = 0.004451038575667656
