f1 = 0.9050445103857566
loss = 0.1062110684812069
precision = 0.895741556534508
recall = 0.9145427286356822
