f1 = 0.1125
loss = 0.7616132497787476
precision = 0.10574412532637076
recall = 0.1201780415430267
