f1 = 0.6436170212765957
loss = 0.5113818794488907
precision = 0.6759776536312849
recall = 0.6142131979695431
