f1 = 0.03526448362720403
loss = 0.5719706177711487
precision = 0.03225806451612903
recall = 0.03888888888888889
