f1 = 0.007978723404255319
loss = 1.4278285503387451
precision = 0.007075471698113208
recall = 0.009146341463414634
