f1 = 0.9141914191419143
loss = 0.0867737203836441
precision = 0.9052287581699346
recall = 0.9233333333333333
