f1 = 0.8648648648648648
loss = 0.15492501333355904
precision = 0.8767123287671232
recall = 0.8533333333333334
