f1 = 0.7839607201309329
loss = 0.18854440450668336
precision = 0.770096463022508
recall = 0.7983333333333333
