f1 = 0.816812053925456
loss = 0.2426745966076851
precision = 0.8009331259720062
recall = 0.8333333333333334
