f1 = 0.8824503311258278
loss = 0.1392720654606819
precision = 0.8766447368421053
recall = 0.8883333333333333
