f1 = 0.31398809523809523
loss = 0.467820817232132
precision = 0.2988668555240793
recall = 0.33072100313479624
