f1 = 0.04767580452920142
loss = 0.8600505709648132
precision = 0.04175365344467641
recall = 0.05555555555555555
