f1 = 0.8860557768924302
loss = 0.15390218943357467
precision = 0.8728414442700158
recall = 0.8996763754045307
