f1 = 0.19548872180451132
loss = 0.7568936049938202
precision = 0.19306930693069307
recall = 0.19796954314720813
