f1 = 0.04046242774566474
loss = 1.2955256938934325
precision = 0.7777777777777778
recall = 0.020771513353115726
