f1 = 0.7066246056782334
loss = 0.27918146923184395
precision = 0.6473988439306358
recall = 0.7777777777777778
