f1 = 0.04144282425172679
loss = 1.1648597240447998
precision = 0.03941605839416058
recall = 0.043689320388349516
