f1 = 0.9249999999999999
loss = 0.09802928268909454
precision = 0.9076479076479076
recall = 0.9430284857571214
