f1 = 0.02601156069364162
loss = 0.9240137338638306
precision = 0.5
recall = 0.013353115727002967
