f1 = 0.8417865253595761
loss = 0.2237504467368126
precision = 0.8593508500772797
recall = 0.8249258160237388
