f1 = 0.37964774951076324
loss = 0.5924137353897094
precision = 0.6423841059602649
recall = 0.26944444444444443
