f1 = 0.2204724409448819
loss = 0.2080128401517868
precision = 0.7777777777777778
recall = 0.12844036697247707
