f1 = 0.7202380952380953
loss = 0.3034747987985611
precision = 0.7034883720930233
recall = 0.7378048780487805
