f1 = 0.630338733431517
loss = 0.32735103741288185
precision = 0.6096866096866097
recall = 0.6524390243902439
