f1 = 0.049019607843137254
loss = 1.1978906989097595
precision = 0.7142857142857143
recall = 0.025380710659898477
