f1 = 0.765472312703583
loss = 0.14638568609952926
precision = 0.7484076433121019
recall = 0.7833333333333333
