f1 = 0.14184397163120568
loss = 0.7367059111595153
precision = 0.12626262626262627
recall = 0.16181229773462782
