f1 = 0.7315175097276264
loss = 0.26070702373981475
precision = 0.704647676161919
recall = 0.7605177993527508
