f1 = 0.11214953271028037
loss = 0.7901754006743431
precision = 0.0997624703087886
recall = 0.12804878048780488
