f1 = 0.8626198083067091
loss = 0.1772684097290039
precision = 0.8517350157728707
recall = 0.8737864077669902
