f1 = 0.6534954407294833
loss = 0.2519126385450363
precision = 0.581081081081081
recall = 0.7465277777777778
