f1 = 0.9158741770299927
loss = 0.09002669043838978
precision = 0.8942857142857142
recall = 0.9385307346326837
