f1 = 0.7886925795053004
loss = 0.20513683259487153
precision = 0.7530364372469636
recall = 0.827893175074184
