f1 = 0.7615384615384616
loss = 0.13324687629938126
precision = 0.7477341389728097
recall = 0.7758620689655172
