f1 = 0.8920032976092334
loss = 0.09956345222890377
precision = 0.8825448613376835
recall = 0.9016666666666666
