f1 = 0.6057441253263709
loss = 0.4143732190132141
precision = 0.6236559139784946
recall = 0.5888324873096447
