f1 = 0.12280701754385964
loss = 1.2154994010925293
precision = 0.45161290322580644
recall = 0.07106598984771574
