f1 = 0.4067039106145251
loss = 0.533715409040451
precision = 0.8235294117647058
recall = 0.27002967359050445
