f1 = 0.23560209424083772
loss = 0.34323516488075256
precision = 0.22277227722772278
recall = 0.25
