f1 = 0.7762128325508607
loss = 0.23937671333551408
precision = 0.7515151515151515
recall = 0.8025889967637541
