f1 = 0.688293370944993
loss = 0.293662291765213
precision = 0.6559139784946236
recall = 0.7240356083086054
