f1 = 0.6377708978328173
loss = 0.26064056158065796
precision = 0.5754189944134078
recall = 0.7152777777777778
