f1 = 0.6666666666666666
loss = 0.09240262657403946
precision = 0.646551724137931
recall = 0.6880733944954128
