f1 = 0.6210526315789474
loss = 0.46692489087581635
precision = 0.644808743169399
recall = 0.5989847715736041
