f1 = 0.015416958654519971
loss = 1.1118380188941956
precision = 0.014608233731739707
recall = 0.016320474777448073
