f1 = 0.794392523364486
loss = 0.09612126462161541
precision = 0.8095238095238095
recall = 0.7798165137614679
