f1 = 0.8666666666666667
loss = 0.16822849437594414
precision = 0.814621409921671
recall = 0.9258160237388724
