f1 = 0.4153005464480874
loss = 0.5332732051610947
precision = 0.44970414201183434
recall = 0.38578680203045684
