f1 = 0.8901453957996769
loss = 0.09419025965034962
precision = 0.8636363636363636
recall = 0.9183333333333333
