f1 = 0.8635409377186843
loss = 0.18084319457411765
precision = 0.8172185430463577
recall = 0.9154302670623146
