f1 = 0.8406546080964686
loss = 0.17818839699029923
precision = 0.8698752228163993
recall = 0.8133333333333334
