f1 = 0.9333465779278831
loss = 0.0695469762479964
precision = 0.9308500099068754
recall = 0.9358565737051793
