f1 = 0.8932926829268293
loss = 0.07937901020050049
precision = 0.8694362017804155
recall = 0.9184952978056427
