f1 = 0.895253682487725
loss = 0.10205343142151832
precision = 0.8794212218649518
recall = 0.9116666666666666
