f1 = 0.4104803493449782
loss = 0.14243207573890687
precision = 0.39166666666666666
recall = 0.43119266055045874
