f1 = 0.7537050105857446
loss = 0.24086328744888305
precision = 0.7187079407806191
recall = 0.7922848664688428
