f1 = 0.7892234548335975
loss = 0.2504287540912628
precision = 0.7732919254658385
recall = 0.8058252427184466
