f1 = 0.15706806282722513
loss = 0.5888827860355377
precision = 0.2112676056338028
recall = 0.125
