f1 = 0.5263157894736842
loss = 0.5096156448125839
precision = 0.6206896551724138
recall = 0.45685279187817257
