f1 = 0.8
loss = 0.09584443047642707
precision = 0.7603305785123967
recall = 0.8440366972477065
