f1 = 0.005532503457814661
loss = 1.0411783933639527
precision = 0.0051813471502590676
recall = 0.005934718100890208
