f1 = 0.2094763092269327
loss = 0.48872269988059996
precision = 0.19004524886877827
recall = 0.23333333333333334
