f1 = 0.8009259259259259
loss = 0.1831817001104355
precision = 0.7654867256637168
recall = 0.8398058252427184
