f1 = 0.10603829160530191
loss = 0.7875380873680115
precision = 0.1
recall = 0.11285266457680251
