f1 = 0.06185567010309278
loss = 0.5323583841323852
precision = 0.058333333333333334
recall = 0.06583072100313479
