f1 = 0.40059568131049894
loss = 0.43870123028755187
precision = 0.38156028368794326
recall = 0.4216300940438871
