f1 = 0.5650406504065041
loss = 0.3350190632045269
precision = 0.6813725490196079
recall = 0.4826388888888889
