f1 = 0.8824020016680567
loss = 0.13000557869672774
precision = 0.8831385642737897
recall = 0.8816666666666667
