f1 = 0.5354330708661418
loss = 0.5015521943569183
precision = 0.5543478260869565
recall = 0.5177664974619289
