f1 = 0.6831530139103555
loss = 0.299129705876112
precision = 0.6155988857938719
recall = 0.7673611111111112
