f1 = 0.7743467933491687
loss = 0.287555456161499
precision = 0.830220713073005
recall = 0.7255192878338279
