f1 = 0.8537735849056604
loss = 0.17530833929777145
precision = 0.8302752293577982
recall = 0.8786407766990292
