f1 = 0.6977395852792827
loss = 0.17637400562856712
precision = 0.6568765388673936
recall = 0.7440239043824701
