f1 = 0.09954751131221719
loss = 0.7409442514181137
precision = 0.088
recall = 0.11458333333333333
