f1 = 0.6463878326996199
loss = 0.21176624298095703
precision = 0.5944055944055944
recall = 0.7083333333333334
