f1 = 0.7161290322580646
loss = 0.3008563183248043
precision = 0.6686746987951807
recall = 0.7708333333333334
