f1 = 0.7755644090305445
loss = 0.18664101064205169
precision = 0.7430025445292621
recall = 0.8111111111111111
