f1 = 0.6061915046796256
loss = 0.23245513141155244
precision = 0.5831024930747922
recall = 0.631184407796102
