f1 = 0.3446153846153846
loss = 0.3861795961856842
precision = 0.34782608695652173
recall = 0.34146341463414637
