f1 = 0.6636690647482015
loss = 0.3093452274799347
precision = 0.8424657534246576
recall = 0.5474777448071216
