f1 = 0.30303030303030304
loss = 0.11456972137093543
precision = 0.33707865168539325
recall = 0.27522935779816515
