f1 = 0.32618025751072965
loss = 0.5451228678226471
precision = 0.5891472868217055
recall = 0.22551928783382788
