f1 = 0.8592471358428806
loss = 0.170194311439991
precision = 0.898972602739726
recall = 0.822884012539185
