f1 = 0.1487603305785124
loss = 0.2168770357966423
precision = 0.75
recall = 0.08256880733944955
