f1 = 0.6320754716981133
loss = 0.09631220549345017
precision = 0.6504854368932039
recall = 0.6146788990825688
