f1 = 0.07200587803085966
loss = 0.5580557107925415
precision = 0.0677731673582296
recall = 0.0768025078369906
