f1 = 0.12413793103448274
loss = 0.558772400021553
precision = 0.1935483870967742
recall = 0.09137055837563451
