f1 = 0.8593508500772796
loss = 0.18756722062826156
precision = 0.896774193548387
recall = 0.8249258160237388
