f1 = 0.8056872037914692
loss = 0.09216453954577446
precision = 0.8333333333333334
recall = 0.7798165137614679
