f1 = 0.27091633466135456
loss = 1.0638534426689148
precision = 0.6296296296296297
recall = 0.17258883248730963
