f1 = 0.6555891238670696
loss = 0.24702877998352052
precision = 0.6326530612244898
recall = 0.6802507836990596
