f1 = 0.3730715287517532
loss = 0.3143991410732269
precision = 0.3292079207920792
recall = 0.43042071197411
