f1 = 0.7437582128777924
loss = 0.23356259763240814
precision = 0.7057356608478803
recall = 0.7861111111111111
