f1 = 0.5427135678391959
loss = 0.44046230614185333
precision = 0.5373134328358209
recall = 0.5482233502538071
