f1 = 0.7311475409836066
loss = 0.27758315578103065
precision = 0.6925465838509317
recall = 0.7743055555555556
