f1 = 0.8814102564102564
loss = 0.11311044394969941
precision = 0.8487654320987654
recall = 0.9166666666666666
