f1 = 0.475609756097561
loss = 0.12727560922503472
precision = 0.7090909090909091
recall = 0.3577981651376147
