f1 = 0.8839541547277937
loss = 0.16974274963140487
precision = 0.8545706371191135
recall = 0.9154302670623146
