f1 = 0.415543219666931
loss = 0.3753469228744507
precision = 0.39636913767019666
recall = 0.43666666666666665
