f1 = 0.17500000000000002
loss = 1.0648176968097687
precision = 0.4883720930232558
recall = 0.1065989847715736
