f1 = 0.2558314522197141
loss = 0.43279488682746886
precision = 0.23319615912208505
recall = 0.2833333333333333
