f1 = 0.02366863905325444
loss = 1.6058963984251022
precision = 0.4
recall = 0.012195121951219513
