f1 = 0.6493688639551192
loss = 0.28815858960151675
precision = 0.6156914893617021
recall = 0.6869436201780416
