f1 = 0.722397476340694
loss = 0.2847307585179806
precision = 0.661849710982659
recall = 0.7951388888888888
