f1 = 0.7335052038575385
loss = 0.16747866030417236
precision = 0.704382908490739
recall = 0.7651394422310757
