f1 = 0.8312101910828026
loss = 0.18908354192972182
precision = 0.8181818181818182
recall = 0.8446601941747572
