f1 = 0.803347280334728
loss = 0.27715339958667756
precision = 0.8318890814558059
recall = 0.7766990291262136
