f1 = 0.7349726775956285
loss = 0.21422582864761353
precision = 0.7231182795698925
recall = 0.7472222222222222
