f1 = 0.8444096950742767
loss = 0.18537835776805878
precision = 0.8169440242057489
recall = 0.8737864077669902
