f1 = 0.6424682395644283
loss = 0.3048218131065369
precision = 0.8271028037383178
recall = 0.5252225519287834
