f1 = 0.3761840324763193
loss = 0.44410304725170135
precision = 0.3381995133819951
recall = 0.42378048780487804
