f1 = 0.0892608089260809
loss = 1.080108904838562
precision = 0.7441860465116279
recall = 0.04747774480712166
