f1 = 0.7232
loss = 0.2716495208442211
precision = 0.6706231454005934
recall = 0.7847222222222222
