f1 = 0.17820324005891017
loss = 0.7188464760780334
precision = 0.16805555555555557
recall = 0.1896551724137931
