f1 = 0.779816513761468
loss = 0.07892793044447899
precision = 0.7798165137614679
recall = 0.7798165137614679
