f1 = 0.38688524590163936
loss = 0.6558232307434082
precision = 0.5462962962962963
recall = 0.29949238578680204
