f1 = 0.9025326170376056
loss = 0.07953597605228424
precision = 0.8842105263157894
recall = 0.9216300940438872
