f1 = 0.8441011235955057
loss = 0.19373123794794084
precision = 0.8013333333333333
recall = 0.8916913946587537
