f1 = 0.3489096573208723
loss = 0.3481102079153061
precision = 0.5813148788927336
recall = 0.24925816023738873
