f1 = 0.6233009708737864
loss = 0.3216919839382172
precision = 0.8842975206611571
recall = 0.48125937031484256
