f1 = 0.6481994459833794
loss = 0.42385706305503845
precision = 0.7134146341463414
recall = 0.5939086294416244
