f1 = 0.03751803751803752
loss = 1.2396491408348083
precision = 0.6842105263157895
recall = 0.019287833827893175
