f1 = 0.853454821564161
loss = 0.10342790931463242
precision = 0.8276877761413843
recall = 0.8808777429467085
