f1 = 0.7019089574155654
loss = 0.3115795738995075
precision = 0.6770538243626062
recall = 0.7286585365853658
