f1 = 0.8799424874191231
loss = 0.18285712748765945
precision = 0.8535564853556485
recall = 0.9080118694362018
