f1 = 0.8160821214713431
loss = 0.19707927331328393
precision = 0.8983050847457628
recall = 0.7476489028213166
