f1 = 0.7465648854961833
loss = 0.15517864599823952
precision = 0.7276785714285714
recall = 0.7664576802507836
