f1 = 0.023106546854942234
loss = 0.8604697704315185
precision = 0.021479713603818614
recall = 0.025
