f1 = 0.7861885790172644
loss = 0.18834787756204605
precision = 0.7531806615776081
recall = 0.8222222222222222
