f1 = 0.782258064516129
loss = 0.22233610451221467
precision = 0.7578125
recall = 0.8083333333333333
