f1 = 0.021536252692031587
loss = 0.9069445371627808
precision = 0.02066115702479339
recall = 0.022488755622188907
