f1 = 0.8213750267723281
loss = 0.1845074507097403
precision = 0.8881426586382585
recall = 0.7639442231075697
