f1 = 0.46015037593984964
loss = 0.3861163407564163
precision = 0.40583554376657827
recall = 0.53125
