f1 = 0.09821428571428571
loss = 1.005333423614502
precision = 0.4074074074074074
recall = 0.05583756345177665
