f1 = 0.636085626911315
loss = 0.23221908509731293
precision = 0.5683060109289617
recall = 0.7222222222222222
