f1 = 0.02327272727272727
loss = 1.2380466699600219
precision = 0.021136063408190225
recall = 0.025889967637540454
