f1 = 0.8816705336426914
loss = 0.11762749999761582
precision = 0.8702290076335878
recall = 0.8934169278996865
