f1 = 0.41351351351351356
loss = 0.44088027626276016
precision = 0.3713592233009709
recall = 0.46646341463414637
