f1 = 0.062411347517730496
loss = 1.15028874874115
precision = 0.7096774193548387
recall = 0.032640949554896145
