f1 = 0.775599128540305
loss = 0.15180243253707887
precision = 0.752112676056338
recall = 0.800599700149925
