f1 = 0.561038961038961
loss = 0.4832422733306885
precision = 0.574468085106383
recall = 0.5482233502538071
