f1 = 0.028149190710767064
loss = 0.7685506224632264
precision = 0.026525198938992044
recall = 0.029985007496251874
