f1 = 0.8508196721311475
loss = 0.17075672447681428
precision = 0.8917525773195877
recall = 0.8134796238244514
