f1 = 0.8675213675213675
loss = 0.22026132196187972
precision = 0.8342465753424657
recall = 0.9035608308605341
