f1 = 0.15214384508990317
loss = 0.632124251127243
precision = 0.14120667522464697
recall = 0.16491754122938532
