f1 = 0.9271523178807948
loss = 0.0785094104707241
precision = 0.9104046242774566
recall = 0.9445277361319341
