f1 = 0.7293777134587554
loss = 0.3108908422291279
precision = 0.6942148760330579
recall = 0.7682926829268293
