f1 = 0.8419405320813772
loss = 0.181869013607502
precision = 0.8151515151515152
recall = 0.8705501618122977
