f1 = 0.010973936899862827
loss = 1.169343739748001
precision = 0.00997506234413965
recall = 0.012195121951219513
