f1 = 0.6656488549618321
loss = 0.2770220674574375
precision = 0.5940054495912807
recall = 0.7569444444444444
