f1 = 0.6745362563237773
loss = 0.3385667949914932
precision = 0.6557377049180327
recall = 0.6944444444444444
