f1 = 0.8704883227176221
loss = 0.19615282416343688
precision = 0.8322056833558863
recall = 0.9124629080118695
