f1 = 0.9082905355832722
loss = 0.10939558669924736
precision = 0.889367816091954
recall = 0.9280359820089955
