f1 = 0.3305084745762712
loss = 0.45228101015090943
precision = 0.31241655540720964
recall = 0.35082458770614694
