f1 = 0.013679890560875513
loss = 1.4272087514400482
precision = 0.01240694789081886
recall = 0.01524390243902439
