f1 = 0.2809364548494983
loss = 0.3216878235340118
precision = 0.4864864864864865
recall = 0.1974921630094044
