f1 = 0.7655571635311144
loss = 0.14235371798276902
precision = 0.7398601398601399
recall = 0.7931034482758621
