f1 = 0.16260162601626016
loss = 0.25473618805408477
precision = 0.7142857142857143
recall = 0.09174311926605505
