f1 = 0.6337702390131071
loss = 0.29084432721138
precision = 0.605301914580265
recall = 0.6650485436893204
