f1 = 0.7109004739336492
loss = 0.0732875905930996
precision = 0.7352941176470589
recall = 0.6880733944954128
