f1 = 0.2688679245283019
loss = 0.6022793799638748
precision = 0.2511013215859031
recall = 0.2893401015228426
