f1 = 0.7466666666666666
loss = 0.1193664863705635
precision = 0.7241379310344828
recall = 0.7706422018348624
