f1 = 0.8036303630363036
loss = 0.2135031770914793
precision = 0.8484320557491289
recall = 0.7633228840125392
