f1 = 0.7444633730834753
loss = 0.2692080408334732
precision = 0.7859712230215827
recall = 0.7071197411003236
