f1 = 0.8434303697875688
loss = 0.17593101635575295
precision = 0.8208269525267994
recall = 0.8673139158576052
