f1 = 0.7017543859649122
loss = 0.318842139095068
precision = 0.7357859531772575
recall = 0.6707317073170732
