f1 = 0.08808290155440415
loss = 1.140113615989685
precision = 0.6538461538461539
recall = 0.04722222222222222
