f1 = 0.064
loss = 1.1491068601608276
precision = 0.8
recall = 0.03333333333333333
