f1 = 0.6711210096510765
loss = 0.2562391459941864
precision = 0.6200274348422496
recall = 0.7313915857605178
