f1 = 0.76
loss = 0.1860069215297699
precision = 0.7307692307692307
recall = 0.7916666666666666
