f1 = 0.8759856630824372
loss = 0.20120419561862946
precision = 0.8474341192787794
recall = 0.9065281899109793
