f1 = 0.68389662027833
loss = 0.18311755910661875
precision = 0.6516326898791268
recall = 0.7195219123505976
