f1 = 0.7517730496453902
loss = 0.212332059442997
precision = 0.7681159420289855
recall = 0.7361111111111112
