f1 = 0.5760869565217391
loss = 0.4896835535764694
precision = 0.6198830409356725
recall = 0.5380710659898477
