f1 = 0.8874172185430463
loss = 0.13708484470844268
precision = 0.881578947368421
recall = 0.8933333333333333
