f1 = 0.7286585365853658
loss = 0.3207934722304344
precision = 0.7286585365853658
recall = 0.7286585365853658
