f1 = 0.8938271604938272
loss = 0.1312934573739767
precision = 0.8829268292682927
recall = 0.905
