f1 = 0.3052714398111723
loss = 0.5111747682094574
precision = 0.28912071535022354
recall = 0.3233333333333333
