f1 = 0.301043219076006
loss = 0.4543302655220032
precision = 0.27900552486187846
recall = 0.3268608414239482
