f1 = 0.4038461538461538
loss = 0.4268363505601883
precision = 0.37595907928388744
recall = 0.4362017804154303
