f1 = 0.4624505928853755
loss = 0.7209307998418808
precision = 0.6573033707865169
recall = 0.3567073170731707
