f1 = 0.5313432835820896
loss = 0.5456832349300385
precision = 0.644927536231884
recall = 0.4517766497461929
