f1 = 0.536036036036036
loss = 0.4092260152101517
precision = 0.7628205128205128
recall = 0.4131944444444444
