f1 = 0.9189602446483179
loss = 0.08912215977907181
precision = 0.8970149253731343
recall = 0.9420062695924765
