f1 = 0.8503162333099087
loss = 0.19244809001684188
precision = 0.807743658210948
recall = 0.8976261127596439
