f1 = 0.40044742729306493
loss = 0.7522885203361511
precision = 0.8136363636363636
recall = 0.2655786350148368
