f1 = 0.084958217270195
loss = 0.6571980118751526
precision = 0.07932379713914174
recall = 0.09145427286356822
