f1 = 0.8179631114675221
loss = 0.246714685857296
precision = 0.8108108108108109
recall = 0.8252427184466019
