f1 = 0.6666666666666666
loss = 0.09654574990272521
precision = 0.8243243243243243
recall = 0.5596330275229358
