f1 = 0.9194167306216423
loss = 0.07238545715808868
precision = 0.9007518796992481
recall = 0.9388714733542319
