f1 = 0.7640117994100295
loss = 0.2792142704129219
precision = 0.74
recall = 0.7896341463414634
