f1 = 0.3636363636363636
loss = 0.4542286336421967
precision = 0.3584905660377358
recall = 0.36893203883495146
