f1 = 0.863036303630363
loss = 0.15477205887436868
precision = 0.8545751633986928
recall = 0.8716666666666667
