f1 = 0.7158908507223115
loss = 0.24729691818356514
precision = 0.6656716417910448
recall = 0.7743055555555556
