f1 = 0.8691860465116279
loss = 0.15335061997175217
precision = 0.843441466854725
recall = 0.896551724137931
