f1 = 0.8426183844011141
loss = 0.214009690284729
precision = 0.7939632545931758
recall = 0.8976261127596439
