f1 = 0.05333333333333334
loss = 1.1218312680721283
precision = 0.04739336492890995
recall = 0.06097560975609756
