f1 = 0.7281105990783411
loss = 0.09712938219308853
precision = 0.7314814814814815
recall = 0.7247706422018348
