f1 = 0.8733624454148471
loss = 0.16949179619550706
precision = 0.8571428571428571
recall = 0.8902077151335311
