f1 = 0.8975206611570248
loss = 0.10439303331077099
precision = 0.8901639344262295
recall = 0.905
