f1 = 0.6705882352941177
loss = 0.27346994578838346
precision = 0.7125
recall = 0.6333333333333333
