f1 = 0.03320754716981132
loss = 1.266041374206543
precision = 0.031117397454031116
recall = 0.03559870550161812
