f1 = 0.8771428571428571
loss = 0.16481648683547973
precision = 0.8457300275482094
recall = 0.9109792284866469
