f1 = 0.6265822784810127
loss = 0.3998452305793762
precision = 0.853448275862069
recall = 0.495
