f1 = 0.8839221341023793
loss = 0.20620085000991822
precision = 0.8597475455820477
recall = 0.9094955489614244
