f1 = 0.5340314136125653
loss = 0.5266537368297577
precision = 0.5513513513513514
recall = 0.5177664974619289
