f1 = 0.13445378151260504
loss = 0.22662151008844375
precision = 0.8
recall = 0.07339449541284404
