f1 = 0.05794831636648395
loss = 1.0607104778289795
precision = 0.05465288035450517
recall = 0.06166666666666667
