f1 = 0.4387755102040816
loss = 0.521466851234436
precision = 0.441025641025641
recall = 0.4365482233502538
