f1 = 0.6126255380200861
loss = 0.20676918625831603
precision = 0.5873452544704264
recall = 0.6401799100449775
