f1 = 0.8223999999999999
loss = 0.26471303552389147
precision = 0.8132911392405063
recall = 0.8317152103559871
