f1 = 0.8339828526890102
loss = 0.15005368441343309
precision = 0.8045112781954887
recall = 0.8656957928802589
