f1 = 0.7645756457564576
loss = 0.1661859020590782
precision = 0.7224546722454672
recall = 0.8119122257053292
