f1 = 0.6790697674418605
loss = 0.24714664220809937
precision = 0.6517857142857143
recall = 0.7087378640776699
