f1 = 0.8934240362811792
loss = 0.1036563590168953
precision = 0.8627737226277372
recall = 0.9263322884012539
