f1 = 0.553125
loss = 0.33250125870108604
precision = 0.5028409090909091
recall = 0.6145833333333334
