f1 = 0.11057360055286801
loss = 0.6733509838581085
precision = 0.1034928848641656
recall = 0.11869436201780416
