f1 = 0.8598265895953756
loss = 0.13691707849502563
precision = 0.8298465829846583
recall = 0.8920539730134932
