f1 = 0.057571964956195244
loss = 0.6583425104618073
precision = 0.05239179954441914
recall = 0.06388888888888888
