f1 = 0.13132694938440492
loss = 1.0113065123558045
precision = 0.75
recall = 0.07196401799100449
