f1 = 0.026666666666666672
loss = 0.2254033461213112
precision = 0.02586206896551724
recall = 0.027522935779816515
