f1 = 0.8736462093862816
loss = 0.20391722917556762
precision = 0.8509142053445851
recall = 0.8976261127596439
