f1 = 0.8652931854199684
loss = 0.17837278619408609
precision = 0.8478260869565217
recall = 0.883495145631068
