f1 = 0.09606986899563318
loss = 1.2962278127670288
precision = 0.34375
recall = 0.05583756345177665
