f1 = 0.1106719367588933
loss = 0.7897023558616638
precision = 0.25
recall = 0.07106598984771574
