f1 = 0.6455696202531647
loss = 0.263903871178627
precision = 0.5930232558139535
recall = 0.7083333333333334
