f1 = 0.8062745098039216
loss = 0.237691792845726
precision = 0.8552412645590682
recall = 0.7626112759643917
