f1 = 0.14388489208633096
loss = 0.5996248841285705
precision = 0.12658227848101267
recall = 0.16666666666666666
