f1 = 0.02565930149679259
loss = 1.0487510442733765
precision = 0.024456521739130436
recall = 0.026986506746626688
