f1 = 0.8899676375404532
loss = 0.13028832003474236
precision = 0.8647798742138365
recall = 0.9166666666666666
