f1 = 0.6879432624113475
loss = 0.3183433376252651
precision = 0.7028985507246377
recall = 0.6736111111111112
