f1 = 0.9247965486812432
loss = 0.0829578803483552
precision = 0.9106005020274184
recall = 0.9394422310756972
