f1 = 0.018181818181818184
loss = 0.35231719315052035
precision = 1.0
recall = 0.009174311926605505
