f1 = 0.025806451612903226
loss = 0.7997085452079773
precision = 0.024096385542168676
recall = 0.027777777777777776
