f1 = 0.5842105263157895
loss = 0.4710306227207184
precision = 0.6065573770491803
recall = 0.5634517766497462
