f1 = 0.2846607669616519
loss = 0.4678558588027954
precision = 0.26151761517615174
recall = 0.3122977346278317
