f1 = 0.9227237949502678
loss = 0.07070792615413665
precision = 0.9013452914798207
recall = 0.945141065830721
