f1 = 0.042704626334519574
loss = 0.5641672492027283
precision = 0.04065040650406504
recall = 0.044977511244377814
