f1 = 0.7422402159244263
loss = 0.2362136349081993
precision = 0.7217847769028871
recall = 0.7638888888888888
