f1 = 0.6799999999999999
loss = 0.26972972974181175
precision = 0.7137404580152672
recall = 0.6493055555555556
