f1 = 0.7350157728706624
loss = 0.23038893193006516
precision = 0.6734104046242775
recall = 0.8090277777777778
