f1 = 0.6962750716332378
loss = 0.2921862490475178
precision = 0.6567567567567567
recall = 0.7408536585365854
