f1 = 0.6666666666666666
loss = 0.3337410278618336
precision = 0.628032345013477
recall = 0.7103658536585366
