f1 = 0.5203252032520326
loss = 0.4922311455011368
precision = 0.5581395348837209
recall = 0.4873096446700508
