f1 = 0.9197939661515819
loss = 0.08957060873508453
precision = 0.903179190751445
recall = 0.9370314842578711
