f1 = 0.5904255319148937
loss = 0.40619997680187225
precision = 0.6201117318435754
recall = 0.5634517766497462
