f1 = 0.22888283378746593
loss = 0.3251507729291916
precision = 0.22459893048128343
recall = 0.23333333333333334
