f1 = 0.7046215673141326
loss = 0.1951528400182724
precision = 0.6422466422466423
recall = 0.7804154302670623
