f1 = 0.8081232492997199
loss = 0.20714448541402816
precision = 0.7652519893899205
recall = 0.8560830860534124
