f1 = 0.748768472906404
loss = 0.11714855581521988
precision = 0.8085106382978723
recall = 0.6972477064220184
