f1 = 0.7087378640776698
loss = 0.10571890622377396
precision = 0.7525773195876289
recall = 0.6697247706422018
