f1 = 0.8807994289793005
loss = 0.17189422398805618
precision = 0.8486932599724897
recall = 0.9154302670623146
