f1 = 0.8645357686453576
loss = 0.09772454649209976
precision = 0.8402366863905325
recall = 0.890282131661442
