f1 = 0.7083333333333334
loss = 0.18440023809671402
precision = 0.6820987654320988
recall = 0.7366666666666667
