f1 = 0.8364524003254677
loss = 0.19090910628437996
precision = 0.8697123519458545
recall = 0.8056426332288401
