f1 = 0.6843033509700176
loss = 0.3508237361907959
precision = 0.8434782608695652
recall = 0.5756676557863502
