f1 = 0.5895061728395061
loss = 0.35214115381240846
precision = 0.5634218289085545
recall = 0.6181229773462783
