f1 = 0.6837881219903691
loss = 0.28132541105151176
precision = 0.6358208955223881
recall = 0.7395833333333334
