f1 = 0.6905132192846034
loss = 0.2764018401503563
precision = 0.6253521126760564
recall = 0.7708333333333334
