f1 = 0.8437956204379561
loss = 0.11696882471442223
precision = 0.8221906116642959
recall = 0.8665667166416792
