f1 = 0.9216589861751152
loss = 0.07708346247673034
precision = 0.9036144578313253
recall = 0.9404388714733543
