f1 = 0.05595408895265423
loss = 0.8024773478507996
precision = 0.05364511691884457
recall = 0.05847076461769116
