f1 = 0.8061776061776063
loss = 0.15788500085473062
precision = 0.7945205479452054
recall = 0.8181818181818182
