f1 = 0.7277556440903055
loss = 0.21370662450790406
precision = 0.6972010178117048
recall = 0.7611111111111111
