f1 = 0.6572327044025157
loss = 0.29483937472105026
precision = 0.6005747126436781
recall = 0.7256944444444444
