f1 = 0.38724035608308605
loss = 0.3884214758872986
precision = 0.35753424657534244
recall = 0.4223300970873786
