f1 = 0.647887323943662
loss = 0.3193434253334999
precision = 0.6020942408376964
recall = 0.7012195121951219
