f1 = 0.7614678899082569
loss = 0.09745939224958419
precision = 0.7614678899082569
recall = 0.7614678899082569
