f1 = 0.3719745222929936
loss = 0.3694180756807327
precision = 0.34352941176470586
recall = 0.40555555555555556
