f1 = 0.6723259762308997
loss = 0.31531837582588196
precision = 0.6578073089700996
recall = 0.6875
