f1 = 0.7589576547231269
loss = 0.2368847131729126
precision = 0.7147239263803681
recall = 0.8090277777777778
