f1 = 0.5593337959750174
loss = 0.2888023406267166
precision = 0.5254237288135594
recall = 0.5979228486646885
