f1 = 0.7038327526132403
loss = 0.2483074203133583
precision = 0.6636005256241787
recall = 0.7492581602373887
