f1 = 0.14314928425357873
loss = 0.869271913579866
precision = 0.49528301886792453
recall = 0.08366533864541832
