f1 = 0.7957839262187089
loss = 0.18828456997871398
precision = 0.7568922305764411
recall = 0.8388888888888889
