f1 = 0.7722222222222223
loss = 0.19884686917066574
precision = 0.7722222222222223
recall = 0.7722222222222223
