f1 = 0.8196491228070175
loss = 0.21126896440982817
precision = 0.7776298268974701
recall = 0.8664688427299704
