f1 = 0.008368200836820085
loss = 1.0391239404678345
precision = 0.007894736842105263
recall = 0.008902077151335312
