f1 = 0.5636942675159237
loss = 0.29783716797828674
precision = 0.5205882352941177
recall = 0.6145833333333334
