f1 = 0.7603833865814696
loss = 0.2222706787288189
precision = 0.7041420118343196
recall = 0.8263888888888888
