f1 = 0.5405405405405405
loss = 0.4008357375860214
precision = 0.5780346820809249
recall = 0.5076142131979695
