f1 = 0.5320197044334977
loss = 0.10533213540911675
precision = 0.574468085106383
recall = 0.4954128440366973
