f1 = 0.6046511627906976
loss = 0.11628910750150681
precision = 0.6132075471698113
recall = 0.5963302752293578
