f1 = 0.7830342577487764
loss = 0.20483998954296112
precision = 0.7384615384615385
recall = 0.8333333333333334
