f1 = 0.7580645161290323
loss = 0.2105385661125183
precision = 0.7078313253012049
recall = 0.8159722222222222
