f1 = 0.35842293906810035
loss = 0.822989284992218
precision = 0.6097560975609756
recall = 0.25380710659898476
