f1 = 0.3003194888178914
loss = 0.7314755618572235
precision = 0.4051724137931034
recall = 0.23857868020304568
