f1 = 0.7794004611837048
loss = 0.18706607669591904
precision = 0.7647058823529411
recall = 0.7946708463949843
