f1 = 0.1924686192468619
loss = 0.9116691052913666
precision = 0.5476190476190477
recall = 0.116751269035533
