f1 = 0.6941747572815534
loss = 0.33037646412849425
precision = 0.6745283018867925
recall = 0.715
