f1 = 0.4655436447166922
loss = 0.3133704990148544
precision = 0.4810126582278481
recall = 0.45103857566765576
