f1 = 0.9346218321664529
loss = 0.07456976900364537
precision = 0.9254051942979886
recall = 0.9440239043824701
