f1 = 0.4625267665952891
loss = 0.5985581696033477
precision = 0.8307692307692308
recall = 0.32047477744807124
