f1 = 0.5031746031746032
loss = 0.304294565320015
precision = 0.4803030303030303
recall = 0.5283333333333333
