f1 = 0.7955974842767295
loss = 0.24725329577922822
precision = 0.7737003058103975
recall = 0.8187702265372169
