f1 = 0.1382488479262673
loss = 1.5835896134376526
precision = 0.75
recall = 0.07614213197969544
