f1 = 0.7176781002638523
loss = 0.20300945937633513
precision = 0.6834170854271356
recall = 0.7555555555555555
