f1 = 0.9293078055964653
loss = 0.09243135750293732
precision = 0.9131693198263386
recall = 0.9460269865067467
