f1 = 0.8712727272727272
loss = 0.1262747325003147
precision = 0.846045197740113
recall = 0.8980509745127436
