f1 = 0.036559553588608816
loss = 1.0353103262536667
precision = 0.536723163841808
recall = 0.018924302788844622
