f1 = 0.7641509433962266
loss = 0.08183125033974648
precision = 0.7864077669902912
recall = 0.7431192660550459
