f1 = 0.7067424857839155
loss = 0.3216944932937622
precision = 0.7809694793536804
recall = 0.6454005934718101
