f1 = 0.13056379821958455
loss = 0.8608208894729614
precision = 0.12394366197183099
recall = 0.13793103448275862
