f1 = 0.7818181818181819
loss = 0.11203380078077316
precision = 0.7747747747747747
recall = 0.7889908256880734
