f1 = 0.22403560830860536
loss = 0.7750370621681213
precision = 0.21267605633802816
recall = 0.23667711598746083
