f1 = 0.006664053312426499
loss = 0.8854358243007286
precision = 0.2073170731707317
recall = 0.003386454183266932
