f1 = 0.7677852348993288
loss = 0.24283870458602905
precision = 0.7428571428571429
recall = 0.7944444444444444
