f1 = 0.06415620641562064
loss = 0.9563790917396545
precision = 0.5348837209302325
recall = 0.03412462908011869
