f1 = 0.10453497309761722
loss = 0.8724105596542359
precision = 0.09700427960057062
recall = 0.11333333333333333
