f1 = 0.765273311897106
loss = 0.20964447781443596
precision = 0.7125748502994012
recall = 0.8263888888888888
