f1 = 0.8748159057437408
loss = 0.08007244318723679
precision = 0.8596237337192475
recall = 0.8905547226386806
