f1 = 0.5161290322580644
loss = 0.22121438086032869
precision = 0.4759493670886076
recall = 0.5637181409295352
