f1 = 0.017777777777777778
loss = 0.7963545024394989
precision = 0.015503875968992248
recall = 0.020833333333333332
