f1 = 0.7136150234741785
loss = 0.08010208681225776
precision = 0.7307692307692307
recall = 0.6972477064220184
