f1 = 0.8230452674897119
loss = 0.1242328256368637
precision = 0.8130081300813008
recall = 0.8333333333333334
