f1 = 0.03675344563552833
loss = 1.0149092555046082
precision = 0.03488372093023256
recall = 0.038834951456310676
