f1 = 0.6688741721854304
loss = 0.4326183195499813
precision = 0.870134014039566
recall = 0.5432270916334662
