f1 = 0.13022113022113024
loss = 0.5288176536560059
precision = 0.11674008810572688
recall = 0.14722222222222223
