f1 = 0.9149463253509498
loss = 0.08960434570908546
precision = 0.9067103109656302
recall = 0.9233333333333333
