f1 = 0.8643790849673202
loss = 0.13786708638072015
precision = 0.8477564102564102
recall = 0.8816666666666667
