f1 = 0.6457399103139013
loss = 0.08628485575318337
precision = 0.631578947368421
recall = 0.6605504587155964
