f1 = 0.754908664647846
loss = 0.16905861665659092
precision = 0.7406555491661875
recall = 0.7697211155378486
