f1 = 0.4204081632653061
loss = 0.7524914816021919
precision = 0.6358024691358025
recall = 0.31402439024390244
