f1 = 0.8095930232558141
loss = 0.14757318347692489
precision = 0.7856135401974612
recall = 0.8350824587706147
