f1 = 0.8847530422333572
loss = 0.1874002456665039
precision = 0.8547717842323651
recall = 0.9169139465875371
