f1 = 0.8589743589743589
loss = 0.17981070876121522
precision = 0.826027397260274
recall = 0.8946587537091988
