f1 = 0.6564102564102564
loss = 0.38207538425922394
precision = 0.6632124352331606
recall = 0.649746192893401
