f1 = 0.8573770491803278
loss = 0.16322461813688277
precision = 0.8435483870967742
recall = 0.8716666666666667
