f1 = 0.659622641509434
loss = 0.23554401993751525
precision = 0.636098981077147
recall = 0.6849529780564263
