f1 = 0.791386271870794
loss = 0.19937115013599396
precision = 0.7676240208877284
recall = 0.8166666666666667
