f1 = 0.7569060773480663
loss = 0.2249135509133339
precision = 0.7527472527472527
recall = 0.7611111111111111
