f1 = 0.7709497206703911
loss = 0.24836658984422683
precision = 0.7396630934150077
recall = 0.805
