f1 = 0.38882138517618464
loss = 0.660019439458847
precision = 0.8648648648648649
recall = 0.2507836990595611
