f1 = 0.27286821705426356
loss = 0.32307461500167844
precision = 0.3087719298245614
recall = 0.24444444444444444
