f1 = 0.7782805429864253
loss = 0.09910469949245453
precision = 0.7678571428571429
recall = 0.7889908256880734
