f1 = 0.53013698630137
loss = 0.2733972787857056
precision = 0.4880201765447667
recall = 0.5802098950524738
