f1 = 0.04885736800630418
loss = 1.0896896600723267
precision = 0.04633781763826607
recall = 0.051666666666666666
