f1 = 0.9191419141914192
loss = 0.085613214969635
precision = 0.9101307189542484
recall = 0.9283333333333333
