f1 = 0.7936000000000001
loss = 0.2518580675125122
precision = 0.7848101265822784
recall = 0.8025889967637541
