f1 = 0.6384291725105188
loss = 0.19542200541963764
precision = 0.6015859030837004
recall = 0.6800796812749004
