f1 = 0.7644444444444446
loss = 0.10831512212753296
precision = 0.7413793103448276
recall = 0.7889908256880734
