f1 = 0.5854922279792746
loss = 0.45435138046741486
precision = 0.5978835978835979
recall = 0.5736040609137056
