f1 = 0.3515681983953319
loss = 0.43820224404335023
precision = 0.3200531208499336
recall = 0.38996763754045305
