f1 = 0.20502092050209203
loss = 0.7048217833042145
precision = 0.19342105263157894
recall = 0.21810089020771514
