f1 = 0.05405405405405406
loss = 1.2291138172149658
precision = 1.0
recall = 0.027777777777777776
