f1 = 0.5161290322580644
loss = 0.2812706232070923
precision = 0.5494137353433836
recall = 0.486646884272997
