f1 = 0.29583648750946256
loss = 0.8685593236895168
precision = 0.616403785488959
recall = 0.1946215139442231
