f1 = 0.544041450777202
loss = 0.438118115067482
precision = 0.5555555555555556
recall = 0.5329949238578681
