f1 = 0.06222222222222223
loss = 1.2930691242218018
precision = 0.25
recall = 0.03553299492385787
