f1 = 0.14303030303030304
loss = 0.4624576449394226
precision = 0.12688172043010754
recall = 0.1638888888888889
