f1 = 0.7057163020465773
loss = 0.17138176560401916
precision = 0.6418485237483954
recall = 0.7836990595611285
