f1 = 0.026666666666666672
loss = 0.23943358659744263
precision = 0.02586206896551724
recall = 0.027522935779816515
