f1 = 0.9082706766917293
loss = 0.0885085865855217
precision = 0.9110105580693816
recall = 0.9055472263868066
