f1 = 0.5892575039494472
loss = 0.29936449229717255
precision = 0.56006006006006
recall = 0.6216666666666667
