f1 = 0.7584187408491947
loss = 0.2594228722155094
precision = 0.7295774647887324
recall = 0.7896341463414634
