f1 = 0.7920184190330007
loss = 0.16518224477767945
precision = 0.7759398496240602
recall = 0.8087774294670846
