f1 = 0.5740932642487047
loss = 0.47412378787994386
precision = 0.7982708933717579
recall = 0.4482200647249191
