f1 = 0.2513966480446927
loss = 0.50589879155159
precision = 0.22113022113022113
recall = 0.2912621359223301
