f1 = 0.7073552425665103
loss = 0.25846361741423607
precision = 0.6438746438746439
recall = 0.7847222222222222
