f1 = 0.8241206030150754
loss = 0.21450661718845368
precision = 0.8848920863309353
recall = 0.7711598746081505
