f1 = 0.7955974842767295
loss = 0.23970952928066253
precision = 0.7737003058103975
recall = 0.8187702265372169
