f1 = 0.8730385164051355
loss = 0.19445364251732827
precision = 0.8406593406593407
recall = 0.9080118694362018
