f1 = 0.7319034852546917
loss = 0.24125004410743714
precision = 0.7072538860103627
recall = 0.7583333333333333
