f1 = 0.7867549668874172
loss = 0.20596370846033096
precision = 0.7518987341772152
recall = 0.825
