f1 = 0.5431034482758621
loss = 0.11197633445262908
precision = 0.5121951219512195
recall = 0.5779816513761468
