f1 = 0.7739251040221914
loss = 0.22204942405223846
precision = 0.7728531855955678
recall = 0.775
