f1 = 0.919911829537105
loss = 0.08376985788345337
precision = 0.9020172910662824
recall = 0.9385307346326837
