f1 = 0.5110320284697509
loss = 0.29946369528770445
precision = 0.48644986449864497
recall = 0.5382308845577212
