f1 = 0.04377564979480165
loss = 0.6924226701259613
precision = 0.2807017543859649
recall = 0.02373887240356083
