f1 = 0.6453576864535768
loss = 0.33326256275177
precision = 0.6091954022988506
recall = 0.686084142394822
