f1 = 0.7549770290964779
loss = 0.25808829069137573
precision = 0.7165697674418605
recall = 0.7977346278317152
