f1 = 0.16216216216216214
loss = 0.6637004315853119
precision = 0.15714285714285714
recall = 0.16751269035532995
