f1 = 0.8526315789473684
loss = 0.1277695432305336
precision = 0.819364161849711
recall = 0.8887147335423198
