f1 = 0.8515406162464986
loss = 0.20318861454725265
precision = 0.8063660477453581
recall = 0.9020771513353115
