f1 = 0.08669656203288491
loss = 1.2136151909828186
precision = 0.9354838709677419
recall = 0.045454545454545456
