f1 = 0.9144542772861357
loss = 0.12473063096404076
precision = 0.8998548621190131
recall = 0.9295352323838081
