f1 = 0.008583690987124463
loss = 0.2632336139678955
precision = 0.008064516129032258
recall = 0.009174311926605505
