f1 = 0.7649513212795549
loss = 0.20268963873386384
precision = 0.766016713091922
recall = 0.7638888888888888
