f1 = 0.6464
loss = 0.3068096451461315
precision = 0.599406528189911
recall = 0.7013888888888888
