f1 = 0.03431372549019608
loss = 0.6689350605010986
precision = 0.03317535545023697
recall = 0.03553299492385787
