f1 = 0.6939443535188217
loss = 0.22554757818579674
precision = 0.6563467492260062
recall = 0.7361111111111112
