f1 = 0.05896805896805896
loss = 0.8956328332424164
precision = 0.05714285714285714
recall = 0.06091370558375635
