f1 = 0.5185185185185185
loss = 0.272430919110775
precision = 0.5992217898832685
recall = 0.456973293768546
