f1 = 0.7236180904522613
loss = 0.10701545029878616
precision = 0.8
recall = 0.6605504587155964
