f1 = 0.4441591784338896
loss = 0.3828104317188263
precision = 0.4128878281622912
recall = 0.48055555555555557
