f1 = 0.8085106382978724
loss = 0.19972370937466621
precision = 0.8636363636363636
recall = 0.76
