f1 = 0.9142857142857143
loss = 0.08105687536299229
precision = 0.8939828080229226
recall = 0.9355322338830585
