f1 = 0.775330396475771
loss = 0.09835276715457439
precision = 0.7457627118644068
recall = 0.8073394495412844
