f1 = 0.6820809248554913
loss = 0.23439186438918114
precision = 0.7662337662337663
recall = 0.6145833333333334
