f1 = 0.8277511961722489
loss = 0.1349649377167225
precision = 0.7935779816513762
recall = 0.865
