f1 = 0.7706422018348624
loss = 0.1100061547011137
precision = 0.7706422018348624
recall = 0.7706422018348624
