f1 = 0.42990654205607476
loss = 0.3204884499311447
precision = 0.5808080808080808
recall = 0.34124629080118696
