f1 = 0.7170294494238156
loss = 0.24629149883985518
precision = 0.665083135391924
recall = 0.7777777777777778
