f1 = 0.03179190751445087
loss = 1.2791070103645326
precision = 0.6111111111111112
recall = 0.016320474777448073
