f1 = 0.06469760900140648
loss = 1.03117436170578
precision = 0.6216216216216216
recall = 0.03412462908011869
