f1 = 0.04979253112033195
loss = 0.7671063542366028
precision = 0.13636363636363635
recall = 0.030456852791878174
