f1 = 0.2635658914728682
loss = 1.0055242776870728
precision = 0.5573770491803278
recall = 0.17258883248730963
