f1 = 0.7621621621621621
loss = 0.2069789707660675
precision = 0.7421052631578947
recall = 0.7833333333333333
