f1 = 0.7399165507649513
loss = 0.16593888252973557
precision = 0.6963350785340314
recall = 0.7893175074183977
