f1 = 0.5974025974025974
loss = 0.44912444055080414
precision = 0.6117021276595744
recall = 0.583756345177665
