f1 = 0.4283088235294118
loss = 0.33072959184646605
precision = 0.5628019323671497
recall = 0.3456973293768546
