f1 = 0.5751978891820579
loss = 0.4460524469614029
precision = 0.5989010989010989
recall = 0.5532994923857868
