f1 = 0.6866485013623979
loss = 0.49301235377788544
precision = 0.7411764705882353
recall = 0.6395939086294417
