f1 = 0.6701570680628272
loss = 0.36331094801425934
precision = 0.6918918918918919
recall = 0.649746192893401
