f1 = 0.9323529411764705
loss = 0.08617144823074341
precision = 0.9148629148629148
recall = 0.9505247376311844
