f1 = 0.6469673405909797
loss = 0.32333317399024963
precision = 0.5859154929577465
recall = 0.7222222222222222
