f1 = 0.7103746397694525
loss = 0.12235048711299897
precision = 0.6837725381414702
recall = 0.7391304347826086
