f1 = 0.6951501154734411
loss = 0.19009635447725362
precision = 0.6723752792256142
recall = 0.7195219123505976
