f1 = 0.8412822517591868
loss = 0.18401829302310943
precision = 0.8139183055975794
recall = 0.8705501618122977
