f1 = 0.07108478341355053
loss = 1.0913718519549744
precision = 0.5026178010471204
recall = 0.03824701195219123
