f1 = 0.6650168728908887
loss = 0.33331070299826415
precision = 0.7638242894056848
recall = 0.5888446215139442
