f1 = 0.5210918114143921
loss = 0.43420468270778656
precision = 0.5097087378640777
recall = 0.5329949238578681
