f1 = 0.6568047337278107
loss = 0.2992270588874817
precision = 0.6379310344827587
recall = 0.676829268292683
