f1 = 0.7967871485943775
loss = 0.24692741632461548
precision = 0.7910685805422647
recall = 0.8025889967637541
