f1 = 0.6945088940448568
loss = 0.24050484448671341
precision = 0.6651851851851852
recall = 0.7265372168284789
