f1 = 0.7613941018766757
loss = 0.20940443873405457
precision = 0.7357512953367875
recall = 0.7888888888888889
