f1 = 0.07604562737642585
loss = 0.6412974298000336
precision = 0.15151515151515152
recall = 0.050761421319796954
