f1 = 0.5352493244902972
loss = 0.38834493468497316
precision = 0.6979500320307496
recall = 0.43406374501992034
