f1 = 0.2996941896024465
loss = 0.37630716860294344
precision = 0.2768361581920904
recall = 0.32666666666666666
