f1 = 0.42642642642642636
loss = 0.49128255248069763
precision = 0.6553846153846153
recall = 0.31602373887240354
