f1 = 0.39461883408071746
loss = 0.127685035020113
precision = 0.38596491228070173
recall = 0.4036697247706422
