f1 = 0.6868381240544629
loss = 0.253445278853178
precision = 0.6085790884718498
recall = 0.7881944444444444
