f1 = 0.07692307692307693
loss = 0.5907607525587082
precision = 0.0730593607305936
recall = 0.08121827411167512
