f1 = 0.08695652173913045
loss = 0.7404271364212036
precision = 0.30303030303030304
recall = 0.050761421319796954
