f1 = 0.8136942675159237
loss = 0.20252254754304885
precision = 0.8780068728522337
recall = 0.7581602373887241
