f1 = 0.05110007097232079
loss = 0.9705139517784118
precision = 0.04851752021563342
recall = 0.053973013493253376
