f1 = 0.5930232558139534
loss = 0.12052700594067574
precision = 0.8095238095238095
recall = 0.46788990825688076
