f1 = 0.934984520123839
loss = 0.06892146095633507
precision = 0.9235474006116208
recall = 0.9467084639498433
