f1 = 0.3468634686346863
loss = 0.8099263608455658
precision = 0.6351351351351351
recall = 0.23857868020304568
