f1 = 0.8022239872915012
loss = 0.25854082107543946
precision = 0.7878315132605305
recall = 0.8171521035598706
