f1 = 0.1848998459167951
loss = 0.40378587692976
precision = 0.16620498614958448
recall = 0.20833333333333334
