f1 = 0.9191551347414422
loss = 0.09919454902410507
precision = 0.8937677053824362
recall = 0.9460269865067467
