f1 = 0.017316017316017316
loss = 0.2679034203290939
precision = 0.01639344262295082
recall = 0.01834862385321101
