f1 = 0.035668789808917196
loss = 0.7214202404022216
precision = 0.03294117647058824
recall = 0.03888888888888889
