f1 = 0.8727272727272728
loss = 0.16213817819952964
precision = 0.8655737704918033
recall = 0.88
