f1 = 0.7866666666666666
loss = 0.18226537555456163
precision = 0.7564102564102564
recall = 0.8194444444444444
