f1 = 0.04028776978417266
loss = 1.3278085231781005
precision = 0.6666666666666666
recall = 0.020771513353115726
