f1 = 0.7041847041847041
loss = 0.29369570314884186
precision = 0.6684931506849315
recall = 0.7439024390243902
