f1 = 0.5344057193923145
loss = 0.3089763343334198
precision = 0.661504424778761
recall = 0.4482758620689655
