f1 = 0.021306818181818184
loss = 0.9089664578437805
precision = 0.020242914979757085
recall = 0.022488755622188907
