f1 = 0.6886503067484663
loss = 0.22604653537273406
precision = 0.6741741741741741
recall = 0.7037617554858934
