f1 = 0.917910447761194
loss = 0.09517832025885582
precision = 0.9138187221396731
recall = 0.9220389805097451
