f1 = 0.26897470039946736
loss = 0.9277388215065002
precision = 0.8938053097345132
recall = 0.15830721003134796
