f1 = 0.6962406015037594
loss = 0.18677741438150405
precision = 0.6690751445086706
recall = 0.725705329153605
