f1 = 0.8146453089244852
loss = 0.22940637320280075
precision = 0.8383045525902669
recall = 0.7922848664688428
