f1 = 0.07582938388625592
loss = 1.3027069568634033
precision = 0.5714285714285714
recall = 0.04060913705583756
