f1 = 0.912211090169626
loss = 0.09125010178803339
precision = 0.9085161035368504
recall = 0.9159362549800797
