f1 = 0.5293072824156305
loss = 0.5771645486354828
precision = 0.7339901477832512
recall = 0.41388888888888886
