f1 = 0.41543026706231456
loss = 0.5308766514062881
precision = 0.5
recall = 0.3553299492385787
