f1 = 0.6747967479674796
loss = 0.23879913091659546
precision = 0.6587301587301587
recall = 0.6916666666666667
