f1 = 0.6395233366434955
loss = 0.3702579617500305
precision = 0.8726287262872628
recall = 0.5047021943573667
