f1 = 0.7439613526570049
loss = 0.07708978392183781
precision = 0.7857142857142857
recall = 0.7064220183486238
