f1 = 0.028860028860028863
loss = 1.1428577065467835
precision = 0.5263157894736842
recall = 0.01483679525222552
