f1 = 0.7420109119251753
loss = 0.2677765592932701
precision = 0.7157894736842105
recall = 0.7702265372168284
