f1 = 0.7499999999999999
loss = 0.2671378031373024
precision = 0.7166666666666667
recall = 0.7865853658536586
