f1 = 0.8927392739273927
loss = 0.13858576864004135
precision = 0.8839869281045751
recall = 0.9016666666666666
