f1 = 0.34220532319391633
loss = 0.8607537746429443
precision = 0.6818181818181818
recall = 0.22842639593908629
