f1 = 0.8497023809523809
loss = 0.2171727627515793
precision = 0.8522388059701492
recall = 0.8471810089020771
