f1 = 0.7031802120141344
loss = 0.35423717498779295
precision = 0.77431906614786
recall = 0.6440129449838188
