f1 = 0.7428571428571428
loss = 0.24013855308294296
precision = 0.7647058823529411
recall = 0.7222222222222222
