f1 = 0.8828420256991687
loss = 0.10966208428144456
precision = 0.8525547445255475
recall = 0.9153605015673981
