f1 = 0.9093678598629094
loss = 0.105282261967659
precision = 0.8844444444444445
recall = 0.9357366771159875
