f1 = 0.00851063829787234
loss = 1.223676636815071
precision = 0.007957559681697613
recall = 0.009146341463414634
