f1 = 0.6780715396578538
loss = 0.32418403774499893
precision = 0.6140845070422535
recall = 0.7569444444444444
