f1 = 0.8655529037390612
loss = 0.17675763368606567
precision = 0.8513302034428795
recall = 0.8802588996763754
