f1 = 0.7999999999999999
loss = 0.22227732986211776
precision = 0.8500881834215167
recall = 0.7554858934169278
