f1 = 0.8798862828713575
loss = 0.1680644854903221
precision = 0.844474761255116
recall = 0.9183976261127597
