f1 = 0.7371794871794871
loss = 0.24510794505476952
precision = 0.6845238095238095
recall = 0.7986111111111112
