f1 = 0.7525083612040133
loss = 0.2341945394873619
precision = 0.7258064516129032
recall = 0.78125
