f1 = 0.2666666666666667
loss = 0.29425188302993777
precision = 0.24408468244084683
recall = 0.2938530734632684
