f1 = 0.663710273466371
loss = 0.208745776116848
precision = 0.6612665684830633
recall = 0.6661721068249258
