f1 = 0.7366906474820145
loss = 0.2942354306578636
precision = 0.6975476839237057
recall = 0.7804878048780488
