f1 = 0.19031233456855481
loss = 0.5168600397951463
precision = 0.2835173501577287
recall = 0.14322709163346614
