f1 = 0.3011972274732199
loss = 0.3083982229232788
precision = 0.2597826086956522
recall = 0.3583208395802099
