f1 = 0.8379013312451058
loss = 0.16821366623044015
precision = 0.8118361153262519
recall = 0.8656957928802589
