f1 = 0.699523052464229
loss = 0.23943333327770233
precision = 0.6451612903225806
recall = 0.7638888888888888
