f1 = 0.06164874551971326
loss = 0.8759374976158142
precision = 0.055341055341055344
recall = 0.06957928802588997
