f1 = 0.4296081277213352
loss = 0.4195140600204468
precision = 0.3894736842105263
recall = 0.47896440129449835
