f1 = 0.6288416075650118
loss = 0.22034902274608612
precision = 0.5964125560538116
recall = 0.665
