f1 = 0.20110192837465563
loss = 0.6134791374206543
precision = 0.18766066838046272
recall = 0.2166172106824926
