f1 = 0.2292263610315186
loss = 0.5457202643156052
precision = 0.2631578947368421
recall = 0.20304568527918782
