f1 = 0.002373417721518987
loss = 1.3988557761790705
precision = 0.16666666666666666
recall = 0.001195219123505976
