f1 = 0.8071111111111112
loss = 0.1785474717617035
precision = 0.8647619047619047
recall = 0.7566666666666667
