f1 = 0.848854961832061
loss = 0.11008791252970695
precision = 0.8273809523809523
recall = 0.8714733542319749
