f1 = 0.9203675344563552
loss = 0.07120103165507316
precision = 0.8997005988023952
recall = 0.9420062695924765
