f1 = 0.028818443804034585
loss = 1.1263041853904725
precision = 0.5
recall = 0.01483679525222552
