f1 = 0.47852760736196315
loss = 0.4989015907049179
precision = 0.6046511627906976
recall = 0.39593908629441626
