f1 = 0.30153846153846153
loss = 0.8592348098754883
precision = 0.3828125
recall = 0.24873096446700507
