f1 = 0.7392996108949416
loss = 0.19884442538022995
precision = 0.6934306569343066
recall = 0.7916666666666666
