f1 = 0.42042931162102143
loss = 0.38133721947669985
precision = 0.3874488403819918
recall = 0.459546925566343
