f1 = 0.5217391304347825
loss = 0.3892321474850178
precision = 0.4831168831168831
recall = 0.5670731707317073
