f1 = 0.18745595489781536
loss = 0.6803532004356384
precision = 0.1768617021276596
recall = 0.19940029985007496
