f1 = 0.666156202143951
loss = 0.2348873123526573
precision = 0.6511976047904192
recall = 0.6818181818181818
