f1 = 0.1588715664439495
loss = 0.6990400075912475
precision = 0.1467764060356653
recall = 0.17313915857605178
