f1 = 0.7309644670050762
loss = 0.08747789263725281
precision = 0.8181818181818182
recall = 0.6605504587155964
