f1 = 0.8667198723064644
loss = 0.18518106192350386
precision = 0.8551181102362204
recall = 0.8786407766990292
