f1 = 0.20363636363636364
loss = 0.7315495014190674
precision = 0.358974358974359
recall = 0.14213197969543148
