f1 = 0.12307692307692308
loss = 0.6447497189044953
precision = 0.4528301886792453
recall = 0.0712166172106825
