f1 = 0.7509225092250922
loss = 0.2941832095384598
precision = 0.9125560538116592
recall = 0.6379310344827587
