f1 = 0.5616850551654965
loss = 0.4865125060081482
precision = 0.7387862796833773
recall = 0.45307443365695793
