f1 = 0.017582417582417582
loss = 1.221763825416565
precision = 0.01606425702811245
recall = 0.019417475728155338
