f1 = 0.8735818476499189
loss = 0.1290431134402752
precision = 0.8501577287066246
recall = 0.8983333333333333
