f1 = 0.6736474694589878
loss = 0.29609229788184166
precision = 0.6771929824561403
recall = 0.6701388888888888
