f1 = 0.4186575654152446
loss = 0.6963079094886779
precision = 0.7634854771784232
recall = 0.2884012539184953
