f1 = 0.1732283464566929
loss = 0.7040796503424644
precision = 0.15207373271889402
recall = 0.20121951219512196
