f1 = 0.02531645569620253
loss = 0.4509465768933296
precision = 0.14285714285714285
recall = 0.013888888888888888
