f1 = 0.8809693513898788
loss = 0.18779661357402802
precision = 0.8477366255144033
recall = 0.9169139465875371
