f1 = 0.6496388569035906
loss = 0.28038562527474237
precision = 0.6845356276196779
recall = 0.6181274900398407
