f1 = 0.8890728476821191
loss = 0.13038669377565384
precision = 0.8832236842105263
recall = 0.895
