f1 = 0.6963434022257552
loss = 0.26013585552573204
precision = 0.6422287390029325
recall = 0.7604166666666666
