f1 = 0.004123711340206186
loss = 1.075105893611908
precision = 0.0038412291933418692
recall = 0.004451038575667656
