f1 = 0.7272727272727272
loss = 0.19882321804761888
precision = 0.6917293233082706
recall = 0.7666666666666667
