f1 = 0.8950524737631186
loss = 0.11299743354320527
precision = 0.8950524737631185
recall = 0.8950524737631185
