f1 = 0.32217573221757323
loss = 0.32257338166236876
precision = 0.5460992907801419
recall = 0.228486646884273
