f1 = 0.4388888888888889
loss = 0.48695051670074463
precision = 0.48466257668711654
recall = 0.4010152284263959
