f1 = 0.8806290207290922
loss = 0.17134588360786437
precision = 0.8496551724137931
recall = 0.913946587537092
