f1 = 0.7417840375586855
loss = 0.08086836151778698
precision = 0.7596153846153846
recall = 0.7247706422018348
