f1 = 0.8064952638700946
loss = 0.18867209255695344
precision = 0.7862796833773087
recall = 0.8277777777777777
