f1 = 0.2731034482758621
loss = 0.8835620880126953
precision = 0.792
recall = 0.165
