f1 = 0.7625
loss = 0.24867427796125413
precision = 0.8858921161825726
recall = 0.6692789968652038
