f1 = 0.07297096053611318
loss = 0.8820328712463379
precision = 0.06758620689655172
recall = 0.07928802588996764
