f1 = 0.8636688079942898
loss = 0.22497547715902327
precision = 0.8321870701513068
recall = 0.8976261127596439
