f1 = 0.8623548922056384
loss = 0.13662279769778252
precision = 0.858085808580858
recall = 0.8666666666666667
