f1 = 0.7400881057268722
loss = 0.06281411796808242
precision = 0.711864406779661
recall = 0.7706422018348624
