f1 = 0.7836456558773425
loss = 0.2079097658395767
precision = 0.9072978303747534
recall = 0.6896551724137931
