f1 = 0.9011627906976744
loss = 0.12008214145898818
precision = 0.8744710860366713
recall = 0.9295352323838081
