f1 = 0.854688618468146
loss = 0.23053814619779586
precision = 0.8257261410788381
recall = 0.8857566765578635
