f1 = 0.7345065034429992
loss = 0.1952921025454998
precision = 0.7174887892376681
recall = 0.7523510971786834
