f1 = 0.7879295892707461
loss = 0.1888904392719269
precision = 0.8935361216730038
recall = 0.704647676161919
