f1 = 0.8847262247838618
loss = 0.19690674990415574
precision = 0.8599439775910365
recall = 0.9109792284866469
