f1 = 0.7677595628415301
loss = 0.23261324614286422
precision = 0.7553763440860215
recall = 0.7805555555555556
