f1 = 0.6351706036745406
loss = 0.4613279402256012
precision = 0.657608695652174
recall = 0.6142131979695431
