f1 = 0.03463203463203463
loss = 1.1550224900245667
precision = 0.631578947368421
recall = 0.017804154302670624
