f1 = 0.8220858895705522
loss = 0.1443041279911995
precision = 0.8048048048048048
recall = 0.8401253918495298
