f1 = 0.708994708994709
loss = 0.08920773416757584
precision = 0.8375
recall = 0.6146788990825688
