f1 = 0.08256880733944955
loss = 1.482862949371338
precision = 0.75
recall = 0.043689320388349516
