f1 = 0.7864150943396226
loss = 0.11258764415979386
precision = 0.7583697234352256
recall = 0.8166144200626959
