f1 = 0.48732394366197185
loss = 0.463571660220623
precision = 0.45287958115183247
recall = 0.5274390243902439
