f1 = 0.37241379310344824
loss = 0.8266569674015045
precision = 0.5806451612903226
recall = 0.27411167512690354
