f1 = 0.7955801104972375
loss = 0.2574112206697464
precision = 0.7765793528505393
recall = 0.8155339805825242
