f1 = 0.6174142480211082
loss = 0.4949767291545868
precision = 0.6428571428571429
recall = 0.5939086294416244
