f1 = 0.37961783439490443
loss = 0.38086493611335753
precision = 0.35058823529411764
recall = 0.41388888888888886
