f1 = 0.06659012629161883
loss = 1.7155991722555721
precision = 0.8446601941747572
recall = 0.034661354581673305
