f1 = 0.009063444108761328
loss = 0.8089407831430435
precision = 0.008021390374331552
recall = 0.010416666666666666
