f1 = 0.8772178850248402
loss = 0.1930417761206627
precision = 0.8408163265306122
recall = 0.9169139465875371
