f1 = 0.7452180566182096
loss = 0.22669905424118042
precision = 0.706821480406386
recall = 0.7880258899676376
