f1 = 0.02278481012658228
loss = 0.8138368606567383
precision = 0.020930232558139535
recall = 0.025
