f1 = 0.6186666666666667
loss = 0.5187591910362244
precision = 0.651685393258427
recall = 0.5888324873096447
