f1 = 0.05589123867069487
loss = 1.0891743659973145
precision = 0.05240793201133145
recall = 0.059870550161812294
