f1 = 0.8200312989045383
loss = 0.2360420346260071
precision = 0.8675496688741722
recall = 0.7774480712166172
