f1 = 0.728218465539662
loss = 0.22155213207006455
precision = 0.684596577017115
recall = 0.7777777777777778
