f1 = 0.17438692098092642
loss = 0.7048598468303681
precision = 0.16120906801007556
recall = 0.18991097922848665
