f1 = 0.9237472766884531
loss = 0.08418662250041961
precision = 0.895774647887324
recall = 0.9535232383808095
