f1 = 0.8223637650389243
loss = 0.2224114194512367
precision = 0.7861975642760487
recall = 0.8620178041543026
