f1 = 0.8903133903133903
loss = 0.1657760389149189
precision = 0.8561643835616438
recall = 0.9272997032640949
