f1 = 0.014705882352941176
loss = 0.9850447058677674
precision = 0.8333333333333334
recall = 0.00741839762611276
