f1 = 0.5860655737704918
loss = 0.22931310534477234
precision = 0.5430379746835443
recall = 0.6364985163204748
