f1 = 0.9198250728862974
loss = 0.0786569781601429
precision = 0.8950354609929078
recall = 0.9460269865067467
