f1 = 0.04500703234880451
loss = 0.9149660587310791
precision = 0.43243243243243246
recall = 0.02373887240356083
