f1 = 0.9124423963133641
loss = 0.08726126179099084
precision = 0.8945783132530121
recall = 0.9310344827586207
