f1 = 0.8438266557645135
loss = 0.16267593577504158
precision = 0.882051282051282
recall = 0.8087774294670846
