f1 = 0.36318407960199006
loss = 0.5354188680648804
precision = 0.35609756097560974
recall = 0.37055837563451777
