f1 = 0.5909980430528375
loss = 0.28769687190651894
precision = 0.6771300448430493
recall = 0.5243055555555556
