f1 = 0.8482428115015975
loss = 0.15033124536275863
precision = 0.8648208469055375
recall = 0.8322884012539185
