f1 = 0.43681318681318676
loss = 0.38950052112340927
precision = 0.3975
recall = 0.4847560975609756
