f1 = 0.08928571428571429
loss = 1.5597829580307008
precision = 0.5555555555555556
recall = 0.04854368932038835
