f1 = 0.563984674329502
loss = 0.33256952464580536
precision = 0.5356622998544396
recall = 0.5954692556634305
