f1 = 0.023047375160051217
loss = 0.9263721346855164
precision = 0.021377672209026127
recall = 0.025
