f1 = 0.6764995083579154
loss = 0.2994702622294426
precision = 0.8249400479616307
recall = 0.5733333333333334
