f1 = 0.00975609756097561
loss = 1.0990122258663177
precision = 0.125
recall = 0.005076142131979695
