f1 = 0.011412268188302425
loss = 0.9476606369018554
precision = 0.14814814814814814
recall = 0.005934718100890208
