f1 = 0.5056095736724009
loss = 0.2876500815153122
precision = 0.48354792560801146
recall = 0.5297805642633229
