f1 = 0.7106598984771573
loss = 0.10279188454151153
precision = 0.7954545454545454
recall = 0.6422018348623854
