f1 = 0.9368258859784284
loss = 0.06270417869091034
precision = 0.9212121212121213
recall = 0.9529780564263323
