f1 = 0.9149560117302052
loss = 0.11494945511221885
precision = 0.8952654232424677
recall = 0.9355322338830585
