f1 = 0.6578199052132702
loss = 0.38631769120693205
precision = 0.8321342925659473
recall = 0.5438871473354232
