f1 = 0.7127371273712737
loss = 0.26525352001190183
precision = 0.6957671957671958
recall = 0.7305555555555555
