f1 = 0.8733431516936672
loss = 0.17902587056159974
precision = 0.8669590643274854
recall = 0.8798219584569733
