f1 = 0.37333333333333335
loss = 0.7379194915294647
precision = 0.7433628318584071
recall = 0.24925816023738873
