f1 = 0.06425102726933134
loss = 1.3846955311064626
precision = 0.5149700598802395
recall = 0.034262948207171316
