f1 = 0.9051412020275164
loss = 0.09941427484154701
precision = 0.8753501400560224
recall = 0.9370314842578711
