f1 = 0.08906882591093118
loss = 0.21197102665901185
precision = 0.07971014492753623
recall = 0.10091743119266056
