f1 = 0.8470588235294118
loss = 0.1699047714471817
precision = 0.821917808219178
recall = 0.8737864077669902
