f1 = 0.01754385964912281
loss = 0.2758334934711456
precision = 0.01680672268907563
recall = 0.01834862385321101
