f1 = 0.048882681564245814
loss = 0.5810874819755554
precision = 0.0457516339869281
recall = 0.05247376311844078
