f1 = 0.5968586387434555
loss = 0.49012085795402527
precision = 0.6162162162162163
recall = 0.5786802030456852
