f1 = 0.7517401392111369
loss = 0.20521306693553926
precision = 0.7419847328244275
recall = 0.7617554858934169
