f1 = 0.2871046228710462
loss = 0.516514241695404
precision = 0.2757009345794392
recall = 0.29949238578680204
