f1 = 0.15215801024140452
loss = 0.9964657425880432
precision = 0.14266117969821673
recall = 0.16300940438871472
