f1 = 0.16363636363636364
loss = 1.3526764512062073
precision = 0.782608695652174
recall = 0.09137055837563451
