f1 = 0.5517762660619803
loss = 0.26217695474624636
precision = 0.5328467153284672
recall = 0.5721003134796239
