f1 = 0.8824383164005806
loss = 0.11058900281786918
precision = 0.8551336146272855
recall = 0.9115442278860569
