f1 = 0.717086256706562
loss = 0.25269998639237645
precision = 0.743792808219178
recall = 0.6922310756972112
