f1 = 0.9240972733971997
loss = 0.09650999531149865
precision = 0.908695652173913
recall = 0.9400299850074962
