f1 = 0.6734104046242774
loss = 0.2763903886079788
precision = 0.6401098901098901
recall = 0.7103658536585366
