f1 = 0.0972972972972973
loss = 0.8447443842887878
precision = 0.5454545454545454
recall = 0.05341246290801187
