f1 = 0.46511627906976744
loss = 0.39000198245048523
precision = 0.43478260869565216
recall = 0.5
