f1 = 0.9338235294117647
loss = 0.0808329552412033
precision = 0.9163059163059163
recall = 0.952023988005997
