f1 = 0.9339207048458149
loss = 0.08312059044837952
precision = 0.9151079136690647
recall = 0.9535232383808095
