f1 = 0.15615615615615616
loss = 0.8187500715255738
precision = 0.14985590778097982
recall = 0.16300940438871472
