f1 = 0.7047619047619047
loss = 0.107817542552948
precision = 0.7326732673267327
recall = 0.6788990825688074
