f1 = 0.7584187408491947
loss = 0.3060939684510231
precision = 0.7295774647887324
recall = 0.7896341463414634
