f1 = 0.8374233128834355
loss = 0.19822925180196763
precision = 0.8666666666666667
recall = 0.8100890207715133
