f1 = 0.8898026315789473
loss = 0.13055186569690705
precision = 0.8782467532467533
recall = 0.9016666666666666
