f1 = 0.27444535743631876
loss = 0.34509630501270294
precision = 0.30755064456721914
recall = 0.24777448071216618
