f1 = 0.784741144414169
loss = 0.24263556599617003
precision = 0.7700534759358288
recall = 0.8
