f1 = 0.1285140562248996
loss = 1.0278971791267395
precision = 0.3076923076923077
recall = 0.08121827411167512
