f1 = 0.15964523281596452
loss = 0.8364214897155762
precision = 0.15104895104895105
recall = 0.16927899686520376
