f1 = 0.6636851520572451
loss = 0.3522294044494629
precision = 0.8355855855855856
recall = 0.5504451038575667
