f1 = 0.18461538461538463
loss = 0.6613956093788147
precision = 0.3183673469387755
recall = 0.13
