f1 = 0.3389601620526671
loss = 0.3610796332359314
precision = 0.3110285006195787
recall = 0.3724035608308605
