f1 = 0.7678714859437751
loss = 0.22858964949846267
precision = 0.7410852713178294
recall = 0.7966666666666666
