f1 = 0.9236417033773862
loss = 0.10506295412778854
precision = 0.9050359712230216
recall = 0.9430284857571214
