f1 = 0.019704433497536946
loss = 1.1385655164718629
precision = 0.01856763925729443
recall = 0.020989505247376312
