f1 = 0.7962466487935658
loss = 0.17713833898305892
precision = 0.7694300518134715
recall = 0.825
