f1 = 0.7817938420348058
loss = 0.19756135493516921
precision = 0.7545219638242894
recall = 0.8111111111111111
