f1 = 0.02702702702702703
loss = 0.7011300325393677
precision = 0.12
recall = 0.015228426395939087
