f1 = 0.8866995073891626
loss = 0.10319514572620392
precision = 0.8737864077669902
recall = 0.9
