f1 = 0.6800832755031228
loss = 0.2501602083444595
precision = 0.6388526727509778
recall = 0.7270029673590505
