f1 = 0.8735806207418622
loss = 0.10357081666588783
precision = 0.8448023426061494
recall = 0.9043887147335423
