f1 = 0.8892065761258041
loss = 0.18058642148971557
precision = 0.8579310344827586
recall = 0.9228486646884273
