f1 = 0.808641975308642
loss = 0.2245529443025589
precision = 0.7728613569321534
recall = 0.8478964401294499
