f1 = 0.8175298804780876
loss = 0.2417932331562042
precision = 0.8053375196232339
recall = 0.8300970873786407
