f1 = 0.5906735751295338
loss = 0.5383056402206421
precision = 0.6031746031746031
recall = 0.5786802030456852
