f1 = 0.40506329113924044
loss = 0.39050293564796446
precision = 0.37209302325581395
recall = 0.4444444444444444
