f1 = 0.502923976608187
loss = 0.5597328692674637
precision = 0.593103448275862
recall = 0.4365482233502538
