f1 = 0.7290480065093571
loss = 0.23572278022766113
precision = 0.712241653418124
recall = 0.7466666666666667
