f1 = 0.06303724928366762
loss = 1.194660449028015
precision = 0.9166666666666666
recall = 0.032640949554896145
