f1 = 0.8810888252148998
loss = 0.17034752666950226
precision = 0.8518005540166205
recall = 0.9124629080118695
