f1 = 0.7470588235294118
loss = 0.3226451389491558
precision = 0.7215909090909091
recall = 0.774390243902439
