f1 = 0.736214605067064
loss = 0.2875039279460907
precision = 0.7201166180758017
recall = 0.7530487804878049
