f1 = 0.2185430463576159
loss = 0.7275274395942688
precision = 0.3142857142857143
recall = 0.16751269035532995
