f1 = 0.009592326139088728
loss = 0.6915133595466614
precision = 0.00909090909090909
recall = 0.01015228426395939
