f1 = 0.694006309148265
loss = 0.2686900421977043
precision = 0.6358381502890174
recall = 0.7638888888888888
