f1 = 0.6329787234042554
loss = 0.4672365039587021
precision = 0.664804469273743
recall = 0.6040609137055838
