f1 = 0.7230320699708455
loss = 0.30304837971925735
precision = 0.6927374301675978
recall = 0.7560975609756098
