f1 = 0.3925465838509317
loss = 0.33752872943878176
precision = 0.3550561797752809
recall = 0.4388888888888889
