f1 = 0.7853736089030207
loss = 0.23250748217105865
precision = 0.7243401759530792
recall = 0.8576388888888888
