f1 = 0.8671428571428571
loss = 0.21194877922534944
precision = 0.8360881542699724
recall = 0.900593471810089
