f1 = 0.19817470664928288
loss = 0.4994054064154625
precision = 0.17312072892938496
recall = 0.23170731707317074
