f1 = 0.2621145374449339
loss = 0.5064172267913818
precision = 0.5085470085470085
recall = 0.17655786350148367
