f1 = 0.7816091954022988
loss = 0.13305345103144645
precision = 0.7576601671309192
recall = 0.8071216617210683
