f1 = 0.9137222678718159
loss = 0.10138887986540794
precision = 0.9011345218800648
recall = 0.9266666666666666
