f1 = 0.41886792452830185
loss = 0.4648402392864227
precision = 0.6529411764705882
recall = 0.30833333333333335
