f1 = 0.04892086330935252
loss = 0.9491367340087891
precision = 0.04702627939142462
recall = 0.050974512743628186
