f1 = 0.17040358744394618
loss = 1.3420749306678772
precision = 0.7307692307692307
recall = 0.09644670050761421
