f1 = 0.8813303099017384
loss = 0.09116977453231812
precision = 0.8510948905109489
recall = 0.9137931034482759
