f1 = 0.6507936507936508
loss = 0.402800515294075
precision = 0.6795580110497238
recall = 0.6243654822335025
