f1 = 0.011869436201780416
loss = 0.591873437166214
precision = 0.2222222222222222
recall = 0.006097560975609756
