f1 = 0.58603066439523
loss = 0.3806389272212982
precision = 0.7577092511013216
recall = 0.4777777777777778
