f1 = 0.41935483870967744
loss = 0.596609354019165
precision = 0.44571428571428573
recall = 0.39593908629441626
