f1 = 0.9196757553426677
loss = 0.07846778929233551
precision = 0.9043478260869565
recall = 0.9355322338830585
