f1 = 0.7267441860465116
loss = 0.28765397891402245
precision = 0.6944444444444444
recall = 0.7621951219512195
