f1 = 0.5387160820648578
loss = 0.234294331073761
precision = 0.4862604540023895
recall = 0.6038575667655787
