f1 = 0.35320088300220753
loss = 0.5510084390640259
precision = 0.6896551724137931
recall = 0.23738872403560832
