f1 = 0.14975507347795664
loss = 0.4470969378948212
precision = 0.14041994750656167
recall = 0.16041979010494753
