f1 = 0.7762557077625571
loss = 0.10214478373527527
precision = 0.7727272727272727
recall = 0.7798165137614679
