f1 = 0.021857923497267763
loss = 0.8870502352714539
precision = 0.020253164556962026
recall = 0.02373887240356083
