f1 = 0.1613144137415982
loss = 0.44961323142051696
precision = 0.15406562054208273
recall = 0.16927899686520376
