f1 = 0.795417348608838
loss = 0.22148576006293297
precision = 0.7523219814241486
recall = 0.84375
