f1 = 0.030230708035003977
loss = 1.078747534751892
precision = 0.0289193302891933
recall = 0.03166666666666667
