f1 = 0.8501742160278745
loss = 0.16301626712083817
precision = 0.8015768725361366
recall = 0.9050445103857567
