f1 = 0.22995461422087746
loss = 0.5756755545735359
precision = 0.2037533512064343
recall = 0.2638888888888889
