f1 = 0.7817938420348058
loss = 0.23150460422039032
precision = 0.7545219638242894
recall = 0.8111111111111111
