f1 = 0.902317880794702
loss = 0.11123353391885757
precision = 0.8963815789473685
recall = 0.9083333333333333
