f1 = 0.7911392405063292
loss = 0.2359293982386589
precision = 0.7739938080495357
recall = 0.8090614886731392
