f1 = 0.7085201793721974
loss = 0.11606421619653702
precision = 0.6929824561403509
recall = 0.7247706422018348
