f1 = 0.8986141502552881
loss = 0.11330370642244816
precision = 0.875
recall = 0.9235382308845578
