f1 = 0.11658031088082903
loss = 0.7599877297878266
precision = 0.45918367346938777
recall = 0.06676557863501484
