f1 = 0.8241042345276873
loss = 0.21070709228515624
precision = 0.8057324840764332
recall = 0.8433333333333334
