f1 = 0.09212481426448736
loss = 0.5897727534174919
precision = 0.08051948051948052
recall = 0.1076388888888889
