f1 = 0.009900990099009901
loss = 1.3429183959960938
precision = 0.2
recall = 0.005076142131979695
