f1 = 0.6524064171122994
loss = 0.3517133742570877
precision = 0.6892655367231638
recall = 0.6192893401015228
