f1 = 0.21287128712871284
loss = 0.5929328948259354
precision = 0.20772946859903382
recall = 0.2182741116751269
