f1 = 0.8135135135135135
loss = 0.17924026995897294
precision = 0.7921052631578948
recall = 0.8361111111111111
