f1 = 0.5263157894736842
loss = 0.1270678423345089
precision = 0.5042016806722689
recall = 0.5504587155963303
