f1 = 0.9086378737541528
loss = 0.09041064269840718
precision = 0.9056291390728477
recall = 0.9116666666666666
