f1 = 0.015600624024960999
loss = 0.8319010734558105
precision = 0.014164305949008499
recall = 0.017361111111111112
