f1 = 0.5534246575342466
loss = 0.47361011803150177
precision = 0.6011904761904762
recall = 0.5126903553299492
