f1 = 0.76
loss = 0.1902226224541664
precision = 0.7307692307692307
recall = 0.7916666666666666
