f1 = 0.7282463186077643
loss = 0.24675205945968628
precision = 0.7028423772609819
recall = 0.7555555555555555
