f1 = 0.04405286343612335
loss = 0.23914005160331725
precision = 0.0423728813559322
recall = 0.045871559633027525
