f1 = 0.7964601769911505
loss = 0.09124414008110762
precision = 0.7692307692307693
recall = 0.8256880733944955
