f1 = 0.7546907574704658
loss = 0.18710711300373079
precision = 0.7098039215686275
recall = 0.8056379821958457
