f1 = 0.6957123098201936
loss = 0.16877233535051345
precision = 0.6225247524752475
recall = 0.7884012539184952
