f1 = 0.2492401215805471
loss = 0.505667096376419
precision = 0.3333333333333333
recall = 0.19902912621359223
