f1 = 0.5116279069767442
loss = 0.5279253423213959
precision = 0.5210526315789473
recall = 0.5025380710659898
