f1 = 0.6918238993710691
loss = 0.29157545045018196
precision = 0.632183908045977
recall = 0.7638888888888888
