f1 = 0.5529715762273901
loss = 0.4827863723039627
precision = 0.5631578947368421
recall = 0.5431472081218274
