f1 = 0.9043611323641928
loss = 0.10968378186225891
precision = 0.8834080717488789
recall = 0.9263322884012539
