f1 = 0.9170946441672782
loss = 0.08231950849294663
precision = 0.8979885057471264
recall = 0.9370314842578711
