f1 = 0.7624784853700517
loss = 0.24130003452301024
precision = 0.8143382352941176
recall = 0.7168284789644013
