f1 = 0.9166051660516605
loss = 0.0899140801280737
precision = 0.9026162790697675
recall = 0.9310344827586207
