f1 = 0.029811320754716982
loss = 1.5403990616985397
precision = 0.28214285714285714
recall = 0.015737051792828687
