f1 = 0.3051546391752577
loss = 0.4021978110074997
precision = 0.28425096030729835
recall = 0.3293768545994065
