f1 = 0.09090909090909091
loss = 0.6077230870723724
precision = 0.24444444444444444
recall = 0.05583756345177665
