f1 = 0.6562500000000001
loss = 0.3856601417064667
precision = 0.6737967914438503
recall = 0.6395939086294417
