f1 = 0.7253731343283583
loss = 0.3163417875766754
precision = 0.7105263157894737
recall = 0.7408536585365854
