f1 = 0.039603960396039604
loss = 0.916968822479248
precision = 0.8
recall = 0.02030456852791878
