f1 = 0.6934835076427996
loss = 0.3019480988383293
precision = 0.6702954898911353
recall = 0.7183333333333334
