f1 = 0.8134601316752013
loss = 0.1448022574186325
precision = 0.7942857142857143
recall = 0.8335832083958021
