f1 = 0.10000000000000002
loss = 1.5511723160743713
precision = 0.4782608695652174
recall = 0.05583756345177665
