f1 = 0.8812589413447783
loss = 0.17896365970373154
precision = 0.850828729281768
recall = 0.913946587537092
