f1 = 0.037062457103637605
loss = 0.8754029631614685
precision = 0.034482758620689655
recall = 0.040059347181008904
