f1 = 0.07026348808030113
loss = 0.8323667645454407
precision = 0.06407322654462243
recall = 0.07777777777777778
