f1 = 0.8706240487062404
loss = 0.1049745611846447
precision = 0.8461538461538461
recall = 0.896551724137931
