f1 = 0.7570093457943925
loss = 0.07861685305833817
precision = 0.7714285714285715
recall = 0.7431192660550459
