f1 = 0.7545304777594727
loss = 0.2600293755531311
precision = 0.7178683385579937
recall = 0.7951388888888888
