f1 = 0.8619246861924686
loss = 0.16406212151050567
precision = 0.8131578947368421
recall = 0.9169139465875371
