f1 = 0.6684782608695652
loss = 0.4518437534570694
precision = 0.7192982456140351
recall = 0.6243654822335025
