f1 = 0.4538341158059468
loss = 0.32118157148361204
precision = 0.4277286135693215
recall = 0.48333333333333334
