f1 = 0.838421444527178
loss = 0.11407753080129623
precision = 0.798581560283688
recall = 0.8824451410658307
