f1 = 0.543301258327165
loss = 0.22943903505802155
precision = 0.514726507713885
recall = 0.5752351097178683
