f1 = 0.6016114592658908
loss = 0.34974890351295473
precision = 0.7584650112866818
recall = 0.49851632047477745
