f1 = 0.7834101382488479
loss = 0.07431060746312142
precision = 0.7870370370370371
recall = 0.7798165137614679
