f1 = 0.8865096359743042
loss = 0.18156070858240128
precision = 0.8541953232462174
recall = 0.9213649851632048
