f1 = 0.16531165311653118
loss = 0.5741661071777344
precision = 0.15211970074812967
recall = 0.18100890207715134
