f1 = 0.9299400609216861
loss = 0.06591611213447965
precision = 0.9175877448128757
recall = 0.9426294820717132
