f1 = 0.8
loss = 0.09541859477758408
precision = 0.7758620689655172
recall = 0.8256880733944955
