f1 = 0.8643006263048016
loss = 0.19130471646785735
precision = 0.8138925294888598
recall = 0.9213649851632048
