f1 = 0.11700680272108843
loss = 1.037954294681549
precision = 0.7049180327868853
recall = 0.06379821958456973
