f1 = 0.6562986003110419
loss = 0.2381976768374443
precision = 0.5943661971830986
recall = 0.7326388888888888
