f1 = 0.6910112359550562
loss = 0.3246232122182846
precision = 0.640625
recall = 0.75
