f1 = 0.7054794520547946
loss = 0.220711587369442
precision = 0.6552162849872774
recall = 0.7640949554896143
