f1 = 0.16704631738800305
loss = 0.6521319270133972
precision = 0.15341701534170155
recall = 0.18333333333333332
