f1 = 0.7911617961511048
loss = 0.19252195358276367
precision = 0.7540760869565217
recall = 0.8320839580209896
