f1 = 0.7233429394812679
loss = 0.29787229001522064
precision = 0.6857923497267759
recall = 0.7652439024390244
