f1 = 0.707732634338139
loss = 0.2113206684589386
precision = 0.6699751861042184
recall = 0.75
