f1 = 0.6444937176644494
loss = 0.32673870027065277
precision = 0.6421207658321061
recall = 0.6468842729970327
