f1 = 0.8065522620904837
loss = 0.2317200556397438
precision = 0.850328947368421
recall = 0.7670623145400594
