f1 = 0.1522230595327807
loss = 0.9178417086601257
precision = 0.14658925979680695
recall = 0.15830721003134796
