f1 = 0.9243203526818516
loss = 0.08667629584670067
precision = 0.9063400576368876
recall = 0.9430284857571214
