f1 = 0.43010752688172044
loss = 0.5064394474029541
precision = 0.45714285714285713
recall = 0.40609137055837563
