f1 = 0.8879456706281833
loss = 0.10486686527729035
precision = 0.9048442906574394
recall = 0.8716666666666667
