f1 = 0.7406340057636887
loss = 0.2997947670519352
precision = 0.7021857923497268
recall = 0.7835365853658537
