f1 = 0.04385964912280702
loss = 0.1754361629486084
precision = 0.04201680672268908
recall = 0.045871559633027525
