f1 = 0.9177358490566037
loss = 0.09353789687156677
precision = 0.9240121580547113
recall = 0.9115442278860569
