f1 = 0.0242914979757085
loss = 1.4083908647298813
precision = 0.021791767554479417
recall = 0.027439024390243903
