f1 = 0.6682696931807253
loss = 0.19090810268386907
precision = 0.6460851776083317
recall = 0.6920318725099601
