f1 = 0.8265227447956823
loss = 0.17790467366576196
precision = 0.7893961708394698
recall = 0.8673139158576052
