f1 = 0.9065693430656935
loss = 0.107612294703722
precision = 0.883357041251778
recall = 0.9310344827586207
