f1 = 0.03
loss = 0.777887612581253
precision = 0.029556650246305417
recall = 0.030456852791878174
