f1 = 0.04899135446685879
loss = 1.3045230150222777
precision = 0.85
recall = 0.025222551928783383
