f1 = 0.6724890829694324
loss = 0.1218741424381733
precision = 0.6416666666666667
recall = 0.7064220183486238
