f1 = 0.9313801079414032
loss = 0.06553281471133232
precision = 0.9165402124430956
recall = 0.9467084639498433
