f1 = 0.24899598393574296
loss = 0.8973000943660736
precision = 0.5961538461538461
recall = 0.15736040609137056
