f1 = 0.15126050420168066
loss = 0.14979511722922326
precision = 0.9
recall = 0.08256880733944955
