f1 = 0.8926174496644295
loss = 0.09911450818181038
precision = 0.8986486486486487
recall = 0.8866666666666667
