f1 = 0.8329519450800915
loss = 0.10127219930291176
precision = 0.8112927191679049
recall = 0.8557993730407524
