f1 = 0.45226130653266333
loss = 0.10702416375279426
precision = 0.5
recall = 0.41284403669724773
