f1 = 0.38056680161943324
loss = 0.7404223456978798
precision = 0.5662650602409639
recall = 0.2865853658536585
