f1 = 0.83668903803132
loss = 0.11316439509391785
precision = 0.7980085348506402
recall = 0.8793103448275862
