f1 = 0.5519480519480519
loss = 0.3148517496883869
precision = 0.5182926829268293
recall = 0.5902777777777778
