f1 = 0.4069329314242653
loss = 0.5021497309207916
precision = 0.3918722786647315
recall = 0.4231974921630094
