f1 = 0.6959937156323645
loss = 0.28283149302005767
precision = 0.6763358778625954
recall = 0.7168284789644013
