f1 = 0.8820960698689957
loss = 0.14338398426771165
precision = 0.8571428571428571
recall = 0.9085457271364318
