f1 = 0.4654731457800511
loss = 0.4898059070110321
precision = 0.4690721649484536
recall = 0.4619289340101523
