f1 = 0.6468085106382979
loss = 0.12529144585132598
precision = 0.6031746031746031
recall = 0.6972477064220184
