f1 = 0.6611068991660349
loss = 0.1615714117884636
precision = 0.6402349486049926
recall = 0.6833855799373041
