f1 = 0.8840927258193445
loss = 0.1692402720451355
precision = 0.8736176935229067
recall = 0.8948220064724919
