f1 = 0.7015558698727015
loss = 0.2638327442109585
precision = 0.6543535620052771
recall = 0.7560975609756098
