f1 = 0.8399366085578447
loss = 0.17208562791347504
precision = 0.8229813664596274
recall = 0.8576051779935275
