f1 = 0.2605042016806723
loss = 0.1739334285259247
precision = 0.24031007751937986
recall = 0.28440366972477066
