f1 = 0.386058981233244
loss = 0.2542114555835724
precision = 0.35207823960880197
recall = 0.42729970326409494
