f1 = 0.8626144879267277
loss = 0.17030000016093255
precision = 0.8618968386023295
recall = 0.8633333333333333
