f1 = 0.663551401869159
loss = 0.2856319881975651
precision = 0.6016949152542372
recall = 0.7395833333333334
