f1 = 0.8559670781893004
loss = 0.17611698061227798
precision = 0.8455284552845529
recall = 0.8666666666666667
