f1 = 0.881578947368421
loss = 0.13503801077604294
precision = 0.8701298701298701
recall = 0.8933333333333333
