f1 = 0.5894736842105263
loss = 0.4383523613214493
precision = 0.6120218579234973
recall = 0.5685279187817259
