f1 = 0.6666666666666667
loss = 0.2576940916478634
precision = 0.6140350877192983
recall = 0.7291666666666666
