f1 = 0.16380578715056401
loss = 0.6497641790146921
precision = 0.4567000911577028
recall = 0.099800796812749
