f1 = 0.19426751592356692
loss = 0.49175143986940384
precision = 0.20333333333333334
recall = 0.18597560975609756
