f1 = 0.7224669603524229
loss = 0.10960081964731216
precision = 0.6949152542372882
recall = 0.7522935779816514
