f1 = 0.8795438346400569
loss = 0.2162227973341942
precision = 0.8463648834019204
recall = 0.9154302670623146
