f1 = 0.3990825688073394
loss = 0.6061562746763229
precision = 0.5878378378378378
recall = 0.3020833333333333
