f1 = 0.3800965665236052
loss = 0.43793097518238366
precision = 0.5816912972085386
recall = 0.28227091633466134
