f1 = 0.6649414664202095
loss = 0.38918453104355755
precision = 0.8717285945072698
recall = 0.5374501992031873
