f1 = 0.7828418230563003
loss = 0.2206543505191803
precision = 0.7564766839378239
recall = 0.8111111111111111
