f1 = 0.5072951739618407
loss = 0.28101194500923155
precision = 0.4256120527306968
recall = 0.6277777777777778
