f1 = 0.7516254876462939
loss = 0.21512067317962646
precision = 0.706601466992665
recall = 0.8027777777777778
