f1 = 0.3839285714285714
loss = 0.10871117040514947
precision = 0.3739130434782609
recall = 0.3944954128440367
