f1 = 0.1545454545454545
loss = 1.3724780082702637
precision = 0.7391304347826086
recall = 0.08629441624365482
