f1 = 0.6346666666666666
loss = 0.4542691260576248
precision = 0.6685393258426966
recall = 0.6040609137055838
