f1 = 0.9243827160493827
loss = 0.08054734393954277
precision = 0.9103343465045592
recall = 0.9388714733542319
