f1 = 0.06413124533929904
loss = 0.80158771276474
precision = 0.06116642958748222
recall = 0.06739811912225706
