f1 = 0.7303754266211604
loss = 0.2474195659160614
precision = 0.7181208053691275
recall = 0.7430555555555556
