f1 = 0.3960975609756097
loss = 0.4379673182964325
precision = 0.5783475783475783
recall = 0.30118694362017806
