f1 = 0.8853820598006643
loss = 0.15505987852811814
precision = 0.8824503311258278
recall = 0.8883333333333333
