f1 = 0.17874736101337085
loss = 0.6843836903572083
precision = 0.16843501326259946
recall = 0.1904047976011994
