f1 = 0.8641571194762684
loss = 0.18522888720035552
precision = 0.8741721854304636
recall = 0.8543689320388349
