f1 = 0.8146380270485284
loss = 0.24799982607364654
precision = 0.8012519561815337
recall = 0.8284789644012945
