f1 = 0.8457059679767103
loss = 0.16304394453763962
precision = 0.8217821782178217
recall = 0.8710644677661169
