f1 = 0.565483476132191
loss = 0.2643348455429077
precision = 0.5054704595185996
recall = 0.6416666666666667
