f1 = 0.6291970802919706
loss = 0.3229076564311981
precision = 0.5731382978723404
recall = 0.6974110032362459
