f1 = 0.8391608391608392
loss = 0.14808549880981445
precision = 0.8320493066255779
recall = 0.8463949843260188
