f1 = 0.7053140096618358
loss = 0.08824488334357738
precision = 0.7448979591836735
recall = 0.6697247706422018
