f1 = 0.43234836702954904
loss = 0.2465328186750412
precision = 0.40524781341107874
recall = 0.4633333333333333
