f1 = 0.6191780821917809
loss = 0.4547511488199234
precision = 0.6726190476190477
recall = 0.5736040609137056
