f1 = 0.8767812238055323
loss = 0.1487782258540392
precision = 0.8819561551433389
recall = 0.8716666666666667
