f1 = 0.018316445830085737
loss = 1.6754465442077786
precision = 0.41964285714285715
recall = 0.009362549800796812
