f1 = 0.4907801418439716
loss = 0.3222240090370178
precision = 0.46567967698519513
recall = 0.5187406296851574
