f1 = 0.057441253263707574
loss = 1.1144891679286957
precision = 0.05913978494623656
recall = 0.05583756345177665
