f1 = 0.7271448663853727
loss = 0.23849588334560395
precision = 0.6911764705882353
recall = 0.7670623145400594
