f1 = 0.8386075949367089
loss = 0.1731390282511711
precision = 0.8204334365325078
recall = 0.8576051779935275
