f1 = 0.8996168582375479
loss = 0.08731113076210022
precision = 0.8800599700149925
recall = 0.9200626959247649
