f1 = 0.5123152709359606
loss = 0.09653257764875889
precision = 0.5531914893617021
recall = 0.47706422018348627
