f1 = 0.6873770322046183
loss = 0.20231262075842596
precision = 0.7157645029113651
recall = 0.6611553784860558
