f1 = 0.10483870967741936
loss = 0.889625072479248
precision = 0.2549019607843137
recall = 0.06598984771573604
