f1 = 0.4519621109607578
loss = 0.4498208537697792
precision = 0.40632603406326034
recall = 0.5091463414634146
