f1 = 0.48051948051948057
loss = 0.5714407712221146
precision = 0.6666666666666666
recall = 0.3756345177664975
