f1 = 0.21538461538461542
loss = 0.736206591129303
precision = 0.4444444444444444
recall = 0.14213197969543148
