f1 = 0.41495041952707856
loss = 0.42423052787780763
precision = 0.3924963924963925
recall = 0.4401294498381877
