f1 = 0.7649769585253455
loss = 0.07959009110927581
precision = 0.7685185185185185
recall = 0.7614678899082569
