f1 = 0.9081163859111792
loss = 0.08672884851694107
precision = 0.8877245508982036
recall = 0.9294670846394985
