f1 = 0.7203791469194312
loss = 0.3448618873953819
precision = 0.7475409836065574
recall = 0.6951219512195121
