f1 = 0.07389162561576355
loss = 0.8375085592269897
precision = 0.07177033492822966
recall = 0.07614213197969544
