f1 = 0.6962025316455697
loss = 0.28016531839966774
precision = 0.6395348837209303
recall = 0.7638888888888888
