f1 = 0.044009779951100246
loss = 0.7070518434047699
precision = 0.04245283018867924
recall = 0.04568527918781726
