f1 = 0.2479108635097493
loss = 0.49268863201141355
precision = 0.23146944083224968
recall = 0.26686656671664166
