f1 = 0.5595238095238096
loss = 0.11658792570233345
precision = 0.7966101694915254
recall = 0.43119266055045874
