f1 = 0.4772929652715939
loss = 0.29101919531822207
precision = 0.5877192982456141
recall = 0.4017991004497751
