f1 = 0.5098039215686274
loss = 0.11131751760840417
precision = 0.5473684210526316
recall = 0.47706422018348627
