f1 = 0.868217054263566
loss = 0.18000491410493852
precision = 0.8268456375838926
recall = 0.913946587537092
