f1 = 0.88481291269259
loss = 0.07028349824249744
precision = 0.8663793103448276
recall = 0.904047976011994
