f1 = 0.7309486780715395
loss = 0.20854417234659195
precision = 0.6619718309859155
recall = 0.8159722222222222
