f1 = 0.5869565217391304
loss = 0.5441458523273468
precision = 0.631578947368421
recall = 0.5482233502538071
