f1 = 0.47852760736196315
loss = 0.5239010900259018
precision = 0.6046511627906976
recall = 0.39593908629441626
