f1 = 0.8839541547277937
loss = 0.1710974160581827
precision = 0.8545706371191135
recall = 0.9154302670623146
