f1 = 0.657672849915683
loss = 0.25076888501644135
precision = 0.76171875
recall = 0.5786350148367952
