f1 = 0.45033112582781454
loss = 0.4872767776250839
precision = 0.6476190476190476
recall = 0.34517766497461927
