f1 = 0.39436619718309857
loss = 0.6312678009271622
precision = 0.6086956521739131
recall = 0.2916666666666667
