f1 = 0.10958904109589042
loss = 1.2999678254127502
precision = 0.5454545454545454
recall = 0.06091370558375635
