f1 = 0.9176470588235294
loss = 0.07712486200034618
precision = 0.9004329004329005
recall = 0.9355322338830585
