f1 = 0.14242878560719638
loss = 0.9042525053024292
precision = 0.13649425287356323
recall = 0.14890282131661442
