f1 = 0.8213114754098361
loss = 0.15865188091993332
precision = 0.8080645161290323
recall = 0.835
