f1 = 0.17899408284023666
loss = 0.7437156200408935
precision = 0.16946778711484595
recall = 0.1896551724137931
