f1 = 0.8493827160493828
loss = 0.1926952101290226
precision = 0.8942807625649913
recall = 0.8087774294670846
