f1 = 0.026954177897574125
loss = 0.9185842573642731
precision = 0.024154589371980676
recall = 0.03048780487804878
