f1 = 0.1542816702052371
loss = 0.5911927819252014
precision = 0.1371069182389937
recall = 0.17637540453074432
