f1 = 0.20867009551800145
loss = 0.8403449177742004
precision = 0.19640387275242047
recall = 0.2225705329153605
