f1 = 0.8370967741935483
loss = 0.17387346401810647
precision = 0.8621262458471761
recall = 0.8134796238244514
