f1 = 0.8983151635282458
loss = 0.10095669559714403
precision = 0.8938856015779093
recall = 0.902788844621514
