f1 = 0.7060653188180404
loss = 0.26067734882235527
precision = 0.6394366197183099
recall = 0.7881944444444444
