f1 = 0.8795888399412629
loss = 0.10241674780845642
precision = 0.8618705035971223
recall = 0.8980509745127436
