f1 = 0.31884057971014496
loss = 0.3726644665002823
precision = 0.28205128205128205
recall = 0.36666666666666664
