f1 = 0.5901639344262295
loss = 0.12929456681013107
precision = 0.7297297297297297
recall = 0.4954128440366973
