f1 = 0.030303030303030304
loss = 0.7213488221168518
precision = 0.03015075376884422
recall = 0.030456852791878174
