f1 = 0.04186795491143317
loss = 1.0592767596244812
precision = 0.040498442367601244
recall = 0.043333333333333335
