f1 = 0.2544931703810209
loss = 0.3206207573413849
precision = 0.2350597609561753
recall = 0.2774294670846395
