f1 = 0.7044025157232704
loss = 0.26605070382356644
precision = 0.6436781609195402
recall = 0.7777777777777778
