f1 = 0.6373056994818653
loss = 0.37545354664325714
precision = 0.6507936507936508
recall = 0.6243654822335025
