f1 = 0.936764705882353
loss = 0.07768655195832253
precision = 0.9191919191919192
recall = 0.9550224887556222
