f1 = 0.5885608856088561
loss = 0.40344432890415194
precision = 0.7780487804878049
recall = 0.4732937685459941
