f1 = 0.3739965370691012
loss = 0.9230125698388791
precision = 0.8912228057014253
recall = 0.23665338645418327
