f1 = 0.04405286343612335
loss = 0.980109453201294
precision = 0.16666666666666666
recall = 0.025380710659898477
