f1 = 0.09003215434083602
loss = 1.0616153478622437
precision = 0.6086956521739131
recall = 0.04861111111111111
