f1 = 0.7929515418502202
loss = 0.09578625410795212
precision = 0.7627118644067796
recall = 0.8256880733944955
