f1 = 0.008130081300813009
loss = 0.2782528445124626
precision = 0.0072992700729927005
recall = 0.009174311926605505
