f1 = 0.547872340425532
loss = 0.45396557450294495
precision = 0.5754189944134078
recall = 0.5228426395939086
