f1 = 0.5025125628140704
loss = 0.43871118128299713
precision = 0.4975124378109453
recall = 0.5076142131979695
