f1 = 0.7155963302752294
loss = 0.11708497703075409
precision = 0.7155963302752294
recall = 0.7155963302752294
