f1 = 0.8727272727272727
loss = 0.15662735812366008
precision = 0.9230769230769231
recall = 0.8275862068965517
