f1 = 0.8265524625267667
loss = 0.2059364400804043
precision = 0.796423658872077
recall = 0.8590504451038575
