f1 = 0.6950672645739912
loss = 0.27172928750514985
precision = 0.7003012048192772
recall = 0.6899109792284867
