f1 = 0.7011494252873564
loss = 0.3183024264872074
precision = 0.6630434782608695
recall = 0.7439024390243902
