f1 = 0.3261557948068398
loss = 0.8945363812586841
precision = 0.7947530864197531
recall = 0.2051792828685259
