f1 = 0.6704545454545454
loss = 0.34992948174476624
precision = 0.6276595744680851
recall = 0.7195121951219512
