f1 = 0.09278350515463918
loss = 0.8591806143522263
precision = 0.08035714285714286
recall = 0.10975609756097561
