f1 = 0.00947867298578199
loss = 0.9223392009735107
precision = 0.07142857142857142
recall = 0.005076142131979695
