f1 = 0.1099476439790576
loss = 0.5055247992277145
precision = 0.22340425531914893
recall = 0.07291666666666667
