f1 = 0.06374501992031872
loss = 0.7090362906455994
precision = 0.14814814814814814
recall = 0.04060913705583756
