f1 = 0.7504273504273503
loss = 0.2567781701683998
precision = 0.7952898550724637
recall = 0.7103559870550162
