f1 = 0.04878048780487805
loss = 1.1652432978153229
precision = 0.625
recall = 0.025380710659898477
