f1 = 0.44168734491315137
loss = 0.31531923413276675
precision = 0.3991031390134529
recall = 0.49444444444444446
