f1 = 0.7356154406409322
loss = 0.1151645004749298
precision = 0.7152974504249292
recall = 0.7571214392803598
