f1 = 0.8672438672438672
loss = 0.20133603662252425
precision = 0.8441011235955056
recall = 0.8916913946587537
