f1 = 0.7514792899408285
loss = 0.29436229541897774
precision = 0.7298850574712644
recall = 0.774390243902439
