f1 = 0.7170868347338936
loss = 0.29490552842617035
precision = 0.6790450928381963
recall = 0.7596439169139466
