f1 = 0.47419804741980476
loss = 0.26931644082069395
precision = 0.4473684210526316
recall = 0.5044510385756676
