f1 = 0.5989304812834225
loss = 0.48475001752376556
precision = 0.632768361581921
recall = 0.5685279187817259
