f1 = 0.13861386138613863
loss = 0.11308431625366211
precision = 0.15053763440860216
recall = 0.12844036697247707
