f1 = 0.7058823529411764
loss = 0.22841527685523033
precision = 0.6368715083798883
recall = 0.7916666666666666
