f1 = 0.5153374233128835
loss = 0.12422404736280442
precision = 0.7777777777777778
recall = 0.3853211009174312
