f1 = 0.022756005056890013
loss = 0.8151058673858642
precision = 0.02088167053364269
recall = 0.025
