f1 = 0.6432432432432432
loss = 0.5050276815891266
precision = 0.6878612716763006
recall = 0.6040609137055838
