f1 = 0.5010893246187365
loss = 0.3932699039578438
precision = 0.672514619883041
recall = 0.3993055555555556
