f1 = 0.5873320537428023
loss = 0.4755732536315918
precision = 0.8315217391304348
recall = 0.4540059347181009
