f1 = 0.14754098360655737
loss = 1.0032174587249756
precision = 0.3829787234042553
recall = 0.09137055837563451
