f1 = 0.47658402203856753
loss = 0.27383442521095275
precision = 0.4250614250614251
recall = 0.542319749216301
