f1 = 0.7679558011049724
loss = 0.228560970723629
precision = 0.7637362637362637
recall = 0.7722222222222223
