f1 = 0.6430517711171663
loss = 0.49543288350105286
precision = 0.6941176470588235
recall = 0.5989847715736041
