f1 = 0.883435582822086
loss = 0.11775899305939674
precision = 0.9042386185243328
recall = 0.863568215892054
