f1 = 0.0625
loss = 0.4806789383292198
precision = 0.3125
recall = 0.034722222222222224
