f1 = 0.8695652173913043
loss = 0.14256030023097993
precision = 0.8367626886145405
recall = 0.9050445103857567
