f1 = 0.7554904831625184
loss = 0.27691832184791565
precision = 0.7267605633802817
recall = 0.7865853658536586
