f1 = 0.8767705382436262
loss = 0.15195279493927955
precision = 0.8387533875338753
recall = 0.9183976261127597
