f1 = 0.7599364069952306
loss = 0.21861549466848373
precision = 0.7008797653958945
recall = 0.8298611111111112
