f1 = 0.0058997050147492625
loss = 1.405966293811798
precision = 0.5
recall = 0.002967359050445104
