f1 = 0.7963800904977376
loss = 0.1156833253800869
precision = 0.7857142857142857
recall = 0.8073394495412844
