f1 = 0.20947630922693267
loss = 0.7491014003753662
precision = 0.20588235294117646
recall = 0.2131979695431472
