f1 = 0.8757016840417001
loss = 0.17006005793809892
precision = 0.8680445151033387
recall = 0.883495145631068
