f1 = 0.08620689655172413
loss = 0.29185842126607897
precision = 0.7142857142857143
recall = 0.045871559633027525
