f1 = 0.9207920792079208
loss = 0.0824681930243969
precision = 0.9117647058823529
recall = 0.93
