f1 = 0.01785714285714286
loss = 0.3161851614713669
precision = 0.3333333333333333
recall = 0.009174311926605505
