f1 = 0.6631016042780749
loss = 0.09322755932807922
precision = 0.7948717948717948
recall = 0.5688073394495413
