f1 = 0.7005742411812961
loss = 0.2953926667571068
precision = 0.7834862385321101
recall = 0.6335311572700296
