f1 = 0.04916732751784298
loss = 1.0254042029380799
precision = 0.046898638426626324
recall = 0.051666666666666666
