f1 = 0.8432720927845632
loss = 0.14057745528863927
precision = 0.8697861528689392
recall = 0.8183266932270916
