f1 = 0.550744248985115
loss = 0.22475984394550325
precision = 0.5062189054726368
recall = 0.6038575667655787
