f1 = 0.8914858096828047
loss = 0.09959505647420883
precision = 0.8929765886287625
recall = 0.89
