f1 = 0.7610619469026549
loss = 0.10608788356184959
precision = 0.7350427350427351
recall = 0.7889908256880734
