f1 = 0.7023004059539918
loss = 0.12564313262701035
precision = 0.6399506781750924
recall = 0.7781109445277361
