f1 = 0.2194513715710723
loss = 0.42770473957061766
precision = 0.19909502262443438
recall = 0.24444444444444444
