f1 = 0.8786791098348887
loss = 0.17353565841913224
precision = 0.8511821974965229
recall = 0.9080118694362018
