f1 = 0.42666666666666664
loss = 0.560919389128685
precision = 0.6787878787878788
recall = 0.3111111111111111
