f1 = 0.1461187214611872
loss = 1.4272704720497131
precision = 0.7272727272727273
recall = 0.08121827411167512
