f1 = 0.263235294117647
loss = 0.5453885018825531
precision = 0.24792243767313019
recall = 0.28056426332288403
