f1 = 0.5240963855421688
loss = 0.5419723689556122
precision = 0.6444444444444445
recall = 0.4416243654822335
