f1 = 0.8868852459016393
loss = 0.10558790974318981
precision = 0.8725806451612903
recall = 0.9016666666666666
