f1 = 0.9124143183549124
loss = 0.0905160054564476
precision = 0.8874074074074074
recall = 0.9388714733542319
