f1 = 0.8594854975914727
loss = 0.14208607368317305
precision = 0.885159383576103
recall = 0.8352589641434263
