f1 = 0.7943548387096775
loss = 0.15071626603603364
precision = 0.726044226044226
recall = 0.8768545994065282
