f1 = 0.8528925619834711
loss = 0.15929414182901383
precision = 0.8459016393442623
recall = 0.86
