f1 = 0.8996913580246915
loss = 0.09179835766553879
precision = 0.8860182370820668
recall = 0.9137931034482759
