f1 = 0.785031847133758
loss = 0.2989122450351715
precision = 0.7727272727272727
recall = 0.7977346278317152
