f1 = 0.2592087312414734
loss = 0.34479922652244566
precision = 0.2546916890080429
recall = 0.2638888888888889
