f1 = 0.5688608209861549
loss = 0.3839463372440899
precision = 0.7286869943995021
recall = 0.46653386454183265
