f1 = 0.7304116865869854
loss = 0.19601698517799376
precision = 0.6997455470737913
recall = 0.7638888888888888
