f1 = 0.8503827418232429
loss = 0.1382269263267517
precision = 0.8007863695937091
recall = 0.9065281899109793
