f1 = 0.8771676300578035
loss = 0.1795927941799164
precision = 0.8549295774647887
recall = 0.900593471810089
