f1 = 0.6161137440758294
loss = 0.2752067670226097
precision = 0.5652173913043478
recall = 0.6770833333333334
