f1 = 0.7632850241545894
loss = 0.2174379974603653
precision = 0.7117117117117117
recall = 0.8229166666666666
