f1 = 0.8657937806873978
loss = 0.09302697703242302
precision = 0.8504823151125402
recall = 0.8816666666666667
