f1 = 0.03254437869822485
loss = 0.9169302433729172
precision = 0.028350515463917526
recall = 0.03819444444444445
