f1 = 0.8009828009828011
loss = 0.163759508728981
precision = 0.7874396135265701
recall = 0.815
