f1 = 0.8073394495412844
loss = 0.08954327255487442
precision = 0.8073394495412844
recall = 0.8073394495412844
