f1 = 0.7357512953367875
loss = 0.22988441884517669
precision = 0.6893203883495146
recall = 0.7888888888888889
