f1 = 0.7768115942028985
loss = 0.1457100361585617
precision = 0.7592067988668555
recall = 0.7952522255192879
