f1 = 0.8825347758887172
loss = 0.09688127040863037
precision = 0.8704268292682927
recall = 0.8949843260188087
