f1 = 0.7128129602356407
loss = 0.29270973801612854
precision = 0.6894586894586895
recall = 0.7378048780487805
