f1 = 0.13084112149532712
loss = 1.4545336365699768
precision = 0.8235294117647058
recall = 0.07106598984771574
