f1 = 0.13609467455621302
loss = 0.5373060822486877
precision = 0.6052631578947368
recall = 0.07666666666666666
