f1 = 0.7377777777777778
loss = 0.1012247420847416
precision = 0.7155172413793104
recall = 0.7614678899082569
