f1 = 0.782967032967033
loss = 0.23502291440963746
precision = 0.7744565217391305
recall = 0.7916666666666666
