f1 = 0.6091954022988506
loss = 0.1315282516181469
precision = 0.8153846153846154
recall = 0.48623853211009177
