f1 = 0.7634408602150538
loss = 0.21010623574256898
precision = 0.7395833333333334
recall = 0.7888888888888889
