f1 = 0.0029542097488921715
loss = 1.115085780620575
precision = 0.3333333333333333
recall = 0.001483679525222552
