f1 = 0.02932551319648094
loss = 0.5664499029517174
precision = 0.38461538461538464
recall = 0.01524390243902439
