f1 = 0.6230366492146597
loss = 0.4931410402059555
precision = 0.6432432432432432
recall = 0.6040609137055838
