f1 = 0.10256410256410257
loss = 0.30208965241909025
precision = 0.75
recall = 0.05504587155963303
