f1 = 0.5072463768115941
loss = 0.5156595706939697
precision = 0.7040229885057471
recall = 0.3964401294498382
