f1 = 0.09323308270676692
loss = 1.3957854509353638
precision = 0.6595744680851063
recall = 0.05016181229773463
