f1 = 0.7555555555555554
loss = 0.09814704060554505
precision = 0.7327586206896551
recall = 0.7798165137614679
