f1 = 0.10824742268041238
loss = 1.4668858396072013
precision = 0.7135922330097088
recall = 0.05856573705179283
