f1 = 0.4251012145748988
loss = 0.4741387128829956
precision = 0.6687898089171974
recall = 0.3115727002967359
