f1 = 0.7927927927927928
loss = 0.12360253110527993
precision = 0.7787610619469026
recall = 0.8073394495412844
