f1 = 0.9294026377036463
loss = 0.08865907341241837
precision = 0.9201228878648233
recall = 0.9388714733542319
