f1 = 0.5979238754325259
loss = 0.30760422348976135
precision = 0.5603112840466926
recall = 0.6409495548961425
