f1 = 0.3580786026200873
loss = 0.13637821301817893
precision = 0.3416666666666667
recall = 0.3761467889908257
