f1 = 0.4517906336088154
loss = 0.44778017699718475
precision = 0.4939759036144578
recall = 0.41624365482233505
