f1 = 0.9189602446483179
loss = 0.07157272174954414
precision = 0.8970149253731343
recall = 0.9420062695924765
