f1 = 0.24210526315789474
loss = 0.5401808843016624
precision = 0.21296296296296297
recall = 0.2804878048780488
