f1 = 0.7950693374422189
loss = 0.15435813069343568
precision = 0.7818181818181819
recall = 0.8087774294670846
