f1 = 0.5217391304347827
loss = 0.4301356226205826
precision = 0.5257731958762887
recall = 0.5177664974619289
