f1 = 0.37214885954381743
loss = 0.6929935574531555
precision = 0.7948717948717948
recall = 0.24294670846394983
