f1 = 0.6219839142091153
loss = 0.5517324805259705
precision = 0.6590909090909091
recall = 0.5888324873096447
