f1 = 0.36132315521628494
loss = 0.5787542760372162
precision = 0.3622448979591837
recall = 0.3604060913705584
