f1 = 0.7886550777676121
loss = 0.2635051801800728
precision = 0.8742393509127789
recall = 0.7183333333333334
