f1 = 0.6292134831460674
loss = 0.25536289215087893
precision = 0.5714285714285714
recall = 0.7
