f1 = 0.01483679525222552
loss = 1.0720633268356323
precision = 0.012953367875647668
recall = 0.017361111111111112
