f1 = 0.6091743119266055
loss = 0.4526025727391243
precision = 0.6459143968871596
recall = 0.5763888888888888
