f1 = 0.886158886158886
loss = 0.10156148672103882
precision = 0.8711755233494364
recall = 0.9016666666666666
