f1 = 0.7212681638044914
loss = 0.2030143767595291
precision = 0.6876574307304786
recall = 0.7583333333333333
