f1 = 0.7513389441469012
loss = 0.14155565947294235
precision = 0.7339312406576981
recall = 0.7695924764890282
