f1 = 0.7590870667793744
loss = 0.23356381356716155
precision = 0.8701550387596899
recall = 0.6731634182908546
