f1 = 0.14648729446935724
loss = 1.2976656436920166
precision = 0.7101449275362319
recall = 0.08166666666666667
