f1 = 0.008421052631578947
loss = 1.1780624270439148
precision = 0.007989347536617843
recall = 0.008902077151335312
