f1 = 0.7040229885057472
loss = 0.30662545561790466
precision = 0.6657608695652174
recall = 0.7469512195121951
