f1 = 0.8734491315136477
loss = 0.1590978115797043
precision = 0.8669950738916257
recall = 0.88
