f1 = 0.8792613636363636
loss = 0.18713848739862443
precision = 0.8433242506811989
recall = 0.9183976261127597
