f1 = 0.6030927835051546
loss = 0.4532226473093033
precision = 0.612565445026178
recall = 0.5939086294416244
