f1 = 0.8215962441314555
loss = 0.197140671312809
precision = 0.8692052980132451
recall = 0.7789317507418397
