f1 = 0.1552511415525114
loss = 1.2052845358848572
precision = 0.7727272727272727
recall = 0.08629441624365482
