f1 = 0.6422976501305483
loss = 0.3774466812610626
precision = 0.6612903225806451
recall = 0.6243654822335025
