f1 = 0.7784615384615385
loss = 0.1441740319132805
precision = 0.7643504531722054
recall = 0.7931034482758621
