f1 = 0.6079545454545454
loss = 0.32008808851242065
precision = 0.5691489361702128
recall = 0.6524390243902439
