f1 = 0.9144111192392099
loss = 0.07890627384185792
precision = 0.8928571428571429
recall = 0.9370314842578711
