f1 = 0.5649805447470816
loss = 0.3524874567985535
precision = 0.5442278860569715
recall = 0.587378640776699
