f1 = 0.8281868566904196
loss = 0.2448298767209053
precision = 0.8108527131782945
recall = 0.8462783171521036
