f1 = 0.9018961253091508
loss = 0.09348394963890314
precision = 0.8923327895595432
recall = 0.9116666666666666
