f1 = 0.5674846625766872
loss = 0.27566452622413634
precision = 0.5393586005830904
recall = 0.598705501618123
