f1 = 0.5042735042735041
loss = 0.10604885667562484
precision = 0.472
recall = 0.5412844036697247
