f1 = 0.07865168539325842
loss = 1.0839070796966552
precision = 0.7368421052631579
recall = 0.04154302670623145
