f1 = 0.34085778781038373
loss = 0.5993389368057251
precision = 0.7122641509433962
recall = 0.22403560830860533
