f1 = 0.937545922116091
loss = 0.08880728222429753
precision = 0.9193083573487032
recall = 0.9565217391304348
