f1 = 0.6432748538011696
loss = 0.13501182943582535
precision = 0.8870967741935484
recall = 0.5045871559633027
