f1 = 0.2047244094488189
loss = 0.22602400332689285
precision = 0.7222222222222222
recall = 0.11926605504587157
