f1 = 0.7456140350877193
loss = 0.11755663082003594
precision = 0.7142857142857143
recall = 0.7798165137614679
