f1 = 0.7557603686635944
loss = 0.10131144225597381
precision = 0.7592592592592593
recall = 0.7522935779816514
