f1 = 0.1968838526912181
loss = 0.5173432469367981
precision = 0.1865771812080537
recall = 0.20839580209895053
