f1 = 0.5932203389830509
loss = 0.3168909132480621
precision = 0.5661764705882353
recall = 0.6229773462783171
