f1 = 0.5647058823529412
loss = 0.1422680325806141
precision = 0.7868852459016393
recall = 0.44036697247706424
