f1 = 0.7099236641221373
loss = 0.21218486726284028
precision = 0.6919642857142857
recall = 0.7288401253918495
