f1 = 0.7445887445887447
loss = 0.28404267132282257
precision = 0.7068493150684931
recall = 0.7865853658536586
