f1 = 0.4891304347826087
loss = 0.42957139015197754
precision = 0.5263157894736842
recall = 0.45685279187817257
