f1 = 0.8114104595879555
loss = 0.2609421044588089
precision = 0.7950310559006211
recall = 0.8284789644012945
