f1 = 0.8923582580115037
loss = 0.11332122087478638
precision = 0.880064829821718
recall = 0.905
