f1 = 0.9199134199134199
loss = 0.08828505246464036
precision = 0.9088258164852255
recall = 0.9312749003984063
