f1 = 0.8283333333333333
loss = 0.20825132429599763
precision = 0.8843416370106761
recall = 0.7789968652037618
