f1 = 0.546031746031746
loss = 0.3043759949505329
precision = 0.5029239766081871
recall = 0.5972222222222222
