f1 = 0.8781183178902352
loss = 0.17642272859811783
precision = 0.8449931412894376
recall = 0.913946587537092
