f1 = 0.15463917525773196
loss = 0.37798748910427094
precision = 0.3
recall = 0.10416666666666667
