f1 = 0.7151248164464024
loss = 0.13108193427324294
precision = 0.7007194244604317
recall = 0.7301349325337332
