f1 = 0.8814285714285715
loss = 0.1687042608857155
precision = 0.849862258953168
recall = 0.9154302670623146
