f1 = 0.6735598227474151
loss = 0.28019885122776034
precision = 0.7192429022082019
recall = 0.6333333333333333
