f1 = 0.729096989966555
loss = 0.17862190678715706
precision = 0.7032258064516129
recall = 0.7569444444444444
