f1 = 0.024353120243531205
loss = 1.040294885635376
precision = 0.02168021680216802
recall = 0.027777777777777776
