f1 = 0.8248113998323554
loss = 0.21188970953226088
precision = 0.8864864864864865
recall = 0.7711598746081505
