f1 = 0.040846097738876735
loss = 0.7740309119224549
precision = 0.03718459495351926
recall = 0.045307443365695796
