f1 = 0.8721920991479473
loss = 0.11964375227689743
precision = 0.9022435897435898
recall = 0.8440779610194903
