f1 = 0.7093596059113301
loss = 0.3423242449760437
precision = 0.7941176470588235
recall = 0.6409495548961425
