f1 = 0.6329113924050633
loss = 0.46313975751399994
precision = 0.6313131313131313
recall = 0.6345177664974619
