f1 = 0.8828382838283829
loss = 0.14082503020763398
precision = 0.8741830065359477
recall = 0.8916666666666667
