f1 = 0.023494860499265784
loss = 1.0074277222156525
precision = 0.020356234096692113
recall = 0.027777777777777776
