f1 = 0.7124087591240876
loss = 0.2988065741956234
precision = 0.6834733893557423
recall = 0.7439024390243902
