f1 = 0.871244635193133
loss = 0.18305376172065735
precision = 0.8411602209944752
recall = 0.9035608308605341
