f1 = 0.8936521022258862
loss = 0.09209546074271202
precision = 0.8841761827079935
recall = 0.9033333333333333
