f1 = 0.7465437788018434
loss = 0.10636605620384217
precision = 0.75
recall = 0.7431192660550459
