f1 = 0.8846787479406919
loss = 0.14367016069591046
precision = 0.8745928338762216
recall = 0.895
