f1 = 0.5860805860805861
loss = 0.25278501510620116
precision = 0.535475234270415
recall = 0.6472491909385113
