f1 = 0.2141327623126338
loss = 0.3393364042043686
precision = 0.4672897196261682
recall = 0.1388888888888889
