f1 = 0.3693270735524256
loss = 0.34281712025403976
precision = 0.37942122186495175
recall = 0.3597560975609756
