f1 = 0.7638326585695007
loss = 0.2251270204782486
precision = 0.7427821522309711
recall = 0.7861111111111111
