f1 = 0.6938775510204083
loss = 0.22655528038740158
precision = 0.68
recall = 0.7083333333333334
