f1 = 0.7361477572559367
loss = 0.2082137033343315
precision = 0.7010050251256281
recall = 0.775
