f1 = 0.029649595687331536
loss = 1.119936004281044
precision = 0.026570048309178744
recall = 0.03353658536585366
