f1 = 0.21231422505307856
loss = 0.5271941959857941
precision = 0.18867924528301888
recall = 0.24271844660194175
