f1 = 0.6084656084656085
loss = 0.48129962384700775
precision = 0.6353591160220995
recall = 0.583756345177665
