f1 = 0.6875
loss = 0.27940510511398314
precision = 0.6646525679758308
recall = 0.7119741100323624
