f1 = 0.6366047745358091
loss = 0.5032899975776672
precision = 0.6666666666666666
recall = 0.6091370558375635
