f1 = 0.01809954751131222
loss = 0.26052626967430115
precision = 0.017857142857142856
recall = 0.01834862385321101
