f1 = 0.7750410509031199
loss = 0.2566685564815998
precision = 0.735202492211838
recall = 0.8194444444444444
