f1 = 0.8229740361919747
loss = 0.24417797327041627
precision = 0.8009188361408882
recall = 0.8462783171521036
