f1 = 0.33948339483394835
loss = 0.8463575601577759
precision = 0.7076923076923077
recall = 0.22330097087378642
