f1 = 0.2535211267605634
loss = 0.13695031255483628
precision = 0.5454545454545454
recall = 0.1651376146788991
