f1 = 0.06414320343091554
loss = 0.8320653549596375
precision = 0.5014577259475219
recall = 0.034262948207171316
