f1 = 0.9170946441672782
loss = 0.07844809368252754
precision = 0.8979885057471264
recall = 0.9370314842578711
