f1 = 0.5038167938931298
loss = 0.34760164469480515
precision = 0.44959128065395093
recall = 0.5729166666666666
