f1 = 0.7318718381112984
loss = 0.25297025963664055
precision = 0.7114754098360656
recall = 0.7534722222222222
