f1 = 0.7582260371959942
loss = 0.25763778015971184
precision = 0.7142857142857143
recall = 0.8079268292682927
