f1 = 0.2568093385214008
loss = 0.8652980327606201
precision = 0.55
recall = 0.16751269035532995
