f1 = 0.09790209790209792
loss = 0.6860996782779694
precision = 0.15730337078651685
recall = 0.07106598984771574
