f1 = 0.5182567726737338
loss = 0.26392592787742614
precision = 0.4498977505112474
recall = 0.6111111111111112
