f1 = 0.9096431283219438
loss = 0.10233192294836044
precision = 0.882179675994109
recall = 0.9388714733542319
