f1 = 0.3252032520325203
loss = 0.4377420246601105
precision = 0.29931972789115646
recall = 0.3559870550161812
