f1 = 0.8471544715447153
loss = 0.11375622004270554
precision = 0.8269841269841269
recall = 0.8683333333333333
