f1 = 0.8210180623973726
loss = 0.20647114142775536
precision = 0.8620689655172413
recall = 0.7836990595611285
