f1 = 0.8073959938366717
loss = 0.10091900080442429
precision = 0.793939393939394
recall = 0.8213166144200627
