f1 = 0.9265454545454547
loss = 0.0731113813817501
precision = 0.8997175141242938
recall = 0.9550224887556222
