f1 = 0.7351524879614766
loss = 0.2338627129793167
precision = 0.6835820895522388
recall = 0.7951388888888888
