f1 = 0.5973025048169557
loss = 0.294637106359005
precision = 0.670995670995671
recall = 0.5381944444444444
