f1 = 0.22580645161290322
loss = 0.5116067752242088
precision = 0.20192307692307693
recall = 0.25609756097560976
