f1 = 0.880597014925373
loss = 0.13960371986031533
precision = 0.8762376237623762
recall = 0.885
