f1 = 0.300595238095238
loss = 0.5592075288295746
precision = 0.27823691460055094
recall = 0.3268608414239482
