f1 = 0.01256106071179344
loss = 1.027695369720459
precision = 0.011857707509881422
recall = 0.013353115727002967
