f1 = 0.7349823321554771
loss = 0.22309890016913414
precision = 0.7482014388489209
recall = 0.7222222222222222
