f1 = 0.8544303797468354
loss = 0.18677778840065
precision = 0.8359133126934984
recall = 0.8737864077669902
