f1 = 0.621648460774578
loss = 0.4145537555217743
precision = 0.8046272493573264
recall = 0.5064724919093851
