f1 = 0.3652694610778443
loss = 0.4603287935256958
precision = 0.3398328690807799
recall = 0.3948220064724919
