f1 = 0.7190839694656488
loss = 0.26410709917545316
precision = 0.680635838150289
recall = 0.7621359223300971
