f1 = 0.754006968641115
loss = 0.23338088095188142
precision = 0.7109067017082786
recall = 0.8026706231454006
