f1 = 0.832646331409728
loss = 0.20336836874485015
precision = 0.8782608695652174
recall = 0.7915360501567398
