f1 = 0.38912732474964234
loss = 0.38132344186306
precision = 0.3309002433090024
recall = 0.4722222222222222
