f1 = 0.07191011235955057
loss = 0.8273798704147339
precision = 0.06886657101865136
recall = 0.07523510971786834
