f1 = 0.7407407407407407
loss = 0.14876613914966583
precision = 0.7153284671532847
recall = 0.768025078369906
