f1 = 0.13676588897827838
loss = 0.5059610664844513
precision = 0.136
recall = 0.13754045307443366
