f1 = 0.21094793057409877
loss = 0.5455410331487656
precision = 0.1876484560570071
recall = 0.24085365853658536
