f1 = 0.743801652892562
loss = 0.32298287749290466
precision = 0.7097791798107256
recall = 0.78125
