f1 = 0.07598784194528876
loss = 0.6033288612961769
precision = 0.06756756756756757
recall = 0.08680555555555555
