f1 = 0.4295580110497238
loss = 0.277510267496109
precision = 0.39820742637644047
recall = 0.4662668665667166
