f1 = 0.3898305084745763
loss = 0.14141604974865912
precision = 0.36220472440944884
recall = 0.42201834862385323
