f1 = 0.005479452054794521
loss = 1.2855836600065231
precision = 0.004975124378109453
recall = 0.006097560975609756
