f1 = 0.7706422018348624
loss = 0.1085342638194561
precision = 0.7706422018348624
recall = 0.7706422018348624
