f1 = 0.766798418972332
loss = 0.23814310729503632
precision = 0.7293233082706767
recall = 0.8083333333333333
