f1 = 0.04081632653061224
loss = 0.9814294576644897
precision = 0.041025641025641026
recall = 0.04060913705583756
