f1 = 0.9262672811059909
loss = 0.06948217526078224
precision = 0.9081325301204819
recall = 0.945141065830721
