f1 = 0.8822170900692841
loss = 0.131418476998806
precision = 0.8668683812405447
recall = 0.8981191222570533
