f1 = 0.03791469194312796
loss = 0.9222676157951355
precision = 0.2857142857142857
recall = 0.02030456852791878
