f1 = 0.7560581583198707
loss = 0.2196180857717991
precision = 0.7069486404833837
recall = 0.8125
