f1 = 0.07806191117092867
loss = 0.6586390793323517
precision = 0.42028985507246375
recall = 0.04302670623145401
