f1 = 0.6839414362072973
loss = 0.36296164821468146
precision = 0.82069157836029
recall = 0.5862549800796812
