f1 = 0.7670250896057349
loss = 0.14419298768043518
precision = 0.7348901098901099
recall = 0.8020989505247377
