f1 = 0.9180843740780805
loss = 0.0786320032619223
precision = 0.9065838026801321
recall = 0.9298804780876494
