f1 = 0.004158004158004158
loss = 1.102155578136444
precision = 0.0039011703511053317
recall = 0.004451038575667656
