f1 = 0.7974438419829589
loss = 0.17690650076952344
precision = 0.7758100979653353
recall = 0.8203187250996016
