f1 = 0.5614973262032085
loss = 0.47436289489269257
precision = 0.5932203389830508
recall = 0.5329949238578681
