f1 = 0.5736040609137056
loss = 0.46947675943374634
precision = 0.5736040609137056
recall = 0.5736040609137056
