f1 = 0.6263079222720478
loss = 0.2666464149951935
precision = 0.5819444444444445
recall = 0.6779935275080906
