f1 = 0.901571546732837
loss = 0.1083255659788847
precision = 0.8949096880131363
recall = 0.9083333333333333
