f1 = 0.7071240105540897
loss = 0.21709895581007005
precision = 0.6733668341708543
recall = 0.7444444444444445
