f1 = 0.3022709475332811
loss = 0.5812071561813354
precision = 0.28508124076809455
recall = 0.32166666666666666
