f1 = 0.0243161094224924
loss = 0.8407417088747025
precision = 0.021621621621621623
recall = 0.027777777777777776
