f1 = 0.8553259141494436
loss = 0.18064016699790955
precision = 0.840625
recall = 0.8705501618122977
