f1 = 0.09907120743034056
loss = 0.7844343245029449
precision = 0.09248554913294797
recall = 0.10666666666666667
