f1 = 0.017777777777777778
loss = 0.26149202287197115
precision = 0.017241379310344827
recall = 0.01834862385321101
