f1 = 0.7284299858557284
loss = 0.2737452298402786
precision = 0.6959459459459459
recall = 0.7640949554896143
