f1 = 0.9287682014954743
loss = 0.08950960378940948
precision = 0.9175738724727839
recall = 0.9402390438247012
