f1 = 0.6133333333333333
loss = 0.5229799449443817
precision = 0.6460674157303371
recall = 0.583756345177665
