f1 = 0.4107002360346184
loss = 0.37680375576019287
precision = 0.3889716840536513
recall = 0.435
