f1 = 0.01785714285714286
loss = 0.274726065993309
precision = 0.017391304347826087
recall = 0.01834862385321101
