f1 = 0.6624605678233438
loss = 0.3002407178282738
precision = 0.6069364161849711
recall = 0.7291666666666666
