f1 = 0.9093655589123866
loss = 0.0991388976573944
precision = 0.9162861491628614
recall = 0.9025487256371814
