f1 = 0.6358381502890174
loss = 0.14150676056742667
precision = 0.859375
recall = 0.5045871559633027
