f1 = 0.2824207492795389
loss = 0.5786428153514862
precision = 0.32666666666666666
recall = 0.24873096446700507
