f1 = 0.30075187969924816
loss = 0.24199383854866027
precision = 0.8333333333333334
recall = 0.1834862385321101
