f1 = 0.6476360392506691
loss = 0.3830775409936905
precision = 0.8120805369127517
recall = 0.5385756676557863
