f1 = 0.20833333333333334
loss = 0.6332329511642456
precision = 0.32967032967032966
recall = 0.15228426395939088
