f1 = 0.466804979253112
loss = 0.5175039887428283
precision = 0.7758620689655172
recall = 0.33382789317507416
