f1 = 0.29512893982808025
loss = 0.37446343898773193
precision = 0.25121951219512195
recall = 0.3576388888888889
