f1 = 0.11704834605597964
loss = 1.041050922870636
precision = 0.696969696969697
recall = 0.06388888888888888
