f1 = 0.008683068017366137
loss = 1.0686625391244888
precision = 0.007444168734491315
recall = 0.010416666666666666
