f1 = 0.5910290237467019
loss = 0.5131130963563919
precision = 0.6153846153846154
recall = 0.5685279187817259
