f1 = 0.6783269961977186
loss = 0.25840107798576356
precision = 0.6398852223816356
recall = 0.7216828478964401
