f1 = 0.6412213740458015
loss = 0.2592882841825485
precision = 0.5915492957746479
recall = 0.7
