f1 = 0.03211678832116789
loss = 0.7530837893486023
precision = 0.02925531914893617
recall = 0.03559870550161812
