f1 = 0.8594319009468318
loss = 0.2125628709793091
precision = 0.844062947067239
recall = 0.8753709198813057
