f1 = 0.532608695652174
loss = 0.09565535187721252
precision = 0.6533333333333333
recall = 0.44954128440366975
