f1 = 0.9095394736842105
loss = 0.09742225259542465
precision = 0.8977272727272727
recall = 0.9216666666666666
