f1 = 0.1426533523537803
loss = 1.2313975811004638
precision = 0.6024096385542169
recall = 0.08090614886731391
