f1 = 0.5299684542586751
loss = 0.623162031173706
precision = 0.7
recall = 0.4263959390862944
