f1 = 0.7140600315955765
loss = 0.30452943965792656
precision = 0.740983606557377
recall = 0.6890243902439024
