f1 = 0.7874899759422616
loss = 0.255424465239048
precision = 0.78060413354531
recall = 0.7944983818770227
