f1 = 0.023408924652523776
loss = 1.148113453388214
precision = 0.021361815754339118
recall = 0.025889967637540454
