f1 = 0.1943573667711599
loss = 0.6586267352104187
precision = 0.2540983606557377
recall = 0.15736040609137056
