f1 = 0.8557142857142858
loss = 0.22981469929218293
precision = 0.8250688705234159
recall = 0.8887240356083086
