f1 = 0.6593059936908517
loss = 0.30714716389775276
precision = 0.6040462427745664
recall = 0.7256944444444444
