f1 = 0.8537211291702309
loss = 0.15922968238592147
precision = 0.8769771528998243
recall = 0.8316666666666667
