f1 = 0.8582259287338893
loss = 0.1367292210459709
precision = 0.8311306901615272
recall = 0.8871473354231975
