f1 = 0.6359967715899919
loss = 0.2362019047141075
precision = 0.6165884194053208
recall = 0.6566666666666666
