f1 = 0.6113537117903931
loss = 0.11822271421551704
precision = 0.5833333333333334
recall = 0.6422018348623854
