f1 = 0.8214849921011059
loss = 0.2197322741150856
precision = 0.8024691358024691
recall = 0.8414239482200647
