f1 = 0.7754010695187166
loss = 0.2200092300772667
precision = 0.7474226804123711
recall = 0.8055555555555556
