f1 = 0.11944444444444445
loss = 0.6957801759243012
precision = 0.1122715404699739
recall = 0.12759643916913946
