f1 = 0.8735632183908045
loss = 0.16086831837892532
precision = 0.86084142394822
recall = 0.8866666666666667
