f1 = 0.011922503725782414
loss = 0.9069999903440475
precision = 0.010443864229765013
recall = 0.013888888888888888
