f1 = 0.7618296529968455
loss = 0.2736132234334946
precision = 0.7430769230769231
recall = 0.7815533980582524
