f1 = 0.6964520367936925
loss = 0.22173520177602768
precision = 0.6608478802992519
recall = 0.7361111111111112
