f1 = 0.5913528591352859
loss = 0.26870884001255035
precision = 0.5578947368421052
recall = 0.629080118694362
