f1 = 0.3302180685358255
loss = 0.7021547555923462
precision = 0.4274193548387097
recall = 0.26903553299492383
