f1 = 0.8166894664842681
loss = 0.17494745105504989
precision = 0.7576142131979695
recall = 0.8857566765578635
