f1 = 0.5445026178010473
loss = 0.09203096777200699
precision = 0.6341463414634146
recall = 0.47706422018348627
