f1 = 0.37777777777777777
loss = 0.6568652629852295
precision = 0.7285714285714285
recall = 0.255
