f1 = 0.664850136239782
loss = 0.5036026537418365
precision = 0.7176470588235294
recall = 0.6192893401015228
