f1 = 0.055089485458612975
loss = 0.4308331170502831
precision = 0.0924015009380863
recall = 0.03924302788844621
