f1 = 0.5934065934065933
loss = 0.49722303450107574
precision = 0.6467065868263473
recall = 0.5482233502538071
