f1 = 0.8802537668517051
loss = 0.17034513652324676
precision = 0.8631415241057543
recall = 0.8980582524271845
