f1 = 0.7733333333333334
loss = 0.0901700895279646
precision = 0.75
recall = 0.7981651376146789
