f1 = 0.04576744186046511
loss = 0.761938975722182
precision = 0.3464788732394366
recall = 0.02450199203187251
