f1 = 0.6712328767123288
loss = 0.294719111174345
precision = 0.6621621621621622
recall = 0.6805555555555556
