f1 = 0.9007518796992481
loss = 0.10816882252693176
precision = 0.9034690799396682
recall = 0.8980509745127436
