f1 = 0.09803921568627451
loss = 1.165883684158325
precision = 0.7446808510638298
recall = 0.05247376311844078
