f1 = 0.8907922912205567
loss = 0.1600608244538307
precision = 0.8583218707015131
recall = 0.9258160237388724
