f1 = 0.8870568837592745
loss = 0.13725889325141907
precision = 0.8776508972267537
recall = 0.8966666666666666
