f1 = 0.9217134416543575
loss = 0.08676878586411477
precision = 0.9082969432314411
recall = 0.9355322338830585
