f1 = 0.8439059158945118
loss = 0.2071574181318283
precision = 0.8120713305898491
recall = 0.8783382789317508
