f1 = 0.676923076923077
loss = 0.2806735932826996
precision = 0.8756218905472637
recall = 0.5517241379310345
