f1 = 0.078562164165277
loss = 1.4138348511621064
precision = 0.5623342175066313
recall = 0.04223107569721116
