f1 = 0.19851116625310172
loss = 0.4515019506216049
precision = 0.34782608695652173
recall = 0.1388888888888889
