f1 = 0.7830832196452931
loss = 0.20977357923984527
precision = 0.7694369973190348
recall = 0.7972222222222223
