f1 = 0.8397699260476582
loss = 0.1917637676000595
precision = 0.8825561312607945
recall = 0.8009404388714734
