f1 = 0.8661764705882353
loss = 0.19976195693016052
precision = 0.858600583090379
recall = 0.8738872403560831
