f1 = 0.40048250904704463
loss = 0.8525321960449219
precision = 0.7867298578199052
recall = 0.2686084142394822
