f1 = 0.8814762242725337
loss = 0.16928979903459548
precision = 0.8448979591836735
recall = 0.9213649851632048
