f1 = 0.8719424460431655
loss = 0.19921312034130095
precision = 0.8463687150837989
recall = 0.8991097922848664
