f1 = 0.5953757225433527
loss = 0.4923340529203415
precision = 0.6912751677852349
recall = 0.5228426395939086
