f1 = 0.4448529411764706
loss = 0.49883782863616943
precision = 0.657608695652174
recall = 0.33611111111111114
