f1 = 0.6075268817204301
loss = 0.4781777560710907
precision = 0.6457142857142857
recall = 0.5736040609137056
