f1 = 0.7898936170212766
loss = 0.20207347422838212
precision = 0.7576530612244898
recall = 0.825
