f1 = 0.6656394453004622
loss = 0.25840989872813225
precision = 0.5983379501385041
recall = 0.75
