f1 = 0.8979994086922242
loss = 0.10445261491501394
precision = 0.888628827774527
recall = 0.9075697211155378
