f1 = 0.06294706723891273
loss = 1.1840928196907043
precision = 0.88
recall = 0.032640949554896145
