f1 = 0.8396718866517524
loss = 0.11514564603567123
precision = 0.8008534850640113
recall = 0.8824451410658307
