f1 = 0.12903225806451613
loss = 1.5470704436302185
precision = 0.7
recall = 0.07106598984771574
