f1 = 0.8678380443086325
loss = 0.1244263231754303
precision = 0.8464977645305514
recall = 0.890282131661442
