f1 = 0.25900189513581806
loss = 0.3301112115383148
precision = 0.21693121693121692
recall = 0.3213166144200627
