f1 = 0.7616191904047975
loss = 0.2654636316001415
precision = 0.7492625368731564
recall = 0.774390243902439
