f1 = 0.6246575342465753
loss = 0.4532321095466614
precision = 0.6785714285714286
recall = 0.5786802030456852
