f1 = 0.16374269005847952
loss = 0.46063238978385923
precision = 0.1414141414141414
recall = 0.19444444444444445
