f1 = 0.40690690690690695
loss = 0.5012896001338959
precision = 0.3904899135446686
recall = 0.42476489028213166
