f1 = 0.1648936170212766
loss = 0.5682742297649384
precision = 0.14622641509433962
recall = 0.18902439024390244
