f1 = 0.6824561403508773
loss = 0.35793657302856446
precision = 0.8347639484978541
recall = 0.5771513353115727
