f1 = 0.8480662983425414
loss = 0.13618703186511993
precision = 0.7932816537467701
recall = 0.9109792284866469
