f1 = 0.8806290207290922
loss = 0.14045077040791512
precision = 0.8496551724137931
recall = 0.913946587537092
