f1 = 0.5665634674922599
loss = 0.2718478083610535
precision = 0.543026706231454
recall = 0.5922330097087378
