f1 = 0.41698256254738436
loss = 0.47978004813194275
precision = 0.40381791483113066
recall = 0.43103448275862066
