f1 = 0.019312475859405178
loss = 1.1010297016770232
precision = 0.31645569620253167
recall = 0.0099601593625498
