f1 = 0.6967615309126595
loss = 0.2861437022686005
precision = 0.847255369928401
recall = 0.5916666666666667
