f1 = 0.11244979919678716
loss = 1.1212336421012878
precision = 0.2692307692307692
recall = 0.07106598984771574
