f1 = 0.28117702008407286
loss = 0.8718932995609209
precision = 0.6436208125445474
recall = 0.1798804780876494
