f1 = 0.7466666666666666
loss = 0.0801885399967432
precision = 0.7241379310344828
recall = 0.7706422018348624
