f1 = 0.4683808200138985
loss = 0.3656861513853073
precision = 0.44052287581699345
recall = 0.5
