f1 = 0.09895833333333333
loss = 1.1140806078910828
precision = 0.7916666666666666
recall = 0.05277777777777778
