f1 = 0.8606856309263311
loss = 0.11439212337136269
precision = 0.8380681818181818
recall = 0.8845577211394303
