f1 = 0.4898813677599442
loss = 0.3781249076128006
precision = 0.4624505928853755
recall = 0.5207715133531158
