f1 = 0.2964049889948643
loss = 0.39617058634757996
precision = 0.27114093959731544
recall = 0.3268608414239482
