f1 = 0.8745414526779164
loss = 0.20866386145353316
precision = 0.865021770682148
recall = 0.884272997032641
