f1 = 0.26470588235294124
loss = 0.3616223447024822
precision = 0.22959183673469388
recall = 0.3125
