f1 = 0.02890173410404625
loss = 0.9914977192878723
precision = 0.5555555555555556
recall = 0.01483679525222552
