f1 = 0.8384673178061608
loss = 0.13483818173408507
precision = 0.8051948051948052
recall = 0.8746081504702194
