f1 = 0.6166666666666667
loss = 0.38895870447158815
precision = 0.8201970443349754
recall = 0.4940652818991098
