f1 = 0.02512562814070352
loss = 0.7910638928413392
precision = 0.022935779816513763
recall = 0.027777777777777776
