f1 = 0.633245382585752
loss = 0.3848097175359726
precision = 0.6593406593406593
recall = 0.6091370558375635
