f1 = 0.02968197879858657
loss = 0.6208590269088745
precision = 0.02807486631016043
recall = 0.031484257871064465
