f1 = 0.7336244541484717
loss = 0.11588875427842141
precision = 0.7
recall = 0.7706422018348624
