f1 = 0.4893470790378007
loss = 0.35951449871063235
precision = 0.4558258642765685
recall = 0.5281899109792285
