f1 = 0.8941755537325677
loss = 0.09876330010592937
precision = 0.8804523424878837
recall = 0.9083333333333333
