f1 = 0.9409158050221565
loss = 0.06884200349450112
precision = 0.9272197962154294
recall = 0.9550224887556222
