f1 = 0.4657534246575343
loss = 0.6947188377380371
precision = 0.7157894736842105
recall = 0.34517766497461927
