f1 = 0.35784313725490197
loss = 0.5464744120836258
precision = 0.3459715639810427
recall = 0.37055837563451777
