f1 = 0.7909967845659164
loss = 0.20221009477972984
precision = 0.7365269461077845
recall = 0.8541666666666666
