f1 = 0.3373205741626794
loss = 0.8585297703742981
precision = 0.6467889908256881
recall = 0.22815533980582525
