f1 = 0.8540983606557377
loss = 0.16219376921653747
precision = 0.8403225806451613
recall = 0.8683333333333333
