f1 = 0.8133439237490072
loss = 0.25371389240026476
precision = 0.7987519500780031
recall = 0.8284789644012945
