f1 = 0.8637450199203188
loss = 0.18481990769505502
precision = 0.8508634222919937
recall = 0.8770226537216829
