f1 = 0.9134377576257213
loss = 0.10428729727864265
precision = 0.9037520391517129
recall = 0.9233333333333333
