f1 = 0.02635431918008785
loss = 0.978651225566864
precision = 0.02278481012658228
recall = 0.03125
