f1 = 0.7744418783679755
loss = 0.22188571691513062
precision = 0.7386196769456681
recall = 0.813915857605178
