f1 = 0.8497246262785209
loss = 0.14543795138597487
precision = 0.8269525267993875
recall = 0.8737864077669902
