f1 = 0.6784140969162995
loss = 0.0941362127661705
precision = 0.652542372881356
recall = 0.7064220183486238
