f1 = 0.37597911227154046
loss = 0.536472350358963
precision = 0.3870967741935484
recall = 0.36548223350253806
