f1 = 0.011940298507462687
loss = 1.0589921325445175
precision = 0.010471204188481676
recall = 0.013888888888888888
