f1 = 0.7487844408427877
loss = 0.23672906309366226
precision = 0.7021276595744681
recall = 0.8020833333333334
