f1 = 0.5471698113207547
loss = 0.3222438022494316
precision = 0.5
recall = 0.6041666666666666
