f1 = 0.04022988505747126
loss = 0.9246070265769959
precision = 0.6363636363636364
recall = 0.020771513353115726
