f1 = 0.8006932409012131
loss = 0.1572962671518326
precision = 0.8953488372093024
recall = 0.7241379310344828
