f1 = 0.8888888888888887
loss = 0.10691377446055413
precision = 0.8717948717948718
recall = 0.9066666666666666
