f1 = 0.43902439024390244
loss = 0.4524203836917877
precision = 0.4225352112676056
recall = 0.45685279187817257
