f1 = 0.023943661971830985
loss = 1.16833655834198
precision = 0.02257636122177955
recall = 0.025487256371814093
