f1 = 0.7685589519650655
loss = 0.28543123975396156
precision = 0.7353760445682451
recall = 0.8048780487804879
