f1 = 0.8964374482187241
loss = 0.10629497393965721
precision = 0.8912685337726524
recall = 0.9016666666666666
