f1 = 0.13043478260869568
loss = 0.209430593252182
precision = 0.12396694214876033
recall = 0.13761467889908258
