f1 = 0.0852359208523592
loss = 1.4321765899658203
precision = 0.717948717948718
recall = 0.045307443365695796
