f1 = 0.2207505518763797
loss = 0.5020622670650482
precision = 0.3472222222222222
recall = 0.16181229773462782
