f1 = 0.7312775330396476
loss = 0.3316912055015564
precision = 0.7053824362606232
recall = 0.7591463414634146
