f1 = 0.8792613636363636
loss = 0.18602649122476578
precision = 0.8433242506811989
recall = 0.9183976261127597
