f1 = 0.5734050730207532
loss = 0.27077582478523254
precision = 0.5461200585651538
recall = 0.6035598705501618
