f1 = 0.8397699260476582
loss = 0.1704387977719307
precision = 0.8282009724473258
recall = 0.8516666666666667
