f1 = 0.11143695014662756
loss = 1.1015159368515015
precision = 0.8636363636363636
recall = 0.05956112852664577
