f1 = 0.01078167115902965
loss = 1.456901878118515
precision = 0.00966183574879227
recall = 0.012195121951219513
