f1 = 0.92603550295858
loss = 0.09211537837982178
precision = 0.9138686131386862
recall = 0.9385307346326837
