f1 = 0.1684370257966616
loss = 0.9066182374954224
precision = 0.16323529411764706
recall = 0.17398119122257052
