f1 = 0.10368349249658937
loss = 0.7689982771873474
precision = 0.6440677966101694
recall = 0.05637982195845697
