f1 = 0.5904761904761905
loss = 0.3037062644958496
precision = 0.6888888888888889
recall = 0.5166666666666667
