f1 = 0.14156626506024098
loss = 0.4468466341495514
precision = 0.125
recall = 0.16319444444444445
