f1 = 0.43211100099108024
loss = 0.32806119322776794
precision = 0.6507462686567164
recall = 0.32344213649851633
