f1 = 0.25668449197860965
loss = 0.9393957257270813
precision = 0.8727272727272727
recall = 0.15047021943573669
