f1 = 0.6
loss = 0.09627523738890886
precision = 0.5945945945945946
recall = 0.6055045871559633
