f1 = 0.8671439936356403
loss = 0.15878089666366577
precision = 0.8528951486697965
recall = 0.8818770226537217
