f1 = 0.32953105196451205
loss = 0.28408787548542025
precision = 0.30303030303030304
recall = 0.3611111111111111
