f1 = 0.7301173402868318
loss = 0.2014150708913803
precision = 0.687960687960688
recall = 0.7777777777777778
