f1 = 0.8145695364238411
loss = 0.19402132779359818
precision = 0.8092105263157895
recall = 0.82
