f1 = 0.02821316614420063
loss = 0.6026586055755615
precision = 0.45
recall = 0.014563106796116505
