f1 = 0.9078341013824884
loss = 0.096880804002285
precision = 0.8900602409638554
recall = 0.9263322884012539
