f1 = 0.15384615384615383
loss = 0.5636294782161713
precision = 0.13615023474178403
recall = 0.17682926829268292
