f1 = 0.8534850640113797
loss = 0.23610956519842147
precision = 0.819672131147541
recall = 0.8902077151335311
