f1 = 0.8776167471819646
loss = 0.16370741352438928
precision = 0.8733974358974359
recall = 0.8818770226537217
