f1 = 0.8665207877461706
loss = 0.10678745284676552
precision = 0.84375
recall = 0.8905547226386806
