f1 = 0.6945169712793734
loss = 0.24914181232452393
precision = 0.6551724137931034
recall = 0.7388888888888889
