f1 = 0.8202898550724638
loss = 0.15439515560865402
precision = 0.8016997167138811
recall = 0.8397626112759644
