f1 = 0.31722054380664655
loss = 0.4292874149978161
precision = 0.2807486631016043
recall = 0.3645833333333333
