f1 = 0.5810055865921787
loss = 0.4614577740430832
precision = 0.6459627329192547
recall = 0.5279187817258884
