f1 = 0.5456595264937993
loss = 0.6428739786148071
precision = 0.8432055749128919
recall = 0.4033333333333333
