f1 = 0.09090909090909091
loss = 1.1069287955760956
precision = 0.24444444444444444
recall = 0.05583756345177665
