f1 = 0.0031752331811867435
loss = 0.6886304944169288
precision = 0.42105263157894735
recall = 0.0015936254980079682
