f1 = 0.7009009009009008
loss = 0.30064545273780824
precision = 0.8781038374717833
recall = 0.5832083958020989
