f1 = 0.26086956521739135
loss = 0.6962816715240479
precision = 0.26288659793814434
recall = 0.25888324873096447
