f1 = 0.4189189189189189
loss = 0.5919987857341766
precision = 0.6262626262626263
recall = 0.3147208121827411
