f1 = 0.7240461401952085
loss = 0.25081169307231904
precision = 0.8015717092337917
recall = 0.6601941747572816
