f1 = 0.3740022805017103
loss = 0.5682230651378631
precision = 0.8078817733990148
recall = 0.2433234421364985
