f1 = 0.11764705882352942
loss = 0.9033998548984528
precision = 0.34146341463414637
recall = 0.07106598984771574
