f1 = 0.6699507389162561
loss = 0.09512245580554009
precision = 0.723404255319149
recall = 0.6238532110091743
