f1 = 0.5542168674698795
loss = 0.45842088758945465
precision = 0.6814814814814815
recall = 0.467005076142132
