f1 = 0.0011911852293031567
loss = 1.1454377004913254
precision = 0.17647058823529413
recall = 0.000597609561752988
