f1 = 0.8609077598828697
loss = 0.15761993676424027
precision = 0.8412017167381974
recall = 0.881559220389805
