f1 = 0.027918781725888325
loss = 0.8268189311027527
precision = 0.02570093457943925
recall = 0.030555555555555555
