f1 = 0.8113879003558718
loss = 0.21183335781097412
precision = 0.7797537619699042
recall = 0.8456973293768546
