f1 = 0.8964941569282137
loss = 0.1281423032283783
precision = 0.8979933110367893
recall = 0.895
