f1 = 0.17401960784313725
loss = 0.42556815445423124
precision = 0.3287037037037037
recall = 0.11833333333333333
