f1 = 0.145748987854251
loss = 1.0767862200737
precision = 0.36
recall = 0.09137055837563451
