f1 = 0.7709147771696637
loss = 0.2751483827829361
precision = 0.745839636913767
recall = 0.7977346278317152
