f1 = 0.0631868131868132
loss = 0.9448460578918457
precision = 0.058823529411764705
recall = 0.06824925816023739
