f1 = 0.6689655172413793
loss = 0.29391011595726013
precision = 0.625
recall = 0.7195845697329377
