f1 = 0.12971342383107087
loss = 0.7134202569723129
precision = 0.11466666666666667
recall = 0.14930555555555555
