f1 = 0.1103448275862069
loss = 1.0256160020828247
precision = 0.7843137254901961
recall = 0.05934718100890208
