f1 = 0.1914241960183767
loss = 0.4794840097427368
precision = 0.17705382436260622
recall = 0.20833333333333334
