f1 = 0.9396284829721362
loss = 0.06265198960900306
precision = 0.9281345565749235
recall = 0.95141065830721
