f1 = 0.003969829297340214
loss = 1.3363775412241619
precision = 0.5555555555555556
recall = 0.00199203187250996
