f1 = 0.2742857142857143
loss = 0.5033510565757752
precision = 0.24552429667519182
recall = 0.3106796116504854
