f1 = 0.9077306733167083
loss = 0.0947326822206378
precision = 0.9054726368159204
recall = 0.91
