f1 = 0.8993993993993994
loss = 0.08208297342061996
precision = 0.8631123919308358
recall = 0.9388714733542319
