f1 = 0.8596491228070174
loss = 0.17274325489997863
precision = 0.8474842767295597
recall = 0.872168284789644
