f1 = 0.6666666666666667
loss = 0.38841065764427185
precision = 0.6844919786096256
recall = 0.649746192893401
