f1 = 0.7177033492822967
loss = 0.2820987328886986
precision = 0.6637168141592921
recall = 0.78125
