f1 = 0.6788655077767612
loss = 0.3070241123437881
precision = 0.8708920187793427
recall = 0.5562218890554723
