f1 = 0.194647201946472
loss = 0.4902300715446472
precision = 0.17316017316017315
recall = 0.2222222222222222
