f1 = 0.03921568627450981
loss = 1.253099012374878
precision = 0.037037037037037035
recall = 0.041666666666666664
