f1 = 0.8797153024911032
loss = 0.2229110613465309
precision = 0.8454172366621067
recall = 0.9169139465875371
