f1 = 0.7876923076923076
loss = 0.14326754584908485
precision = 0.7734138972809668
recall = 0.8025078369905956
