f1 = 0.12156862745098038
loss = 0.9948715877299216
precision = 0.5779661016949152
recall = 0.06792828685258964
