f1 = 0.7882736156351792
loss = 0.21676065772771835
precision = 0.7423312883435583
recall = 0.8402777777777778
