f1 = 0.898066783831283
loss = 0.09959169287535855
precision = 0.8806970509383378
recall = 0.9161354581673307
