f1 = 0.5095194922937444
loss = 0.3216491281986237
precision = 0.655011655011655
recall = 0.4169139465875371
