f1 = 0.6968576709796673
loss = 0.30783593058586123
precision = 0.8125
recall = 0.610032362459547
