f1 = 0.8099301784328936
loss = 0.22341599464416503
precision = 0.848780487804878
recall = 0.7744807121661721
