f1 = 0.6309314586994728
loss = 0.3626622974872589
precision = 0.6903846153846154
recall = 0.580906148867314
