f1 = 0.7091988130563798
loss = 0.2755027636885643
precision = 0.6907514450867052
recall = 0.7286585365853658
