f1 = 0.8438367430862548
loss = 0.163895756663645
precision = 0.8718929254302104
recall = 0.8175298804780876
