f1 = 0.6581586144029171
loss = 0.3740699738264084
precision = 0.8534278959810875
recall = 0.5356083086053413
