f1 = 0.18134715025906736
loss = 1.1634785830974579
precision = 0.603448275862069
recall = 0.10670731707317073
