f1 = 0.6749611197511663
loss = 0.26119183003902435
precision = 0.6112676056338028
recall = 0.7534722222222222
