f1 = 0.26609442060085836
loss = 0.14784446656703948
precision = 0.25
recall = 0.28440366972477066
