f1 = 0.27054361567635904
loss = 0.8445712089538574
precision = 0.6184971098265896
recall = 0.17313915857605178
