f1 = 0.8718381112984823
loss = 0.14624439366161823
precision = 0.8822525597269625
recall = 0.8616666666666667
