f1 = 0.8181818181818182
loss = 0.1223802275955677
precision = 0.8045454545454546
recall = 0.8322884012539185
