f1 = 0.6238401142041399
loss = 0.20337581634521484
precision = 0.5953678474114441
recall = 0.6551724137931034
