f1 = 0.03642121931908155
loss = 1.147662091255188
precision = 0.03469079939668175
recall = 0.03833333333333333
