f1 = 0.039427908774642445
loss = 1.7378019877508575
precision = 0.6623376623376623
recall = 0.020318725099601594
