f1 = 0.6837060702875398
loss = 0.24913251772522926
precision = 0.6331360946745562
recall = 0.7430555555555556
