f1 = 0.8500355366027008
loss = 0.2181691735982895
precision = 0.8158253751705321
recall = 0.887240356083086
