f1 = 0.0514018691588785
loss = 0.5610186457633972
precision = 0.047619047619047616
recall = 0.05583756345177665
