f1 = 0.46153846153846156
loss = 0.5816386938095093
precision = 0.5859375
recall = 0.38071065989847713
