f1 = 0.5672514619883041
loss = 0.3388678550720215
precision = 0.5173333333333333
recall = 0.627831715210356
