f1 = 0.054333764553686936
loss = 0.6417721211910248
precision = 0.05084745762711865
recall = 0.058333333333333334
