f1 = 0.5642201834862385
loss = 0.3193017512559891
precision = 0.5347826086956522
recall = 0.5970873786407767
