f1 = 0.017699115044247787
loss = 0.23936855792999268
precision = 0.017094017094017096
recall = 0.01834862385321101
