f1 = 0.7838479809976248
loss = 0.27100234031677245
precision = 0.7674418604651163
recall = 0.8009708737864077
