f1 = 0.05960516324981017
loss = 1.3788561341809291
precision = 0.6330645161290323
recall = 0.03127490039840637
