f1 = 0.8793718772305495
loss = 0.16307718753814698
precision = 0.8473177441540578
recall = 0.913946587537092
