f1 = 0.8583061889250813
loss = 0.14863961264491082
precision = 0.839171974522293
recall = 0.8783333333333333
