f1 = 0.7969581749049429
loss = 0.1525406002998352
precision = 0.7740029542097489
recall = 0.8213166144200627
