f1 = 0.7410714285714287
loss = 0.12193572968244552
precision = 0.7217391304347827
recall = 0.7614678899082569
