f1 = 0.03761755485893418
loss = 1.094914186000824
precision = 0.03550295857988166
recall = 0.04
