f1 = 0.2891207153502235
loss = 0.39337296038866043
precision = 0.25326370757180156
recall = 0.3368055555555556
