f1 = 0.14414414414414414
loss = 1.2237521708011627
precision = 0.64
recall = 0.08121827411167512
