f1 = 0.008797653958944282
loss = 1.2421010494232179
precision = 0.375
recall = 0.004451038575667656
