f1 = 0.08196721311475409
loss = 0.2073390766978264
precision = 0.38461538461538464
recall = 0.045871559633027525
