f1 = 0.6601671309192201
loss = 0.29515293538570403
precision = 0.6220472440944882
recall = 0.7032640949554896
