f1 = 0.047244094488188976
loss = 0.9056593537330627
precision = 0.04477611940298507
recall = 0.05
