f1 = 0.5119760479041917
loss = 0.31161126494407654
precision = 0.45
recall = 0.59375
