f1 = 0.08767123287671233
loss = 0.4901802659034729
precision = 0.08142493638676845
recall = 0.09495548961424333
