f1 = 0.7622699386503067
loss = 0.23253748416900635
precision = 0.7244897959183674
recall = 0.8042071197411004
