f1 = 0.7338345864661654
loss = 0.24276894330978394
precision = 0.8
recall = 0.6777777777777778
