f1 = 0.625
loss = 0.2735807090997696
precision = 0.5994897959183674
recall = 0.6527777777777778
