f1 = 0.7248908296943233
loss = 0.31809790059924126
precision = 0.6935933147632312
recall = 0.7591463414634146
