f1 = 0.3651685393258427
loss = 0.3119700998067856
precision = 0.34346103038309117
recall = 0.38980509745127434
