f1 = 0.41250000000000003
loss = 0.14551689252257347
precision = 0.6470588235294118
recall = 0.30275229357798167
