f1 = 0.166015625
loss = 0.5261145114898682
precision = 0.20935960591133004
recall = 0.13754045307443366
