f1 = 0.7487999999999999
loss = 0.2375466488301754
precision = 0.6943620178041543
recall = 0.8125
