f1 = 0.15517241379310343
loss = 1.0040812194347382
precision = 0.5142857142857142
recall = 0.09137055837563451
