f1 = 0.6696997270245677
loss = 0.3727364599704742
precision = 0.8658823529411764
recall = 0.5459940652818991
