f1 = 0.7659574468085106
loss = 0.28269196301698685
precision = 0.8540145985401459
recall = 0.6943620178041543
