f1 = 0.8766928011404135
loss = 0.21572285890579224
precision = 0.8436213991769548
recall = 0.9124629080118695
