f1 = 0.76
loss = 0.21212949007749557
precision = 0.7307692307692307
recall = 0.7916666666666666
