f1 = 0.7272727272727273
loss = 0.09105867557227612
precision = 0.7207207207207207
recall = 0.7339449541284404
