f1 = 0.8804265041888805
loss = 0.10378998070955277
precision = 0.8562962962962963
recall = 0.9059561128526645
