f1 = 0.12167300380228134
loss = 0.7188491821289062
precision = 0.24242424242424243
recall = 0.08121827411167512
