f1 = 0.861685214626391
loss = 0.15857671052217484
precision = 0.846875
recall = 0.8770226537216829
