f1 = 0.3232104121475054
loss = 0.5465894937515259
precision = 0.6008064516129032
recall = 0.22106824925816024
