f1 = 0.7768069896743447
loss = 0.2420051485300064
precision = 0.7628705148205929
recall = 0.7912621359223301
