f1 = 0.696078431372549
loss = 0.3396911397576332
precision = 0.6574074074074074
recall = 0.7395833333333334
