f1 = 0.5540355677154583
loss = 0.30422365963459014
precision = 0.5139593908629442
recall = 0.6008902077151336
