f1 = 0.7622641509433963
loss = 0.13556207865476608
precision = 0.735080058224163
recall = 0.7915360501567398
