f1 = 0.06022489041356966
loss = 1.5877462730688208
precision = 0.6960352422907489
recall = 0.03147410358565737
