f1 = 0.8760991207034372
loss = 0.16512628942728041
precision = 0.8657187993680885
recall = 0.8867313915857605
