f1 = 0.8120713305898491
loss = 0.1871262326836586
precision = 0.8021680216802168
recall = 0.8222222222222222
