f1 = 0.7954545454545455
loss = 0.14945437759160995
precision = 0.7697947214076246
recall = 0.822884012539185
