f1 = 0.17249070631970262
loss = 0.908187460899353
precision = 0.16407355021216408
recall = 0.18181818181818182
