f1 = 0.16981132075471697
loss = 0.9361448049545288
precision = 0.84
recall = 0.0944527736131934
