f1 = 0.2772820864790666
loss = 0.4727858334779739
precision = 0.25798212005108556
recall = 0.2997032640949555
