f1 = 0.9023789991796556
loss = 0.0906147163361311
precision = 0.8885298869143781
recall = 0.9166666666666666
