f1 = 0.6460587326120557
loss = 0.3117613270878792
precision = 0.5821727019498607
recall = 0.7256944444444444
