f1 = 0.748911465892598
loss = 0.2700216807425022
precision = 0.7146814404432132
recall = 0.7865853658536586
