f1 = 0.673873873873874
loss = 0.29260920733213425
precision = 0.700374531835206
recall = 0.6493055555555556
