f1 = 0.41853932584269665
loss = 0.5097155496478081
precision = 0.3880208333333333
recall = 0.45426829268292684
