f1 = 0.7150395778364117
loss = 0.2595800206065178
precision = 0.6809045226130653
recall = 0.7527777777777778
