f1 = 0.48803827751196166
loss = 0.10339438281953335
precision = 0.51
recall = 0.46788990825688076
