f1 = 0.7421652421652422
loss = 0.2355155497789383
precision = 0.7136986301369863
recall = 0.7729970326409495
