f1 = 0.2563451776649746
loss = 0.8236163496971131
precision = 0.8347107438016529
recall = 0.15142428785607195
