f1 = 0.24436741767764297
loss = 0.36999774873256686
precision = 0.2545126353790614
recall = 0.235
