f1 = 0.21212121212121213
loss = 0.20433655977249146
precision = 0.6086956521739131
recall = 0.12844036697247707
