f1 = 0.8100607111882048
loss = 0.1502613127231598
precision = 0.9067961165048544
recall = 0.731974921630094
