f1 = 0.6680701754385964
loss = 0.2711436003446579
precision = 0.6338215712383488
recall = 0.7062314540059347
