f1 = 0.4173063503140265
loss = 0.3274486273527145
precision = 0.39033942558746737
recall = 0.4482758620689655
