f1 = 0.7209971236816874
loss = 0.2849022150039673
precision = 0.8487584650112867
recall = 0.6266666666666667
