f1 = 0.7579908675799086
loss = 0.08433338105678559
precision = 0.7545454545454545
recall = 0.7614678899082569
