f1 = 0.009174311926605503
loss = 0.6544238030910492
precision = 0.047619047619047616
recall = 0.005076142131979695
