f1 = 0.826265389876881
loss = 0.18492293655872344
precision = 0.8140161725067385
recall = 0.8388888888888889
