f1 = 0.7031963470319634
loss = 0.10518609955906869
precision = 0.7
recall = 0.7064220183486238
