f1 = 0.9180327868852459
loss = 0.07936659604310989
precision = 0.9032258064516129
recall = 0.9333333333333333
