f1 = 0.6490350250178699
loss = 0.18085643351078035
precision = 0.6202185792349727
recall = 0.6806596701649176
