f1 = 0.1155778894472362
loss = 0.6941635012626648
precision = 0.11442786069651742
recall = 0.116751269035533
