f1 = 0.9336283185840708
loss = 0.08191009610891342
precision = 0.918722786647315
recall = 0.9490254872563718
