f1 = 0.8242159008023341
loss = 0.12317823469638825
precision = 0.7708049113233287
recall = 0.8855799373040752
