f1 = 0.7706422018348624
loss = 0.08210890963673592
precision = 0.7706422018348624
recall = 0.7706422018348624
