f1 = 0.3672514619883041
loss = 0.7531505346298217
precision = 0.8674033149171271
recall = 0.23293768545994065
