f1 = 0.19161676646706585
loss = 0.8578107953071594
precision = 0.23357664233576642
recall = 0.16243654822335024
