f1 = 0.4352941176470589
loss = 0.3106872200965881
precision = 0.39892183288409705
recall = 0.47896440129449835
