f1 = 0.32344213649851633
loss = 0.4232008457183838
precision = 0.29863013698630136
recall = 0.35275080906148865
