f1 = 0.8473389355742297
loss = 0.20867509245872498
precision = 0.8023872679045093
recall = 0.8976261127596439
