f1 = 0.08567415730337079
loss = 0.6751776695251465
precision = 0.08058124174372523
recall = 0.09145427286356822
