f1 = 0.7692307692307692
loss = 0.2180052176117897
precision = 0.7142857142857143
recall = 0.8333333333333334
