f1 = 0.07207207207207207
loss = 1.4207186698913574
precision = 0.5
recall = 0.038834951456310676
