f1 = 0.41295546558704455
loss = 0.34398189187049866
precision = 0.6355140186915887
recall = 0.3058470764617691
