f1 = 0.20558002936857564
loss = 0.5613005980849266
precision = 0.178117048346056
recall = 0.24305555555555555
