f1 = 0.7284552845528455
loss = 0.19475499540567398
precision = 0.7111111111111111
recall = 0.7466666666666667
