f1 = 0.9014740108611325
loss = 0.09303855299949645
precision = 0.8924731182795699
recall = 0.9106583072100314
