f1 = 0.9177215189873418
loss = 0.08569367155432701
precision = 0.9265175718849841
recall = 0.9090909090909091
