f1 = 0.8411347517730496
loss = 0.18864185512065887
precision = 0.8057065217391305
recall = 0.8798219584569733
