f1 = 0.8613617719442165
loss = 0.15600819438695906
precision = 0.8481421647819063
recall = 0.875
