f1 = 0.9000586739683161
loss = 0.10783620117353183
precision = 0.8839800230503265
recall = 0.9167330677290837
