f1 = 0.9256965944272445
loss = 0.08601965308189392
precision = 0.9143730886850153
recall = 0.9373040752351097
