f1 = 0.015373864430468204
loss = 1.1416357636451722
precision = 0.01453104359313078
recall = 0.016320474777448073
