f1 = 0.8793893129770993
loss = 0.10305973440408707
precision = 0.8571428571428571
recall = 0.9028213166144201
