f1 = 0.41849148418491483
loss = 0.583281546831131
precision = 0.7747747747747747
recall = 0.2866666666666667
