f1 = 0.44724409448818897
loss = 0.3327272355556488
precision = 0.42388059701492536
recall = 0.47333333333333333
