f1 = 0.909688013136289
loss = 0.0965866357088089
precision = 0.8964401294498382
recall = 0.9233333333333333
