f1 = 0.7043544690603515
loss = 0.2962781399488449
precision = 0.6671490593342981
recall = 0.7459546925566343
