f1 = 0.035398230088495575
loss = 0.30863445103168485
precision = 0.5
recall = 0.01834862385321101
