f1 = 0.7773279352226721
loss = 0.14009107500314713
precision = 0.7559055118110236
recall = 0.8
