f1 = 0.8006134969325153
loss = 0.15861733704805375
precision = 0.7837837837837838
recall = 0.8181818181818182
