f1 = 0.8453922315308454
loss = 0.13772379755973815
precision = 0.8222222222222222
recall = 0.8699059561128527
