f1 = 0.8708539167254763
loss = 0.1577167570590973
precision = 0.8304172274562585
recall = 0.9154302670623146
