f1 = 0.9297218155197657
loss = 0.08019420504570007
precision = 0.9084406294706724
recall = 0.952023988005997
