f1 = 0.9291974396848843
loss = 0.07031232705647948
precision = 0.9187925998052581
recall = 0.9398406374501992
