f1 = 0.2716688227684347
loss = 0.450301393866539
precision = 0.23595505617977527
recall = 0.3201219512195122
