f1 = 0.4904761904761905
loss = 0.5000544339418411
precision = 0.7803030303030303
recall = 0.3576388888888889
