f1 = 0.8515679442508711
loss = 0.24912105202674867
precision = 0.8028909329829172
recall = 0.9065281899109793
