f1 = 0.12844036697247707
loss = 1.3853368759155273
precision = 0.6666666666666666
recall = 0.07106598984771574
