f1 = 0.14833127317676145
loss = 0.5694787502288818
precision = 0.4444444444444444
recall = 0.08902077151335312
