f1 = 0.4910714285714286
loss = 0.13626886904239655
precision = 0.4782608695652174
recall = 0.5045871559633027
