f1 = 0.41875
loss = 0.4650725871324539
precision = 0.3806818181818182
recall = 0.4652777777777778
