f1 = 0.6724890829694323
loss = 0.232765331864357
precision = 0.6534653465346535
recall = 0.6926536731634183
