f1 = 0.9308823529411765
loss = 0.07873572334647179
precision = 0.9134199134199135
recall = 0.9490254872563718
