f1 = 0.4735883424408015
loss = 0.6180788934230804
precision = 0.6878306878306878
recall = 0.3611111111111111
