f1 = 0.7540751240255138
loss = 0.23835597932338715
precision = 0.7218453188602443
recall = 0.7893175074183977
