f1 = 0.5225505443234837
loss = 0.3425494022667408
precision = 0.4732394366197183
recall = 0.5833333333333334
