f1 = 0.4330708661417323
loss = 0.3952573239803314
precision = 0.41044776119402987
recall = 0.4583333333333333
