f1 = 0.48811410459587956
loss = 0.2877420365810394
precision = 0.4782608695652174
recall = 0.49838187702265374
