f1 = 0.17857142857142858
loss = 0.12166481092572212
precision = 0.2542372881355932
recall = 0.13761467889908258
