f1 = 0.4206008583690987
loss = 0.13059959858655928
precision = 0.3951612903225806
recall = 0.44954128440366975
