f1 = 0.7337278106508877
loss = 0.29710628464818
precision = 0.7126436781609196
recall = 0.7560975609756098
