f1 = 0.7699836867862968
loss = 0.21733645722270012
precision = 0.7261538461538461
recall = 0.8194444444444444
