f1 = 0.8657142857142858
loss = 0.20715314000844956
precision = 0.8347107438016529
recall = 0.8991097922848664
