f1 = 0.7987851176917237
loss = 0.13801282569766044
precision = 0.7746686303387335
recall = 0.8244514106583072
