f1 = 0.6409861325115563
loss = 0.2769498638808727
precision = 0.5761772853185596
recall = 0.7222222222222222
