f1 = 0.8145161290322581
loss = 0.19011714309453964
precision = 0.7890625
recall = 0.8416666666666667
