f1 = 0.4461538461538462
loss = 0.4559423178434372
precision = 0.45077720207253885
recall = 0.4416243654822335
