f1 = 0.6604938271604938
loss = 0.3475080393254757
precision = 0.66875
recall = 0.6524390243902439
