f1 = 0.2510578279266573
loss = 1.0115897893905639
precision = 0.8165137614678899
recall = 0.14833333333333334
