f1 = 0.7117903930131005
loss = 0.17694508854080648
precision = 0.6799056945955749
recall = 0.7468127490039841
