f1 = 0.8998357963875204
loss = 0.09915384352207184
precision = 0.8867313915857605
recall = 0.9133333333333333
