f1 = 0.6715867158671587
loss = 0.30186983942985535
precision = 0.6173677069199457
recall = 0.7362459546925566
