f1 = 0.8852691218130312
loss = 0.15504872128367425
precision = 0.8468834688346883
recall = 0.9272997032640949
