f1 = 0.805358550039401
loss = 0.27136600464582444
precision = 0.7849462365591398
recall = 0.8268608414239482
