f1 = 0.45833333333333337
loss = 0.241030353307724
precision = 0.415347137637028
recall = 0.5112443778110944
