f1 = 0.895500725689405
loss = 0.12155449464917183
precision = 0.8677918424753868
recall = 0.9250374812593704
