f1 = 0.9236641221374046
loss = 0.07244370318949223
precision = 0.9002976190476191
recall = 0.9482758620689655
