f1 = 0.7838709677419354
loss = 0.207388523966074
precision = 0.7319277108433735
recall = 0.84375
