f1 = 0.875
loss = 0.2101595088839531
precision = 0.8481894150417827
recall = 0.9035608308605341
