f1 = 0.20802377414561665
loss = 0.5684897527098656
precision = 0.18181818181818182
recall = 0.24305555555555555
