f1 = 0.2750867912051579
loss = 0.9559305888764998
precision = 0.8085519922254616
recall = 0.1657370517928287
