f1 = 0.9325513196480938
loss = 0.0820158950984478
precision = 0.9124820659971306
recall = 0.9535232383808095
