f1 = 0.06132075471698113
loss = 0.7118098735809326
precision = 0.05726872246696035
recall = 0.06598984771573604
