f1 = 0.06222222222222222
loss = 0.22490792721509933
precision = 0.0603448275862069
recall = 0.06422018348623854
