f1 = 0.06896551724137931
loss = 0.8173735737800598
precision = 0.49019607843137253
recall = 0.037091988130563795
