f1 = 0.10344827586206896
loss = 0.30422374308109285
precision = 0.8571428571428571
recall = 0.05504587155963303
