f1 = 0.6358475263584753
loss = 0.3509556293487549
precision = 0.6192733017377567
recall = 0.6533333333333333
