f1 = 0.7817109144542772
loss = 0.27600475400686264
precision = 0.7571428571428571
recall = 0.8079268292682927
