f1 = 0.3557833089311859
loss = 0.24189937710762024
precision = 0.33379120879120877
recall = 0.38087774294670845
