f1 = 0.502994011976048
loss = 0.6106117069721222
precision = 0.6131386861313869
recall = 0.4263959390862944
