f1 = 0.4275862068965517
loss = 0.7221396803855896
precision = 0.8017241379310345
recall = 0.29153605015673983
