f1 = 0.05607476635514019
loss = 1.4852810502052307
precision = 0.35294117647058826
recall = 0.030456852791878174
