f1 = 0.7235387045813586
loss = 0.2863619402050972
precision = 0.663768115942029
recall = 0.7951388888888888
