f1 = 0.21126760563380284
loss = 0.6327811181545258
precision = 0.3448275862068966
recall = 0.15228426395939088
