f1 = 0.8526077097505668
loss = 0.14813776910305024
precision = 0.8233576642335766
recall = 0.8840125391849529
