f1 = 0.8703550784475639
loss = 0.16702821627259254
precision = 0.8625204582651391
recall = 0.8783333333333333
