f1 = 0.892882818116463
loss = 0.18169177919626237
precision = 0.8661087866108786
recall = 0.9213649851632048
