f1 = 0.026124818577648763
loss = 1.2671299815177917
precision = 0.6
recall = 0.013353115727002967
