f1 = 0.7045123726346434
loss = 0.30473536625504494
precision = 0.6740947075208914
recall = 0.7378048780487805
