f1 = 0.2679738562091504
loss = 0.7218770384788513
precision = 0.3761467889908257
recall = 0.20812182741116753
