f1 = 0.6589018302828619
loss = 0.3992897495627403
precision = 0.7252747252747253
recall = 0.6036585365853658
