f1 = 0.6736842105263158
loss = 0.11389310620725154
precision = 0.7901234567901234
recall = 0.5871559633027523
