f1 = 0.17941176470588235
loss = 0.61329784989357
precision = 0.16897506925207756
recall = 0.19122257053291536
