f1 = 0.20103092783505155
loss = 1.0726644098758698
precision = 0.65
recall = 0.11890243902439024
