f1 = 0.4683684794672586
loss = 0.5423631012439728
precision = 0.9017094017094017
recall = 0.31634182908545727
