f1 = 0.7567567567567567
loss = 0.22063548117876053
precision = 0.6979472140762464
recall = 0.8263888888888888
