f1 = 0.3027522935779817
loss = 0.44108206033706665
precision = 0.27049180327868855
recall = 0.34375
