f1 = 0.011026878015161957
loss = 1.2541006565093995
precision = 0.010296010296010296
recall = 0.011869436201780416
