f1 = 0.3137254901960784
loss = 0.5241190940141678
precision = 0.35
recall = 0.28426395939086296
