f1 = 0.27157001414427157
loss = 0.40184251219034195
precision = 0.22911694510739858
recall = 0.3333333333333333
