f1 = 0.8652482269503546
loss = 0.1636025331914425
precision = 0.8433179723502304
recall = 0.8883495145631068
