f1 = 0.8892455858747993
loss = 0.17193431705236434
precision = 0.8821656050955414
recall = 0.8964401294498382
