f1 = 0.03137789904502046
loss = 0.6799855351448059
precision = 0.02904040404040404
recall = 0.03412462908011869
