f1 = 0.7929515418502202
loss = 0.0840901978313923
precision = 0.7627118644067796
recall = 0.8256880733944955
