f1 = 0.020100502512562814
loss = 0.6489092111587524
precision = 0.01990049751243781
recall = 0.02030456852791878
