f1 = 0.6470119521912351
loss = 0.19154804795980454
precision = 0.6198473282442748
recall = 0.6766666666666666
