f1 = 0.16802973977695168
loss = 0.7407320022583008
precision = 0.15983026874115983
recall = 0.17711598746081506
