f1 = 0.015277777777777779
loss = 0.9951441168785096
precision = 0.014360313315926894
recall = 0.016320474777448073
