f1 = 0.21393034825870647
loss = 0.6177005767822266
precision = 0.2097560975609756
recall = 0.2182741116751269
