f1 = 0.318344039971449
loss = 0.4548878848552704
precision = 0.30381471389645776
recall = 0.3343328335832084
