f1 = 0.4360189573459715
loss = 0.640475906431675
precision = 0.6865671641791045
recall = 0.3194444444444444
