f1 = 0.26222222222222225
loss = 0.6687035858631134
precision = 0.6555555555555556
recall = 0.1638888888888889
