f1 = 0.026785714285714288
loss = 0.7957918345928192
precision = 0.1111111111111111
recall = 0.015228426395939087
