f1 = 0.8125490196078431
loss = 0.2009311556816101
precision = 0.7884322678843226
recall = 0.8381877022653722
