f1 = 0.7925117004680188
loss = 0.1805652379989624
precision = 0.7650602409638554
recall = 0.8220064724919094
