f1 = 0.6885758998435054
loss = 0.28360842540860176
precision = 0.6267806267806267
recall = 0.7638888888888888
