f1 = 0.8456090651558074
loss = 0.2508855849504471
precision = 0.8089430894308943
recall = 0.8857566765578635
