f1 = 0.8807994289793005
loss = 0.18463742434978486
precision = 0.8486932599724897
recall = 0.9154302670623146
