f1 = 0.29739776951672864
loss = 0.589289927482605
precision = 0.2751031636863824
recall = 0.32362459546925565
