f1 = 0.1174863387978142
loss = 0.4909441530704498
precision = 0.10886075949367088
recall = 0.12759643916913946
