f1 = 0.05309734513274336
loss = 0.2847276046872139
precision = 0.75
recall = 0.027522935779816515
