f1 = 0.11453744493392069
loss = 0.4301486611366272
precision = 0.09923664122137404
recall = 0.13541666666666666
