f1 = 0.6563944530046225
loss = 0.3121371194720268
precision = 0.590027700831025
recall = 0.7395833333333334
