f1 = 0.3002544529262086
loss = 0.6084786951541901
precision = 0.3010204081632653
recall = 0.29949238578680204
