f1 = 0.3181257706535142
loss = 0.29171077013015745
precision = 0.2860310421286031
recall = 0.35833333333333334
