f1 = 0.8158102766798417
loss = 0.25299822688102724
precision = 0.7975270479134466
recall = 0.8349514563106796
