f1 = 0.5048399106478034
loss = 0.3601391017436981
precision = 0.4808510638297872
recall = 0.5313479623824452
