f1 = 0.7615593834995468
loss = 0.2846260964870453
precision = 0.9032258064516129
recall = 0.658307210031348
