f1 = 0.011157601115760113
loss = 1.001359260082245
precision = 0.010526315789473684
recall = 0.011869436201780416
