f1 = 0.06140350877192982
loss = 0.16527816355228425
precision = 0.058823529411764705
recall = 0.06422018348623854
