f1 = 0.025899280575539568
loss = 1.0284073501825333
precision = 0.022113022113022112
recall = 0.03125
