f1 = 0.0196078431372549
loss = 0.9719241559505463
precision = 0.2857142857142857
recall = 0.01015228426395939
