f1 = 0.043373493975903614
loss = 0.6167374372482299
precision = 0.03829787234042553
recall = 0.05
