f1 = 0.42484969939879763
loss = 0.23425830006599427
precision = 0.38313253012048193
recall = 0.4767616191904048
