f1 = 0.8572539111845302
loss = 0.13347744508007287
precision = 0.8368431037753747
recall = 0.8786852589641434
