f1 = 0.8450502152080344
loss = 0.1166423201560974
precision = 0.8101788170563962
recall = 0.8830584707646177
