f1 = 0.8498769483182937
loss = 0.17545808628201484
precision = 0.8368336025848142
recall = 0.8633333333333333
