f1 = 0.4890965732087227
loss = 0.29995939433574675
precision = 0.47147147147147145
recall = 0.5080906148867314
