f1 = 0.5922077922077922
loss = 0.4477049857378006
precision = 0.6063829787234043
recall = 0.5786802030456852
