f1 = 0.11661807580174927
loss = 1.1837021946907043
precision = 0.8333333333333334
recall = 0.06269592476489028
