f1 = 0.21848739495798317
loss = 0.15166182816028595
precision = 0.20155038759689922
recall = 0.23853211009174313
