f1 = 0.7339181286549707
loss = 0.3012690208852291
precision = 0.7050561797752809
recall = 0.7652439024390244
