f1 = 0.8795180722891567
loss = 0.09710345566272735
precision = 0.8463768115942029
recall = 0.9153605015673981
