f1 = 0.11137254901960784
loss = 0.7287755608558655
precision = 0.10518518518518519
recall = 0.11833333333333333
