f1 = 0.12336719883889696
loss = 0.5312492489814759
precision = 0.1118421052631579
recall = 0.13754045307443366
