f1 = 0.8703563305534495
loss = 0.14688079059123993
precision = 0.8428781204111601
recall = 0.8996865203761756
