f1 = 0.7047768206734535
loss = 0.2622330620884895
precision = 0.6828528072837633
recall = 0.7281553398058253
