f1 = 0.046296296296296294
loss = 0.8099795877933502
precision = 0.2631578947368421
recall = 0.025380710659898477
