f1 = 0.71
loss = 0.08353665992617607
precision = 0.7802197802197802
recall = 0.6513761467889908
