f1 = 0.6627131208302446
loss = 0.31073788106441497
precision = 0.6622222222222223
recall = 0.6632047477744807
