f1 = 0.5879396984924623
loss = 0.4349318891763687
precision = 0.582089552238806
recall = 0.5939086294416244
