f1 = 0.7786666666666666
loss = 0.19759066104888917
precision = 0.7487179487179487
recall = 0.8111111111111111
