f1 = 0.03099630996309963
loss = 1.0637078285217285
precision = 0.028493894165535955
recall = 0.03398058252427184
