f1 = 0.15518606492478224
loss = 0.5049290537834168
precision = 0.15193798449612403
recall = 0.15857605177993528
