f1 = 0.9271523178807948
loss = 0.08797420039772988
precision = 0.9104046242774566
recall = 0.9445277361319341
