f1 = 0.44699140401146137
loss = 0.520560085773468
precision = 0.5131578947368421
recall = 0.39593908629441626
