f1 = 0.8966061562746646
loss = 0.10084984451532364
precision = 0.9030206677265501
recall = 0.890282131661442
