f1 = 0.7864214992927864
loss = 0.12698989361524582
precision = 0.7164948453608248
recall = 0.8714733542319749
