f1 = 0.041564792176039124
loss = 0.9394270300865173
precision = 0.03711790393013101
recall = 0.04722222222222222
