f1 = 0.43229166666666663
loss = 0.5815160274505615
precision = 0.44385026737967914
recall = 0.4213197969543147
