f1 = 0.6553457926192962
loss = 0.20024831125549242
precision = 0.6256113023003079
recall = 0.6880478087649402
