f1 = 0.7641633728590249
loss = 0.2079568773508072
precision = 0.7268170426065163
recall = 0.8055555555555556
