f1 = 0.8573770491803278
loss = 0.17812598049640654
precision = 0.8435483870967742
recall = 0.8716666666666667
