f1 = 0.16393442622950818
loss = 0.24021154940128325
precision = 0.7692307692307693
recall = 0.09174311926605505
