f1 = 0.7424000000000001
loss = 0.23654074221849442
precision = 0.6884272997032641
recall = 0.8055555555555556
