f1 = 0.31976744186046513
loss = 0.5739627629518509
precision = 0.3741496598639456
recall = 0.27918781725888325
