f1 = 0.7760909004105796
loss = 0.1314224855353435
precision = 0.7452778287181369
recall = 0.8095617529880478
