f1 = 0.8575560375994216
loss = 0.1478965051472187
precision = 0.8282122905027933
recall = 0.889055472263868
