f1 = 0.7414634146341462
loss = 0.08457106500864028
precision = 0.7916666666666666
recall = 0.6972477064220184
