f1 = 0.5737704918032787
loss = 0.4854829013347626
precision = 0.621301775147929
recall = 0.5329949238578681
