f1 = 0.6618122977346279
loss = 0.26306096017360686
precision = 0.6430817610062893
recall = 0.6816666666666666
