f1 = 0.6542553191489362
loss = 0.4440438449382782
precision = 0.6871508379888268
recall = 0.6243654822335025
