f1 = 0.020671834625322995
loss = 0.7698882341384887
precision = 0.01932367149758454
recall = 0.022222222222222223
