f1 = 0.7705167173252279
loss = 0.18901977688074112
precision = 0.7263610315186246
recall = 0.8203883495145631
