f1 = 0.7757575757575758
loss = 0.28634799271821976
precision = 0.7710843373493976
recall = 0.7804878048780488
