f1 = 0.5677749360613811
loss = 0.4214479625225067
precision = 0.5721649484536082
recall = 0.5634517766497462
