f1 = 0.10874704491725769
loss = 0.628275454044342
precision = 0.10176991150442478
recall = 0.116751269035533
