f1 = 0.7235890014471779
loss = 0.29186560213565826
precision = 0.6887052341597796
recall = 0.7621951219512195
