f1 = 0.5933503836317134
loss = 0.4493866115808487
precision = 0.5979381443298969
recall = 0.5888324873096447
