f1 = 0.25526315789473686
loss = 0.45905683636665345
precision = 0.60625
recall = 0.16166666666666665
