f1 = 0.8098360655737704
loss = 0.21857936680316925
precision = 0.7967741935483871
recall = 0.8233333333333334
