f1 = 0.29447852760736193
loss = 0.5926210954785347
precision = 0.26373626373626374
recall = 0.3333333333333333
