f1 = 0.030000000000000002
loss = 1.0011175572872162
precision = 1.0
recall = 0.015228426395939087
