f1 = 0.03863987635239567
loss = 1.238419771194458
precision = 0.03602305475504323
recall = 0.041666666666666664
