f1 = 0.7541229385307346
loss = 0.19033423364162444
precision = 0.702513966480447
recall = 0.813915857605178
