f1 = 0.035314220618948164
loss = 1.5040050856038636
precision = 0.3765182186234818
recall = 0.01852589641434263
