f1 = 0.500768049155146
loss = 0.408743966370821
precision = 0.4490358126721763
recall = 0.5659722222222222
