f1 = 0.06222222222222223
loss = 0.6456508934497833
precision = 0.25
recall = 0.03553299492385787
