f1 = 0.9199689199689198
loss = 0.09292515963315964
precision = 0.9121725731895224
recall = 0.9278996865203761
