f1 = 0.740983606557377
loss = 0.29696301743388176
precision = 0.7018633540372671
recall = 0.7847222222222222
