f1 = 0.8830242510699001
loss = 0.1911589965224266
precision = 0.8502747252747253
recall = 0.9183976261127597
