f1 = 0.6555740432612311
loss = 0.4033842906355858
precision = 0.7216117216117216
recall = 0.600609756097561
