f1 = 0.038560411311053984
loss = 0.8101383566856384
precision = 0.03588516746411483
recall = 0.041666666666666664
