f1 = 0.9195571955719558
loss = 0.10140576958656311
precision = 0.9055232558139535
recall = 0.9340329835082459
