f1 = 0.26631853785900783
loss = 0.6130287200212479
precision = 0.2328767123287671
recall = 0.31097560975609756
