f1 = 0.7321428571428571
loss = 0.10348227694630623
precision = 0.7130434782608696
recall = 0.7522935779816514
