f1 = 0.5927835051546392
loss = 0.4421965777873993
precision = 0.6020942408376964
recall = 0.583756345177665
