f1 = 0.7259036144578312
loss = 0.26867596060037613
precision = 0.7927631578947368
recall = 0.6694444444444444
