f1 = 0.06097560975609757
loss = 0.12283388078212738
precision = 0.09090909090909091
recall = 0.045871559633027525
