f1 = 0.8054298642533937
loss = 0.07198518253862858
precision = 0.7946428571428571
recall = 0.8165137614678899
