f1 = 0.006578947368421052
loss = 0.6066889941692353
precision = 0.25
recall = 0.0033333333333333335
