f1 = 0.46153846153846156
loss = 0.5205444693565369
precision = 0.48333333333333334
recall = 0.4416243654822335
