f1 = 0.9219440353460973
loss = 0.10571239069104195
precision = 0.9059334298118669
recall = 0.9385307346326837
