f1 = 0.7162790697674418
loss = 0.08950374759733677
precision = 0.7264150943396226
recall = 0.7064220183486238
