f1 = 0.9055451590662859
loss = 0.0977576653217422
precision = 0.8955776349113579
recall = 0.9157370517928287
