f1 = 0.8062015503875968
loss = 0.1874578431248665
precision = 0.7738095238095238
recall = 0.8414239482200647
