f1 = 0.8722891566265061
loss = 0.17010283470153809
precision = 0.8660287081339713
recall = 0.8786407766990292
