f1 = 0.7842565597667639
loss = 0.27187681943178177
precision = 0.7513966480446927
recall = 0.8201219512195121
