f1 = 0.6900420757363254
loss = 0.28180359676480293
precision = 0.638961038961039
recall = 0.75
