f1 = 0.7057777777777777
loss = 0.29082621932029723
precision = 0.8668122270742358
recall = 0.5952023988005997
