f1 = 0.8074245939675173
loss = 0.1882742613554001
precision = 0.7733333333333333
recall = 0.8446601941747572
