f1 = 0.6745913818722139
loss = 0.30190784484148026
precision = 0.6579710144927536
recall = 0.6920731707317073
