f1 = 0.8715824357912179
loss = 0.14124518409371375
precision = 0.8665568369028006
recall = 0.8766666666666667
