f1 = 0.7569955817378499
loss = 0.28336457163095474
precision = 0.7321937321937322
recall = 0.7835365853658537
