f1 = 0.24316939890710385
loss = 0.6117075622081757
precision = 0.22531645569620254
recall = 0.26409495548961426
