f1 = 0.822593476531424
loss = 0.2591469243168831
precision = 0.809076682316119
recall = 0.8365695792880259
