f1 = 0.4180418041804181
loss = 0.7098283469676971
precision = 0.8085106382978723
recall = 0.2818991097922849
