f1 = 0.2578796561604584
loss = 0.6150791049003601
precision = 0.29605263157894735
recall = 0.22842639593908629
