f1 = 0.7040498442367602
loss = 0.26163966208696365
precision = 0.6384180790960452
recall = 0.7847222222222222
