f1 = 0.24191616766467067
loss = 0.37779058814048766
precision = 0.4297872340425532
recall = 0.16833333333333333
