f1 = 0.6253469010175764
loss = 0.40519369542598727
precision = 0.8304668304668305
recall = 0.5014836795252225
