f1 = 0.8151815181518152
loss = 0.233152586966753
precision = 0.8071895424836601
recall = 0.8233333333333334
