f1 = 0.752755905511811
loss = 0.22522376105189323
precision = 0.6887608069164265
recall = 0.8298611111111112
