f1 = 0.03856749311294766
loss = 0.8800867617130279
precision = 0.03598971722365039
recall = 0.04154302670623145
