f1 = 0.03832630098452883
loss = 0.7681956396383398
precision = 0.1631736526946108
recall = 0.021713147410358565
