f1 = 0.8106834249803614
loss = 0.24172109216451645
precision = 0.7877862595419848
recall = 0.8349514563106796
