f1 = 0.6868686868686869
loss = 0.09342389181256294
precision = 0.7640449438202247
recall = 0.6238532110091743
