f1 = 0.035398230088495575
loss = 0.3061088681221008
precision = 0.5
recall = 0.01834862385321101
