f1 = 0.14746543778801843
loss = 1.3581872582435608
precision = 0.8
recall = 0.08121827411167512
