f1 = 0.8801742919389979
loss = 0.16417554318904876
precision = 0.8620199146514936
recall = 0.8991097922848664
