f1 = 0.12149532710280375
loss = 1.3779677152633667
precision = 0.7647058823529411
recall = 0.06598984771573604
