f1 = 0.04597701149425288
loss = 1.4138354510068893
precision = 0.4
recall = 0.024390243902439025
