f1 = 0.7131537242472267
loss = 0.28185564652085304
precision = 0.6559766763848397
recall = 0.78125
