f1 = 0.7440633245382585
loss = 0.24587079882621765
precision = 0.7085427135678392
recall = 0.7833333333333333
