f1 = 0.8595166163141994
loss = 0.11033609360456467
precision = 0.8294460641399417
recall = 0.8918495297805643
