f1 = 0.8337311058074781
loss = 0.23133149594068528
precision = 0.8200312989045383
recall = 0.8478964401294499
