f1 = 0.10106382978723405
loss = 0.7482113689184189
precision = 0.08962264150943396
recall = 0.11585365853658537
