f1 = 0.08433734939759037
loss = 1.3566153526306153
precision = 0.6086956521739131
recall = 0.045307443365695796
