f1 = 0.7726675427069645
loss = 0.2109234571456909
precision = 0.7331670822942643
recall = 0.8166666666666667
