f1 = 0.7533834586466166
loss = 0.18912822455167771
precision = 0.7036516853932584
recall = 0.8106796116504854
