f1 = 0.41010401188707285
loss = 0.3834986314177513
precision = 0.35844155844155845
recall = 0.4791666666666667
