f1 = 0.8333333333333334
loss = 0.17290303409099578
precision = 0.8251633986928104
recall = 0.8416666666666667
