f1 = 0.706408345752608
loss = 0.26173349618911745
precision = 0.7620578778135049
recall = 0.6583333333333333
