f1 = 0.017595307917888565
loss = 0.9921622633934021
precision = 0.75
recall = 0.008902077151335312
