f1 = 0.6193181818181818
loss = 0.3070127069950104
precision = 0.8406169665809768
recall = 0.49025487256371814
