f1 = 0.6731866340668297
loss = 0.2952661782503128
precision = 0.6586921850079744
recall = 0.6883333333333334
