f1 = 0.619047619047619
loss = 0.461271271109581
precision = 0.6464088397790055
recall = 0.5939086294416244
