f1 = 0.8632478632478633
loss = 0.21848636716604233
precision = 0.8301369863013699
recall = 0.8991097922848664
