f1 = 0.634020618556701
loss = 0.4824986755847931
precision = 0.643979057591623
recall = 0.6243654822335025
