f1 = 0.48148148148148145
loss = 0.11081301346421242
precision = 0.7358490566037735
recall = 0.3577981651376147
