f1 = 0.015015015015015015
loss = 0.8196550756692886
precision = 0.013227513227513227
recall = 0.017361111111111112
