f1 = 0.7126805778491171
loss = 0.20954689010977745
precision = 0.6626865671641791
recall = 0.7708333333333334
