f1 = 0.738362760834671
loss = 0.26439377665519714
precision = 0.6865671641791045
recall = 0.7986111111111112
