f1 = 0.7694369973190348
loss = 0.21250079870223998
precision = 0.7435233160621761
recall = 0.7972222222222223
