f1 = 0.7892376681614349
loss = 0.10037982985377311
precision = 0.7719298245614035
recall = 0.8073394495412844
