f1 = 0.6894351217206335
loss = 0.3390428016290945
precision = 0.847472399767577
recall = 0.5810756972111554
