f1 = 0.5967741935483872
loss = 0.46266044676303864
precision = 0.6342857142857142
recall = 0.5634517766497462
