f1 = 0.7677852348993288
loss = 0.231707201898098
precision = 0.7428571428571429
recall = 0.7944444444444444
