f1 = 0.17777777777777778
loss = 0.1688237175345421
precision = 0.1724137931034483
recall = 0.1834862385321101
