f1 = 0.018575851393188854
loss = 1.0673481673002243
precision = 0.01675977653631285
recall = 0.020833333333333332
