f1 = 0.4909670563230606
loss = 0.6050154805183411
precision = 0.843065693430657
recall = 0.34632683658170915
