f1 = 0.4514767932489452
loss = 0.5426531791687011
precision = 0.781021897810219
recall = 0.31750741839762614
