f1 = 0.020588235294117647
loss = 1.2511130332946778
precision = 0.018867924528301886
recall = 0.022653721682847898
