f1 = 0.3054545454545455
loss = 0.62168088555336
precision = 0.5384615384615384
recall = 0.2131979695431472
