f1 = 0.8119122257053292
loss = 0.2225027024745941
precision = 0.8604651162790697
recall = 0.7685459940652819
