f1 = 0.7520525451559934
loss = 0.2912127524614334
precision = 0.7133956386292835
recall = 0.7951388888888888
