f1 = 0.20114942528735633
loss = 0.8836258053779602
precision = 0.5833333333333334
recall = 0.12152777777777778
