f1 = 0.33383458646616543
loss = 0.36263930797576904
precision = 0.29442970822281167
recall = 0.3854166666666667
