f1 = 0.3172413793103448
loss = 0.16888066679239272
precision = 0.6388888888888888
recall = 0.21100917431192662
