f1 = 0.5911047345767575
loss = 0.3842992037534714
precision = 0.5582655826558266
recall = 0.6280487804878049
