f1 = 0.8167877320419694
loss = 0.12509208992123605
precision = 0.7918622848200313
recall = 0.8433333333333334
