f1 = 0.7220447284345047
loss = 0.2671405114233494
precision = 0.6686390532544378
recall = 0.7847222222222222
