f1 = 0.9242658423493044
loss = 0.08680365830659867
precision = 0.9115853658536586
recall = 0.9373040752351097
