f1 = 0.022556390977443608
loss = 0.8164592623710633
precision = 0.02054794520547945
recall = 0.025
