f1 = 0.65527950310559
loss = 0.24344158917665482
precision = 0.5926966292134831
recall = 0.7326388888888888
