f1 = 0.291970802919708
loss = 0.19243850260972978
precision = 0.7142857142857143
recall = 0.1834862385321101
