f1 = 0.18340611353711792
loss = 1.0390097498893738
precision = 0.65625
recall = 0.1065989847715736
