f1 = 0.8557692307692307
loss = 0.17287735790014266
precision = 0.8476190476190476
recall = 0.8640776699029126
