f1 = 0.916972814107274
loss = 0.09937964528799056
precision = 0.899135446685879
recall = 0.9355322338830585
