f1 = 0.42691751085383506
loss = 0.7404134226780311
precision = 0.7804232804232805
recall = 0.29382470119521914
