f1 = 0.5554335894621295
loss = 0.47189083993434905
precision = 0.8135048231511254
recall = 0.4216666666666667
