f1 = 0.40441176470588236
loss = 0.40049376487731936
precision = 0.5225653206650831
recall = 0.32983508245877063
