f1 = 0.5060240963855421
loss = 0.12820275723934174
precision = 0.7368421052631579
recall = 0.3853211009174312
