f1 = 0.3480083857442348
loss = 0.31522162854671476
precision = 0.32591623036649214
recall = 0.3733133433283358
