f1 = 0.859375
loss = 0.23381486535072327
precision = 0.8242506811989101
recall = 0.8976261127596439
