f1 = 0.6403940886699507
loss = 0.358918696641922
precision = 0.6310679611650486
recall = 0.65
