f1 = 0.9098720828044136
loss = 0.09052047643847033
precision = 0.8923577858647769
recall = 0.9280876494023904
