f1 = 0.032911392405063286
loss = 0.9072047114372254
precision = 0.030232558139534883
recall = 0.03611111111111111
