f1 = 0.08695652173913043
loss = 1.0084470152854919
precision = 0.7948717948717948
recall = 0.04599406528189911
