f1 = 0.6646795827123696
loss = 0.2771673917770386
precision = 0.7170418006430869
recall = 0.6194444444444445
