f1 = 0.52099533437014
loss = 0.23473917543888093
precision = 0.5169753086419753
recall = 0.5250783699059561
