f1 = 0.4615384615384615
loss = 0.3066252559423447
precision = 0.42857142857142855
recall = 0.5
