f1 = 0.6613756613756613
loss = 0.4787944257259369
precision = 0.6906077348066298
recall = 0.6345177664974619
