f1 = 0.028368794326241138
loss = 1.2718875050544738
precision = 0.026905829596412557
recall = 0.03
