f1 = 0.8515318146111547
loss = 0.20748180896043777
precision = 0.8274809160305343
recall = 0.8770226537216829
