f1 = 0.6860158311345647
loss = 0.3947526067495346
precision = 0.7142857142857143
recall = 0.6598984771573604
