f1 = 0.2761627906976744
loss = 0.4987509474158287
precision = 0.2375
recall = 0.3298611111111111
