f1 = 0.7800632911392406
loss = 0.2504324033856392
precision = 0.8355932203389831
recall = 0.7314540059347181
