f1 = 0.7788309636650869
loss = 0.25865774750709536
precision = 0.7608024691358025
recall = 0.7977346278317152
