f1 = 0.23858615611192932
loss = 0.7151835322380066
precision = 0.225
recall = 0.25391849529780564
