f1 = 0.76657824933687
loss = 0.21874836534261705
precision = 0.733502538071066
recall = 0.8027777777777778
