f1 = 0.44936708860759494
loss = 0.47804003953933716
precision = 0.5966386554621849
recall = 0.3604060913705584
