f1 = 0.6550632911392406
loss = 0.3272780030965805
precision = 0.680921052631579
recall = 0.6310975609756098
