f1 = 0.2254335260115607
loss = 0.8618279695510864
precision = 0.6724137931034483
recall = 0.13541666666666666
