f1 = 0.756513926325247
loss = 0.26048973500728606
precision = 0.8863157894736842
recall = 0.6598746081504702
