f1 = 0.7807486631016044
loss = 0.19157362580299378
precision = 0.7525773195876289
recall = 0.8111111111111111
