f1 = 0.06999255398361877
loss = 1.020298671722412
precision = 0.06482758620689655
recall = 0.07605177993527508
