f1 = 0.7243243243243243
loss = 0.11823526918888091
precision = 0.6592865928659286
recall = 0.8035982008995503
