f1 = 0.8808952837729815
loss = 0.15615086555480956
precision = 0.8704581358609794
recall = 0.8915857605177994
