f1 = 0.6030150753768844
loss = 0.42224743962287903
precision = 0.5970149253731343
recall = 0.6091370558375635
