f1 = 0.6646971935007386
loss = 0.29499322921037674
precision = 0.6446991404011462
recall = 0.6859756097560976
