f1 = 0.8319335661036142
loss = 0.14532558815371172
precision = 0.7903890980814058
recall = 0.8780876494023905
