f1 = 0.48754448398576505
loss = 0.44416605234146117
precision = 0.6782178217821783
recall = 0.38055555555555554
