f1 = 0.4032258064516129
loss = 0.5378024131059647
precision = 0.42857142857142855
recall = 0.38071065989847713
