f1 = 0.8764204545454546
loss = 0.18607428669929504
precision = 0.840599455040872
recall = 0.9154302670623146
