f1 = 0.04366812227074236
loss = 0.20968267172574998
precision = 0.041666666666666664
recall = 0.045871559633027525
