f1 = 0.6251944012441679
loss = 0.3658754453063011
precision = 0.5661971830985916
recall = 0.6979166666666666
