f1 = 0.9060451565914057
loss = 0.10706972479820251
precision = 0.8810198300283286
recall = 0.9325337331334332
