f1 = 0.5963060686015832
loss = 0.4770619571208954
precision = 0.6208791208791209
recall = 0.5736040609137056
