f1 = 0.41142857142857137
loss = 0.48478869199752805
precision = 0.6545454545454545
recall = 0.3
