f1 = 0.647887323943662
loss = 0.3102991580963135
precision = 0.6020942408376964
recall = 0.7012195121951219
