f1 = 0.06542056074766356
loss = 1.449846625328064
precision = 0.4117647058823529
recall = 0.03553299492385787
