f1 = 0.38114754098360654
loss = 0.5198406636714935
precision = 0.6158940397350994
recall = 0.27596439169139464
