f1 = 0.7249647390691114
loss = 0.27314305305480957
precision = 0.7363896848137536
recall = 0.7138888888888889
