f1 = 0.7354651162790699
loss = 0.29934484139084816
precision = 0.7027777777777777
recall = 0.7713414634146342
