f1 = 0.7150837988826816
loss = 0.21191568970680236
precision = 0.6754617414248021
recall = 0.7596439169139466
