f1 = 0.6996727541433548
loss = 0.2491197067440725
precision = 0.7442173815405345
recall = 0.6601593625498008
