f1 = 0.6543535620052772
loss = 0.3647928237915039
precision = 0.6813186813186813
recall = 0.6294416243654822
