f1 = 0.8862019914651493
loss = 0.1917929008603096
precision = 0.8510928961748634
recall = 0.9243323442136498
