f1 = 0.6080634500991409
loss = 0.2248310774564743
precision = 0.5482717520858165
recall = 0.6824925816023739
