f1 = 0.7967479674796747
loss = 0.21108126342296601
precision = 0.7777777777777778
recall = 0.8166666666666667
