f1 = 0.6192170818505338
loss = 0.18015992343425752
precision = 0.5894308943089431
recall = 0.6521739130434783
