f1 = 0.6841294298921418
loss = 0.25950533896684647
precision = 0.6149584487534626
recall = 0.7708333333333334
