f1 = 0.553935860058309
loss = 0.5942188799381256
precision = 0.6506849315068494
recall = 0.48223350253807107
