f1 = 0.930962962962963
loss = 0.0777555386414272
precision = 0.9232125367286974
recall = 0.9388446215139442
