f1 = 0.6880000000000001
loss = 0.350443247705698
precision = 0.6379821958456974
recall = 0.7465277777777778
