f1 = 0.6529968454258676
loss = 0.24460945278406143
precision = 0.5982658959537572
recall = 0.71875
