f1 = 0.7315541601255886
loss = 0.2551969811320305
precision = 0.667621776504298
recall = 0.8090277777777778
