f1 = 0.8923841059602649
loss = 0.12061450481414795
precision = 0.8865131578947368
recall = 0.8983333333333333
