f1 = 0.848013816925734
loss = 0.1359019957482815
precision = 0.8799283154121864
recall = 0.8183333333333334
