f1 = 0.545968882602546
loss = 0.38066330552101135
precision = 0.5092348284960422
recall = 0.5884146341463414
