f1 = 0.6137566137566137
loss = 0.469330832362175
precision = 0.6408839779005525
recall = 0.5888324873096447
