f1 = 0.07026348808030113
loss = 0.7521628260612487
precision = 0.06407322654462243
recall = 0.07777777777777778
