f1 = 0.09032258064516129
loss = 1.1333192139863968
precision = 0.6363636363636364
recall = 0.04861111111111111
