f1 = 0.916256157635468
loss = 0.08851425684988498
precision = 0.9029126213592233
recall = 0.93
