f1 = 0.6758409785932722
loss = 0.20498127937316896
precision = 0.6597014925373135
recall = 0.6927899686520376
