f1 = 0.11205432937181663
loss = 0.3486446917057037
precision = 0.14410480349344978
recall = 0.09166666666666666
