f1 = 0.8764367816091955
loss = 0.22711811363697051
precision = 0.8495821727019499
recall = 0.9050445103857567
