f1 = 0.33333333333333337
loss = 0.39086551070213316
precision = 0.4142538975501114
recall = 0.27886056971514245
