f1 = 0.059322033898305086
loss = 0.1875064641237259
precision = 0.05511811023622047
recall = 0.06422018348623854
