f1 = 0.7466666666666666
loss = 0.09917872473597526
precision = 0.7241379310344828
recall = 0.7706422018348624
