f1 = 0.8759007205764612
loss = 0.18295050859451295
precision = 0.866877971473851
recall = 0.8851132686084142
