f1 = 0.03154574132492113
loss = 1.1268279671669006
precision = 0.029940119760479042
recall = 0.03333333333333333
