f1 = 0.027027027027027025
loss = 1.0609541654586792
precision = 0.02571041948579161
recall = 0.02848575712143928
