f1 = 0.15988973121984837
loss = 0.6806858301162719
precision = 0.1492921492921493
recall = 0.17210682492581603
