f1 = 0.03841229193341869
loss = 0.8491177439689637
precision = 0.035629453681710214
recall = 0.041666666666666664
