f1 = 0.6952224052718287
loss = 0.32832721471786497
precision = 0.6872964169381107
recall = 0.7033333333333334
