f1 = 0.8421052631578948
loss = 0.16498998664319514
precision = 0.9016100178890877
recall = 0.7899686520376176
