f1 = 0.570985445001193
loss = 0.3846477002051531
precision = 0.7117787031528852
recall = 0.4766932270916335
