f1 = 0.8978907944017346
loss = 0.10256410676497492
precision = 0.888607101053453
recall = 0.9073705179282868
