f1 = 0.39038601602330664
loss = 0.32085907459259033
precision = 0.35496688741721855
recall = 0.4336569579288026
