f1 = 0.7763578274760383
loss = 0.1928227636963129
precision = 0.7189349112426036
recall = 0.84375
