f1 = 0.05865102639296188
loss = 0.8353380680084228
precision = 0.05361930294906166
recall = 0.06472491909385113
