f1 = 0.7473841554559044
loss = 0.3046341948211193
precision = 0.7331378299120235
recall = 0.7621951219512195
