f1 = 0.8619313647246609
loss = 0.18028342425823213
precision = 0.8503937007874016
recall = 0.8737864077669902
