f1 = 0.6676923076923077
loss = 0.21330096572637558
precision = 0.5994475138121547
recall = 0.7534722222222222
