f1 = 0.03288958496476116
loss = 1.0702576160430908
precision = 0.0310192023633678
recall = 0.035
