f1 = 0.704791344667697
loss = 0.27085408940911293
precision = 0.6350974930362117
recall = 0.7916666666666666
