f1 = 0.3624161073825503
loss = 0.4918487906455994
precision = 0.7363636363636363
recall = 0.2403560830860534
