f1 = 0.14908579465541488
loss = 1.0496604442596436
precision = 0.5698924731182796
recall = 0.08576051779935275
