f1 = 0.623229461756374
loss = 0.34715983644127846
precision = 0.582010582010582
recall = 0.6707317073170732
