f1 = 0.046176046176046176
loss = 1.2552062630653382
precision = 0.8421052631578947
recall = 0.02373887240356083
