f1 = 0.5599999999999999
loss = 0.4100404232740402
precision = 0.5517241379310345
recall = 0.5685279187817259
