f1 = 0.8721264367816092
loss = 0.2170379251241684
precision = 0.8454038997214485
recall = 0.900593471810089
