f1 = 0.6438258386866523
loss = 0.15193852335214614
precision = 0.614441416893733
recall = 0.6761619190404797
