f1 = 0.324455205811138
loss = 0.791903555393219
precision = 0.8427672955974843
recall = 0.20089955022488756
