f1 = 0.4533600802407221
loss = 0.4306968718767166
precision = 0.6996904024767802
recall = 0.3353115727002967
