f1 = 0.7953846153846152
loss = 0.1616615191102028
precision = 0.7809667673716012
recall = 0.8103448275862069
