f1 = 0.7686395080707148
loss = 0.13417827226221563
precision = 0.7541478129713424
recall = 0.7836990595611285
