f1 = 0.9211495946941783
loss = 0.10354220047593117
precision = 0.9057971014492754
recall = 0.9370314842578711
