f1 = 0.12599565532223025
loss = 0.5125227987766265
precision = 0.11402359108781127
recall = 0.1407766990291262
