f1 = 0.8448275862068966
loss = 0.20903125852346421
precision = 0.8189415041782729
recall = 0.8724035608308606
