f1 = 0.8725978647686833
loss = 0.2179395392537117
precision = 0.8385772913816689
recall = 0.9094955489614244
