f1 = 0.0272108843537415
loss = 1.292260617017746
precision = 0.6666666666666666
recall = 0.013888888888888888
