f1 = 0.7954383464005702
loss = 0.16674500554800034
precision = 0.7581521739130435
recall = 0.8365817091454273
