f1 = 0.8324240062353857
loss = 0.2006961762905121
precision = 0.8030075187969925
recall = 0.8640776699029126
