f1 = 0.878637331440738
loss = 0.15100283548235893
precision = 0.8421768707482993
recall = 0.9183976261127597
