f1 = 0.9104820198928845
loss = 0.08055744171142579
precision = 0.8893871449925261
recall = 0.932601880877743
