f1 = 0.7704654895666131
loss = 0.19666844233870506
precision = 0.7164179104477612
recall = 0.8333333333333334
