f1 = 0.7714514835605454
loss = 0.2809569537639618
precision = 0.7647058823529411
recall = 0.7783171521035599
