f1 = 0.9307086614173228
loss = 0.06805046630667194
precision = 0.9198443579766536
recall = 0.9418326693227091
