f1 = 0.5700000000000001
loss = 0.22573655247688293
precision = 0.5181818181818182
recall = 0.6333333333333333
