f1 = 0.03747397640527412
loss = 0.7097259163856506
precision = 0.035202086049543675
recall = 0.040059347181008904
