f1 = 0.5773195876288659
loss = 0.49871863424777985
precision = 0.5863874345549738
recall = 0.5685279187817259
