f1 = 0.8047619047619048
loss = 0.2612410396337509
precision = 0.7897196261682243
recall = 0.8203883495145631
