f1 = 0.6454545454545455
loss = 0.31484070122241975
precision = 0.8333333333333334
recall = 0.526706231454006
