f1 = 0.9340490797546013
loss = 0.06274777464568615
precision = 0.9144144144144144
recall = 0.9545454545454546
