f1 = 0.1872863978127136
loss = 0.5735994398593902
precision = 0.17363751584283904
recall = 0.2032640949554896
