f1 = 0.5869565217391305
loss = 0.1314575232565403
precision = 0.72
recall = 0.4954128440366973
