f1 = 0.8630234208658623
loss = 0.19305145740509033
precision = 0.8272108843537415
recall = 0.9020771513353115
