f1 = 0.6152768044849334
loss = 0.2785502582788467
precision = 0.5830013280212484
recall = 0.6513353115727003
