f1 = 0.733774834437086
loss = 0.23334743529558183
precision = 0.7012658227848101
recall = 0.7694444444444445
