f1 = 0.585003711952487
loss = 0.3021600067615509
precision = 0.5404663923182441
recall = 0.6375404530744336
