f1 = 0.8841951930080116
loss = 0.2020138368010521
precision = 0.8683834048640916
recall = 0.900593471810089
