f1 = 0.6418289585097375
loss = 0.2793619066476822
precision = 0.747534516765286
recall = 0.5623145400593472
