f1 = 0.4050632911392405
loss = 0.4912987411022186
precision = 0.38581560283687943
recall = 0.4263322884012539
