f1 = 0.8172386272944933
loss = 0.2536671906709671
precision = 0.8062992125984252
recall = 0.8284789644012945
