f1 = 0.8557561638516794
loss = 0.11271323026249222
precision = 0.8345323741007195
recall = 0.8780876494023905
