f1 = 0.5759162303664922
loss = 0.09201131537556648
precision = 0.6707317073170732
recall = 0.5045871559633027
