f1 = 0.5827814569536424
loss = 0.3435027599334717
precision = 0.7213114754098361
recall = 0.4888888888888889
