f1 = 0.011695906432748537
loss = 0.9838066846132278
precision = 0.010101010101010102
recall = 0.013888888888888888
