f1 = 0.4967320261437908
loss = 0.24588759541511535
precision = 0.5527272727272727
recall = 0.45103857566765576
