f1 = 0.9080206033848418
loss = 0.10793831124901772
precision = 0.8916184971098265
recall = 0.9250374812593704
