f1 = 0.06315789473684212
loss = 0.8341501504182816
precision = 0.05570291777188329
recall = 0.07291666666666667
