f1 = 0.44261255548509826
loss = 0.2648732900619507
precision = 0.3864894795127353
recall = 0.5178041543026706
