f1 = 0.15980230642504117
loss = 0.5311803996562958
precision = 0.16275167785234898
recall = 0.156957928802589
