f1 = 0.8749040675364543
loss = 0.12423630207777023
precision = 0.8571428571428571
recall = 0.8934169278996865
