f1 = 0.7243401759530792
loss = 0.3039877377450466
precision = 0.6977401129943502
recall = 0.7530487804878049
