f1 = 0.17714285714285716
loss = 0.5806443095207214
precision = 0.20261437908496732
recall = 0.15736040609137056
