f1 = 0.6763485477178424
loss = 0.2900958150625229
precision = 0.633419689119171
recall = 0.7255192878338279
