f1 = 0.07206208425720621
loss = 1.3725343580339469
precision = 0.49744897959183676
recall = 0.03884462151394422
