f1 = 0.8893709327548807
loss = 0.1962623417377472
precision = 0.8674188998589563
recall = 0.9124629080118695
