f1 = 0.04607046070460705
loss = 1.273183599114418
precision = 0.041463414634146344
recall = 0.051829268292682924
