f1 = 0.6233062330623306
loss = 0.48846977949142456
precision = 0.6686046511627907
recall = 0.583756345177665
