f1 = 0.6989247311827956
loss = 0.10070791319012642
precision = 0.8441558441558441
recall = 0.5963302752293578
