f1 = 0.8697017268445839
loss = 0.1753282904624939
precision = 0.8445121951219512
recall = 0.8964401294498382
