f1 = 0.7681159420289855
loss = 0.13628927916288375
precision = 0.7433380084151473
recall = 0.7946026986506747
