f1 = 0.3356258596973865
loss = 0.5518091917037964
precision = 0.3057644110275689
recall = 0.3719512195121951
