f1 = 0.8663330950679057
loss = 0.19297284930944442
precision = 0.8358620689655173
recall = 0.8991097922848664
