f1 = 0.8848684210526315
loss = 0.12788375094532967
precision = 0.8733766233766234
recall = 0.8966666666666666
