f1 = 0.010738255033557046
loss = 1.4628654271364212
precision = 0.009592326139088728
recall = 0.012195121951219513
