f1 = 0.7334630350194553
loss = 0.32425310611724856
precision = 0.8808411214953271
recall = 0.6283333333333333
