f1 = 0.6155844155844156
loss = 0.24320448338985443
precision = 0.5780487804878048
recall = 0.6583333333333333
