f1 = 0.08540925266903913
loss = 0.6805136203765869
precision = 0.14285714285714285
recall = 0.06091370558375635
