f1 = 0.920951650038373
loss = 0.07767644450068474
precision = 0.9022556390977443
recall = 0.9404388714733543
