f1 = 0.6829971181556196
loss = 0.3225223384797573
precision = 0.6475409836065574
recall = 0.7225609756097561
