f1 = 0.7334029822395288
loss = 0.17546486460110722
precision = 0.7008531493919041
recall = 0.7691235059760956
