f1 = 0.0625
loss = 1.1040497541427612
precision = 0.7333333333333333
recall = 0.032640949554896145
