f1 = 0.7688483844241922
loss = 0.2698096513748169
precision = 0.7877758913412564
recall = 0.7508090614886731
