f1 = 0.9181331293037491
loss = 0.07208723202347755
precision = 0.8968609865470852
recall = 0.9404388714733543
