f1 = 0.16393442622950818
loss = 0.19292299598455429
precision = 0.7692307692307693
recall = 0.09174311926605505
