f1 = 0.6618705035971223
loss = 0.28988057002425194
precision = 0.6267029972752044
recall = 0.7012195121951219
