f1 = 0.03619909502262444
loss = 0.6850970983505249
precision = 0.032
recall = 0.041666666666666664
