f1 = 0.7527910685805423
loss = 0.2097945138812065
precision = 0.696165191740413
recall = 0.8194444444444444
