f1 = 0.0590717299578059
loss = 0.8955607056617737
precision = 0.5675675675675675
recall = 0.03115727002967359
