f1 = 0.24225352112676057
loss = 1.0251152157783507
precision = 0.7818181818181819
recall = 0.14333333333333334
