f1 = 0.671875
loss = 0.20723077207803725
precision = 0.6323529411764706
recall = 0.7166666666666667
