f1 = 0.02564102564102564
loss = 0.8266885876655579
precision = 0.023809523809523808
recall = 0.027777777777777776
