f1 = 0.048407643312101914
loss = 0.7349161624908447
precision = 0.04470588235294118
recall = 0.05277777777777778
