f1 = 0.44520547945205474
loss = 0.5919864326715469
precision = 0.6842105263157895
recall = 0.3299492385786802
