f1 = 0.9155749636098981
loss = 0.09332869127392769
precision = 0.8896746817538896
recall = 0.9430284857571214
