f1 = 0.32363213038416766
loss = 0.6646458029747009
precision = 0.7513513513513513
recall = 0.2062314540059347
