f1 = 0.5333333333333333
loss = 0.4198528677225113
precision = 0.7005649717514124
recall = 0.4305555555555556
