f1 = 0.8758915834522112
loss = 0.17157671526074408
precision = 0.8434065934065934
recall = 0.9109792284866469
