f1 = 0.7806191117092867
loss = 0.2381218984723091
precision = 0.7571801566579635
recall = 0.8055555555555556
