f1 = 0.5617977528089888
loss = 0.3642120324075222
precision = 0.5208333333333334
recall = 0.6097560975609756
