f1 = 0.008695652173913044
loss = 0.24291761815547944
precision = 0.008264462809917356
recall = 0.009174311926605505
