f1 = 0.33333333333333337
loss = 0.7066900134086609
precision = 0.7578947368421053
recall = 0.21364985163204747
