f1 = 0.8236259228876128
loss = 0.1880582332611084
precision = 0.8352745424292846
recall = 0.8122977346278317
