f1 = 0.026315789473684213
loss = 1.0462932229042052
precision = 0.024675324675324677
recall = 0.028189910979228485
