f1 = 0.32287581699346407
loss = 0.34380251467227935
precision = 0.2885514018691589
recall = 0.3664688427299703
