f1 = 0.7853881278538812
loss = 0.08962376564741134
precision = 0.7818181818181819
recall = 0.7889908256880734
