f1 = 0.8221709006928407
loss = 0.11528614535927773
precision = 0.8078668683812406
recall = 0.8369905956112853
