f1 = 0.06326383896477356
loss = 0.8828756213188171
precision = 0.056921086675291076
recall = 0.07119741100323625
