f1 = 0.37075718015665804
loss = 0.6442483961582184
precision = 0.3817204301075269
recall = 0.3604060913705584
