f1 = 0.5994236311239193
loss = 0.3720176160335541
precision = 0.7375886524822695
recall = 0.5048543689320388
