f1 = 0.8667642752562226
loss = 0.11223212108016015
precision = 0.8469241773962805
recall = 0.8875562218890555
