f1 = 0.13114754098360656
loss = 0.2614408195018768
precision = 0.6153846153846154
recall = 0.07339449541284404
