f1 = 0.5164556962025316
loss = 0.4251459240913391
precision = 0.5151515151515151
recall = 0.5177664974619289
