f1 = 0.005398110661268557
loss = 1.211233526468277
precision = 0.004842615012106538
recall = 0.006097560975609756
