f1 = 0.9392831016825165
loss = 0.07105143740773201
precision = 0.9171428571428571
recall = 0.9625187406296851
