f1 = 0.7547703180212014
loss = 0.21420573741197585
precision = 0.7206477732793523
recall = 0.7922848664688428
