f1 = 0.8146417445482866
loss = 0.18525377362966539
precision = 0.7852852852852853
recall = 0.8462783171521036
