f1 = 0.8571428571428571
loss = 0.15358964577317238
precision = 0.8543046357615894
recall = 0.86
