f1 = 0.8648648648648648
loss = 0.13357199728488922
precision = 0.8306010928961749
recall = 0.9020771513353115
