f1 = 0.58249832999332
loss = 0.19271199256181717
precision = 0.5297691373025516
recall = 0.6468842729970327
