f1 = 0.6773333333333333
loss = 0.34733580350875853
precision = 0.844789356984479
recall = 0.5652818991097923
