f1 = 0.8921810699588477
loss = 0.09472859539091587
precision = 0.8813008130081301
recall = 0.9033333333333333
