f1 = 0.5247813411078717
loss = 0.5762441754341125
precision = 0.6164383561643836
recall = 0.45685279187817257
