f1 = 0.5528455284552846
loss = 0.5058777928352356
precision = 0.5930232558139535
recall = 0.5177664974619289
