f1 = 0.41269841269841273
loss = 0.12819101437926292
precision = 0.4875
recall = 0.3577981651376147
