f1 = 0.8290796597061098
loss = 0.11990499645471572
precision = 0.8183206106870229
recall = 0.8401253918495298
