f1 = 0.048192771084337345
loss = 0.6587069481611252
precision = 0.0425531914893617
recall = 0.05555555555555555
