f1 = 0.9306062819576334
loss = 0.07578378766775132
precision = 0.9074074074074074
recall = 0.9550224887556222
