f1 = 0.17849613492621225
loss = 0.47956573963165283
precision = 0.167989417989418
recall = 0.1904047976011994
