f1 = 0.7347480106100797
loss = 0.251271003484726
precision = 0.7030456852791879
recall = 0.7694444444444445
