f1 = 0.13953488372093023
loss = 0.139266936480999
precision = 0.45
recall = 0.08256880733944955
