f1 = 0.6995515695067265
loss = 0.10420855656266212
precision = 0.6842105263157895
recall = 0.7155963302752294
