f1 = 0.6521739130434784
loss = 0.3945566087961197
precision = 0.8214285714285714
recall = 0.5407523510971787
