f1 = 0.8912875867386275
loss = 0.11012909412384034
precision = 0.8770864946889226
recall = 0.9059561128526645
