f1 = 0.2297772567409144
loss = 0.35762763023376465
precision = 0.547486033519553
recall = 0.14540059347181009
