f1 = 0.017467248908296946
loss = 0.25909191817045213
precision = 0.016666666666666666
recall = 0.01834862385321101
