f1 = 0.4140127388535032
loss = 0.4983415722846985
precision = 0.39634146341463417
recall = 0.43333333333333335
