f1 = 0.34391143911439115
loss = 0.4551853358745575
precision = 0.31614654002713705
recall = 0.37702265372168287
