f1 = 0.6432432432432432
loss = 0.4503048062324524
precision = 0.6878612716763006
recall = 0.6040609137055838
