f1 = 0.8537134283570893
loss = 0.11771189123392105
precision = 0.818705035971223
recall = 0.8918495297805643
