f1 = 0.6634920634920636
loss = 0.3328312113881111
precision = 0.6111111111111112
recall = 0.7256944444444444
