f1 = 0.662004662004662
loss = 0.1988995224237442
precision = 0.6563944530046225
recall = 0.6677115987460815
