f1 = 0.5734664764621968
loss = 0.3844090513885021
precision = 0.5388739946380697
recall = 0.6128048780487805
