f1 = 0.23384615384615384
loss = 0.6842860579490662
precision = 0.296875
recall = 0.19289340101522842
