f1 = 0.5734767025089605
loss = 0.49586719647049904
precision = 0.6956521739130435
recall = 0.4878048780487805
