f1 = 0.5333333333333334
loss = 0.4226018935441971
precision = 0.538860103626943
recall = 0.5279187817258884
