f1 = 0.9166029074215761
loss = 0.08405903577804566
precision = 0.8953662182361734
recall = 0.9388714733542319
