f1 = 0.5754276827371695
loss = 0.29317542538046837
precision = 0.5211267605633803
recall = 0.6423611111111112
