f1 = 0.8802308802308804
loss = 0.13300791308283805
precision = 0.8567415730337079
recall = 0.9050445103857567
