f1 = 0.7067669172932332
loss = 0.22725994437932967
precision = 0.6601123595505618
recall = 0.7605177993527508
