f1 = 0.3782991202346041
loss = 0.2590281814336777
precision = 0.35537190082644626
recall = 0.4043887147335423
