f1 = 0.8477653631284916
loss = 0.17766042277216912
precision = 0.8007915567282322
recall = 0.900593471810089
