f1 = 0.7741935483870969
loss = 0.2700338587164879
precision = 0.7457627118644068
recall = 0.8048780487804879
