f1 = 0.779891304347826
loss = 0.21939011961221694
precision = 0.7632978723404256
recall = 0.7972222222222223
