f1 = 0.16701461377870566
loss = 0.6617142677307128
precision = 0.15584415584415584
recall = 0.17991004497751126
