f1 = 0.9143818667722459
loss = 0.09428460231991302
precision = 0.908715325595121
recall = 0.9201195219123506
