f1 = 0.676056338028169
loss = 0.2738023214042187
precision = 0.6153846153846154
recall = 0.75
