f1 = 0.6596858638743456
loss = 0.09704579263925553
precision = 0.7682926829268293
recall = 0.5779816513761468
