f1 = 0.5975609756097562
loss = 0.1457983747124672
precision = 0.8909090909090909
recall = 0.44954128440366975
