f1 = 0.5846153846153845
loss = 0.47147996723651886
precision = 0.5906735751295337
recall = 0.5786802030456852
