f1 = 0.08740359897172237
loss = 1.04562908411026
precision = 0.08854166666666667
recall = 0.08629441624365482
