f1 = 0.8231173380035026
loss = 0.1779717192053795
precision = 0.8671586715867159
recall = 0.7833333333333333
