f1 = 0.7557603686635944
loss = 0.09878602921962738
precision = 0.7592592592592593
recall = 0.7522935779816514
