f1 = 0.5200984413453651
loss = 0.2996350258588791
precision = 0.581651376146789
recall = 0.47032640949554894
