f1 = 0.20930232558139533
loss = 0.5887653231620789
precision = 0.24489795918367346
recall = 0.18274111675126903
