f1 = 0.7611336032388665
loss = 0.24567410498857498
precision = 0.7401574803149606
recall = 0.7833333333333333
