f1 = 0.8538638102524866
loss = 0.17063482850790024
precision = 0.8815165876777251
recall = 0.827893175074184
