f1 = 0.872992700729927
loss = 0.10929471403360366
precision = 0.8506401137980085
recall = 0.896551724137931
