f1 = 0.7339449541284404
loss = 0.08326949775218964
precision = 0.7339449541284404
recall = 0.7339449541284404
