f1 = 0.09302325581395349
loss = 1.236470639705658
precision = 0.5555555555555556
recall = 0.050761421319796954
