f1 = 0.07017543859649122
loss = 0.14819611236453056
precision = 0.8
recall = 0.03669724770642202
