f1 = 0.28750000000000003
loss = 0.5657376348972321
precision = 0.37398373983739835
recall = 0.233502538071066
