f1 = 0.36809815950920244
loss = 0.6105971038341522
precision = 0.6976744186046512
recall = 0.25
