f1 = 0.8103855232100707
loss = 0.2661564290523529
precision = 0.7886676875957122
recall = 0.8333333333333334
