f1 = 0.7762345679012346
loss = 0.15958675295114516
precision = 0.7644376899696048
recall = 0.7884012539184952
