f1 = 0.7203791469194312
loss = 0.21391968801617622
precision = 0.6608695652173913
recall = 0.7916666666666666
