f1 = 0.26934097421203435
loss = 0.5661126375198364
precision = 0.3092105263157895
recall = 0.23857868020304568
