f1 = 0.6878612716763006
loss = 0.2865302860736847
precision = 0.6538461538461539
recall = 0.725609756097561
