f1 = 0.7503805175038052
loss = 0.16497937664389611
precision = 0.7292899408284024
recall = 0.7727272727272727
