f1 = 0.8774703557312253
loss = 0.1642329514026642
precision = 0.8578052550231839
recall = 0.8980582524271845
