f1 = 0.8758265980896399
loss = 0.15029256343841552
precision = 0.8587896253602305
recall = 0.8935532233883059
