f1 = 0.2066326530612245
loss = 0.6067773699760437
precision = 0.19103773584905662
recall = 0.225
