f1 = 0.7288888888888889
loss = 0.27065955474972725
precision = 0.7089337175792507
recall = 0.75
