f1 = 0.7368421052631579
loss = 0.24224421009421349
precision = 0.6814159292035398
recall = 0.8020833333333334
