f1 = 0.6980854197349043
loss = 0.3084631524980068
precision = 0.6752136752136753
recall = 0.7225609756097561
