f1 = 0.0706605222734255
loss = 0.7643390476703644
precision = 0.06552706552706553
recall = 0.07666666666666666
