f1 = 0.7155963302752294
loss = 0.09529940262436867
precision = 0.7155963302752294
recall = 0.7155963302752294
