f1 = 0.8472723724016785
loss = 0.12029204731259276
precision = 0.8304955041132581
recall = 0.8647410358565737
