f1 = 0.8049180327868853
loss = 0.17452546209096909
precision = 0.7919354838709678
recall = 0.8183333333333334
