f1 = 0.7532467532467533
loss = 0.11038341298699379
precision = 0.7131147540983607
recall = 0.7981651376146789
