f1 = 0.008152173913043478
loss = 1.2395326346158981
precision = 0.007352941176470588
recall = 0.009146341463414634
