f1 = 0.8538775510204082
loss = 0.15859691724181174
precision = 0.8909710391822828
recall = 0.8197492163009404
