f1 = 0.11926605504587157
loss = 1.3384780883789062
precision = 0.6190476190476191
recall = 0.06598984771573604
