f1 = 0.12188365650969529
loss = 0.3416984260082245
precision = 0.5238095238095238
recall = 0.06896551724137931
