f1 = 0.9153789551140544
loss = 0.10479032173752785
precision = 0.8988439306358381
recall = 0.9325337331334332
