f1 = 0.18333333333333332
loss = 0.38648484349250795
precision = 0.36666666666666664
recall = 0.12222222222222222
