f1 = 0.5333333333333333
loss = 0.4616216570138931
precision = 0.5617977528089888
recall = 0.5076142131979695
