f1 = 0.9238653001464128
loss = 0.087069171667099
precision = 0.9027181688125894
recall = 0.9460269865067467
