f1 = 0.32148900169204736
loss = 0.3940697972681008
precision = 0.4637626736763049
recall = 0.24601593625498008
