f1 = 0.6458684654300169
loss = 0.28068563640117644
precision = 0.748046875
recall = 0.5682492581602374
