f1 = 0.4816650148662042
loss = 0.3661720961332321
precision = 0.7253731343283583
recall = 0.36053412462908013
