f1 = 0.6767515923566879
loss = 0.34321661591529845
precision = 0.6478658536585366
recall = 0.7083333333333334
