f1 = 0.5576407506702412
loss = 0.42231954634189606
precision = 0.5909090909090909
recall = 0.5279187817258884
