f1 = 0.7053291536050158
loss = 0.32927095890045166
precision = 0.6428571428571429
recall = 0.78125
