f1 = 0.3673769287288758
loss = 0.2642216384410858
precision = 0.3457814661134163
recall = 0.39184952978056425
