f1 = 0.6257142857142858
loss = 0.360762782394886
precision = 0.5887096774193549
recall = 0.6676829268292683
