f1 = 0.0482573726541555
loss = 1.1278235197067261
precision = 0.6923076923076923
recall = 0.025
