f1 = 0.008982035928143712
loss = 0.8924733549356461
precision = 0.007894736842105263
recall = 0.010416666666666666
