f1 = 0.8984310487200661
loss = 0.10271037332713603
precision = 0.8903436988543372
recall = 0.9066666666666666
