f1 = 0.8962108731466226
loss = 0.09518909081816673
precision = 0.8859934853420195
recall = 0.9066666666666666
