f1 = 0.9252199413489736
loss = 0.07395299375057221
precision = 0.9053084648493543
recall = 0.9460269865067467
