f1 = 0.17261904761904764
loss = 0.8825722932815552
precision = 0.1643059490084986
recall = 0.18181818181818182
