f1 = 0.46301369863013697
loss = 0.4577900469303131
precision = 0.42039800995024873
recall = 0.5152439024390244
