f1 = 0.730077120822622
loss = 0.20641572624444962
precision = 0.6794258373205742
recall = 0.7888888888888889
