f1 = 0.7888446215139443
loss = 0.19402175545692443
precision = 0.7557251908396947
recall = 0.825
