f1 = 0.2657952069716776
loss = 0.4489285945892334
precision = 0.3567251461988304
recall = 0.21180555555555555
