f1 = 0.41137566137566134
loss = 0.23998049199581145
precision = 0.35583524027459956
recall = 0.48746081504702193
