f1 = 0.9017341040462429
loss = 0.09978367500007153
precision = 0.8936170212765957
recall = 0.91
