f1 = 0.024566473988439308
loss = 1.2280118703842162
precision = 0.022193211488250653
recall = 0.02750809061488673
