f1 = 0.9318681318681319
loss = 0.08137130625545978
precision = 0.9111747851002865
recall = 0.9535232383808095
