f1 = 0.35000000000000003
loss = 0.7867135405540466
precision = 0.5903614457831325
recall = 0.24873096446700507
