f1 = 0.13513513513513514
loss = 1.1136508584022522
precision = 0.6
recall = 0.07614213197969544
