f1 = 0.7001569858712716
loss = 0.2670339457690716
precision = 0.6389684813753582
recall = 0.7743055555555556
