f1 = 0.5885978428351308
loss = 0.3146930277347565
precision = 0.5617647058823529
recall = 0.6181229773462783
