f1 = 0.29317269076305225
loss = 0.6012930452823639
precision = 0.3686868686868687
recall = 0.24333333333333335
