f1 = 0.4985507246376812
loss = 0.5106266289949417
precision = 0.581081081081081
recall = 0.4365482233502538
