f1 = 0.900593471810089
loss = 0.109916090965271
precision = 0.8913362701908958
recall = 0.9100449775112444
