f1 = 0.5789473684210527
loss = 0.09258368238806725
precision = 0.6790123456790124
recall = 0.5045871559633027
