f1 = 0.05864774000747104
loss = 1.163560239999902
precision = 0.47005988023952094
recall = 0.03127490039840637
