f1 = 0.9301242236024845
loss = 0.08304751962423325
precision = 0.9215384615384615
recall = 0.9388714733542319
