f1 = 0.7473404255319149
loss = 0.23005062192678452
precision = 0.7168367346938775
recall = 0.7805555555555556
