f1 = 0.6009478672985781
loss = 0.38385373055934907
precision = 0.8320209973753281
recall = 0.47032640949554894
