f1 = 0.6036866359447005
loss = 0.2548878937959671
precision = 0.5745614035087719
recall = 0.6359223300970874
