f1 = 0.08396946564885496
loss = 0.6424515694379807
precision = 0.07205240174672489
recall = 0.10060975609756098
