f1 = 0.72
loss = 0.24026810750365257
precision = 0.6676557863501483
recall = 0.78125
