f1 = 0.871552403467297
loss = 0.1713309369981289
precision = 0.8494623655913979
recall = 0.8948220064724919
