f1 = 0.7436878347360367
loss = 0.21003394275903703
precision = 0.726457399103139
recall = 0.7617554858934169
