f1 = 0.24343015214384509
loss = 0.5275842487812042
precision = 0.22797927461139897
recall = 0.26112759643916916
