f1 = 0.8569405099150141
loss = 0.18227407187223435
precision = 0.8197831978319783
recall = 0.8976261127596439
