f1 = 0.6453333333333333
loss = 0.47772808372974396
precision = 0.6797752808988764
recall = 0.6142131979695431
