f1 = 0.18232044198895028
loss = 0.5070622980594635
precision = 0.21153846153846154
recall = 0.16019417475728157
