f1 = 0.16129032258064516
loss = 0.21501717269420623
precision = 0.6666666666666666
recall = 0.09174311926605505
