f1 = 0.85761316872428
loss = 0.15727151706814765
precision = 0.8471544715447155
recall = 0.8683333333333333
