f1 = 0.4254278728606357
loss = 0.6120345517992973
precision = 0.71900826446281
recall = 0.3020833333333333
