f1 = 0.10078740157480315
loss = 0.8984280228614807
precision = 0.0955223880597015
recall = 0.10666666666666667
