f1 = 0.28307692307692306
loss = 0.9059657752513885
precision = 0.359375
recall = 0.233502538071066
