f1 = 0.6666666666666666
loss = 0.3329858183860779
precision = 0.6256684491978609
recall = 0.7134146341463414
