f1 = 0.45569620253164556
loss = 0.16543808728456497
precision = 0.7346938775510204
recall = 0.3302752293577982
