f1 = 0.3781021897810219
loss = 0.36252549290657043
precision = 0.35382513661202186
recall = 0.4059561128526646
