f1 = 0.8352272727272727
loss = 0.21008214950561524
precision = 0.8010899182561307
recall = 0.8724035608308606
