f1 = 0.298027757487217
loss = 0.5228366136550904
precision = 0.27906976744186046
recall = 0.31974921630094044
