f1 = 0.24729520865533233
loss = 0.5661590844392776
precision = 0.22284122562674094
recall = 0.2777777777777778
