f1 = 0.13084112149532712
loss = 1.29220050573349
precision = 0.8235294117647058
recall = 0.07106598984771574
