f1 = 0.8269744576253073
loss = 0.16099246489066704
precision = 0.8920913073553147
recall = 0.7707171314741036
