f1 = 0.08365019011406843
loss = 0.5675049275159836
precision = 0.16666666666666666
recall = 0.05583756345177665
