f1 = 0.8779443254817987
loss = 0.2074718803167343
precision = 0.8459422283356258
recall = 0.9124629080118695
