f1 = 0.709592641261498
loss = 0.25277359187603
precision = 0.6733167082294265
recall = 0.75
