f1 = 0.9147982062780269
loss = 0.08930166587233543
precision = 0.9120715350223547
recall = 0.9175412293853074
