f1 = 0.876734693877551
loss = 0.1387554556131363
precision = 0.8592
recall = 0.895
