f1 = 0.6333059885151764
loss = 0.23123322427272797
precision = 0.6643717728055077
recall = 0.6050156739811913
