f1 = 0.06603773584905662
loss = 1.1398710310459137
precision = 0.4666666666666667
recall = 0.03553299492385787
