f1 = 0.5
loss = 0.48515784740448
precision = 0.5380116959064327
recall = 0.467005076142132
