f1 = 0.8155038759689923
loss = 0.17400449514389038
precision = 0.7827380952380952
recall = 0.8511326860841424
