f1 = 0.36611195158850235
loss = 0.35563334077596664
precision = 0.32439678284182305
recall = 0.4201388888888889
