f1 = 0.38626609442060084
loss = 0.467204848633093
precision = 0.5911330049261084
recall = 0.2868525896414343
