f1 = 0.5561694290976059
loss = 0.5427042059600353
precision = 0.7023255813953488
recall = 0.4603658536585366
