f1 = 0.7405475880052151
loss = 0.20719339996576308
precision = 0.6977886977886978
recall = 0.7888888888888889
