f1 = 0.8556469708302169
loss = 0.12629843205213548
precision = 0.8183118741058655
recall = 0.896551724137931
