f1 = 0.8227168073676132
loss = 0.09304010234773159
precision = 0.806015037593985
recall = 0.8401253918495298
