f1 = 0.7137254901960783
loss = 0.25716976076364517
precision = 0.674074074074074
recall = 0.7583333333333333
