f1 = 0.2489208633093525
loss = 0.4147177398204803
precision = 0.22409326424870465
recall = 0.27993527508090615
