f1 = 0.901153212520593
loss = 0.09152406603097915
precision = 0.8908794788273615
recall = 0.9116666666666666
