f1 = 0.722543352601156
loss = 0.2891119532287121
precision = 0.6868131868131868
recall = 0.7621951219512195
