f1 = 0.7067307692307692
loss = 0.16656394600868224
precision = 0.6805555555555556
recall = 0.735
