f1 = 0.7783955520254169
loss = 0.2532711446285248
precision = 0.7644305772230889
recall = 0.7928802588996764
