f1 = 0.2719614921780987
loss = 0.6759981095790863
precision = 0.7197452229299363
recall = 0.16765578635014836
