f1 = 0.8499234303215926
loss = 0.16403645128011704
precision = 0.8781645569620253
recall = 0.8234421364985163
