f1 = 0.05283018867924528
loss = 0.8800909519195557
precision = 0.04827586206896552
recall = 0.058333333333333334
