f1 = 0.7712230215827338
loss = 0.13612913638353347
precision = 0.7413554633471646
recall = 0.8035982008995503
