f1 = 0.03902439024390244
loss = 0.9963884353637695
precision = 0.5
recall = 0.02030456852791878
