f1 = 0.6117647058823529
loss = 0.28312071561813357
precision = 0.5777777777777777
recall = 0.65
