f1 = 0.5702479338842975
loss = 0.39299649372696877
precision = 0.7040816326530612
recall = 0.4791666666666667
