f1 = 0.8302788844621514
loss = 0.180632846057415
precision = 0.8178963893249608
recall = 0.843042071197411
