f1 = 0.12307692307692308
loss = 0.16041753590106964
precision = 0.38095238095238093
recall = 0.07339449541284404
