f1 = 0.8043184885290149
loss = 0.18306514173746108
precision = 0.7821522309711286
recall = 0.8277777777777777
