f1 = 0.07142857142857144
loss = 1.1728967875242233
precision = 0.55
recall = 0.03819444444444445
