f1 = 0.8121827411167514
loss = 0.22411862164735794
precision = 0.8823529411764706
recall = 0.7523510971786834
