f1 = 0.8482328482328483
loss = 0.1329971268773079
precision = 0.7958387516254877
recall = 0.9080118694362018
