f1 = 0.5364341085271317
loss = 0.2837485782802105
precision = 0.484593837535014
recall = 0.6006944444444444
