f1 = 0.6206896551724137
loss = 0.38258337378501894
precision = 0.7605633802816901
recall = 0.5242718446601942
