f1 = 0.8605166051660516
loss = 0.12643339112401009
precision = 0.8473837209302325
recall = 0.8740629685157422
