f1 = 0.1774193548387097
loss = 0.9717261791229248
precision = 0.43137254901960786
recall = 0.1116751269035533
