f1 = 0.02582664840540012
loss = 1.7705007546088274
precision = 0.7252747252747253
recall = 0.013147410358565738
