f1 = 0.7557603686635944
loss = 0.10331465378403663
precision = 0.7592592592592593
recall = 0.7522935779816514
