f1 = 0.8690050107372942
loss = 0.21781193912029267
precision = 0.8395573997233748
recall = 0.900593471810089
