f1 = 0.8070175438596491
loss = 0.18843536227941513
precision = 0.7847769028871391
recall = 0.8305555555555556
