f1 = 0.8491343775762572
loss = 0.15471616238355637
precision = 0.8401305057096248
recall = 0.8583333333333333
