f1 = 0.4581818181818182
loss = 0.3101125657558441
precision = 0.5915492957746479
recall = 0.37388724035608306
