f1 = 0.918201915991157
loss = 0.10553784370422363
precision = 0.9028985507246376
recall = 0.9340329835082459
