f1 = 0.8781911013858498
loss = 0.12634610533714294
precision = 0.8551136363636364
recall = 0.9025487256371814
