f1 = 0.046511627906976744
loss = 0.6934786438941956
precision = 0.2777777777777778
recall = 0.025380710659898477
