f1 = 0.02551710806108641
loss = 1.6555833559410245
precision = 0.43137254901960786
recall = 0.013147410358565738
