f1 = 0.9204959883296865
loss = 0.0854396678507328
precision = 0.8963068181818182
recall = 0.9460269865067467
