f1 = 0.3079178885630499
loss = 0.44433953166007994
precision = 0.28150134048257375
recall = 0.33980582524271846
