f1 = 0.6198473282442748
loss = 0.2568142145872116
precision = 0.5867052023121387
recall = 0.656957928802589
