f1 = 0.8724453840732911
loss = 0.11033483296632766
precision = 0.8308724832214766
recall = 0.9183976261127597
