f1 = 0.9291217257318952
loss = 0.06660340875387191
precision = 0.9136363636363637
recall = 0.945141065830721
