f1 = 0.0027210884353741495
loss = 1.2301616072654724
precision = 0.002457002457002457
recall = 0.003048780487804878
