f1 = 0.4280532043530834
loss = 0.5998953461647034
precision = 0.7797356828193832
recall = 0.295
