f1 = 0.7850330154071901
loss = 0.13927286863327026
precision = 0.7379310344827587
recall = 0.8385579937304075
