f1 = 0.5449160908193486
loss = 0.5130732715129852
precision = 0.6987341772151898
recall = 0.44660194174757284
