f1 = 0.9058149058149058
loss = 0.0994307778775692
precision = 0.8904991948470209
recall = 0.9216666666666666
