f1 = 0.1676626259177053
loss = 0.6568814688453487
precision = 0.5866188769414575
recall = 0.09780876494023905
