f1 = 0.1407624633431085
loss = 0.9758677959442139
precision = 0.1322314049586777
recall = 0.15047021943573669
