f1 = 0.17887432536622977
loss = 0.6744928777217865
precision = 0.16642754662840745
recall = 0.19333333333333333
