f1 = 0.8254397834912043
loss = 0.17449608445167542
precision = 0.8047493403693932
recall = 0.8472222222222222
