f1 = 0.7592592592592593
loss = 0.08030053824186326
precision = 0.7663551401869159
recall = 0.7522935779816514
