f1 = 0.8616262482168332
loss = 0.21612126976251603
precision = 0.8296703296703297
recall = 0.8961424332344213
