f1 = 0.530920060331825
loss = 0.26289597153663635
precision = 0.4971751412429379
recall = 0.56957928802589
