f1 = 0.05274411974340699
loss = 0.9010131359100342
precision = 0.050271739130434784
recall = 0.05547226386806597
