f1 = 0.019374068554396426
loss = 1.0633753061294555
precision = 0.017955801104972375
recall = 0.021035598705501618
