f1 = 0.8903605592347315
loss = 0.09744394421577454
precision = 0.8742774566473989
recall = 0.9070464767616192
