f1 = 0.2222222222222222
loss = 0.6962336301803589
precision = 0.7007874015748031
recall = 0.13204747774480713
