f1 = 0.6096256684491979
loss = 0.4063769727945328
precision = 0.6263736263736264
recall = 0.59375
