f1 = 0.4241019698725377
loss = 0.7457327127456665
precision = 0.746938775510204
recall = 0.2961165048543689
