f1 = 0.8879384088964927
loss = 0.11123657710850239
precision = 0.9121265377855887
recall = 0.865
