f1 = 0.4322250639386189
loss = 0.2386306807398796
precision = 0.4004739336492891
recall = 0.46944444444444444
