f1 = 0.4632768361581921
loss = 0.5060162991285324
precision = 0.5222929936305732
recall = 0.41624365482233505
