f1 = 0.3323076923076923
loss = 0.5660004615783691
precision = 0.421875
recall = 0.27411167512690354
