f1 = 0.7765957446808511
loss = 0.21418680846691132
precision = 0.7448979591836735
recall = 0.8111111111111111
