f1 = 0.1951219512195122
loss = 0.25787014663219454
precision = 0.8571428571428571
recall = 0.11009174311926606
