f1 = 0.0425531914893617
loss = 1.1611660718917847
precision = 0.04035874439461883
recall = 0.045
