f1 = 0.1713890808569454
loss = 0.6893247961997986
precision = 0.16041397153945666
recall = 0.18397626112759644
