f1 = 0.03418803418803419
loss = 0.231003075838089
precision = 0.25
recall = 0.01834862385321101
