f1 = 0.32250839865621506
loss = 0.36635810122186063
precision = 0.42956579383493537
recall = 0.25816733067729086
