f1 = 0.7400346620450605
loss = 0.2412355959415436
precision = 0.8767967145790554
recall = 0.6401799100449775
