f1 = 0.37490317583268784
loss = 0.40628445744514463
precision = 0.35021707670043417
recall = 0.4033333333333333
