f1 = 0.5383458646616541
loss = 0.29941849783062935
precision = 0.47480106100795755
recall = 0.6215277777777778
