f1 = 0.7847025495750708
loss = 0.21374461352825164
precision = 0.8005780346820809
recall = 0.7694444444444445
