f1 = 0.006276971361318165
loss = 1.670016729364208
precision = 0.20512820512820512
recall = 0.0031872509960159364
