f1 = 0.7996870109546166
loss = 0.24528949409723283
precision = 0.8460264900662252
recall = 0.7581602373887241
