f1 = 0.1016949152542373
loss = 0.27703969180583954
precision = 0.6666666666666666
recall = 0.05504587155963303
