f1 = 0.4676923076923077
loss = 0.47877995669841766
precision = 0.59375
recall = 0.38578680203045684
