f1 = 0.7519788918205805
loss = 0.1952919229865074
precision = 0.7160804020100503
recall = 0.7916666666666666
