f1 = 0.5306122448979592
loss = 0.47350597381591797
precision = 0.5333333333333333
recall = 0.5279187817258884
