f1 = 0.6292974588938713
loss = 0.23168480396270752
precision = 0.6014285714285714
recall = 0.6598746081504702
