f1 = 0.6642664266426641
loss = 0.3403908729553223
precision = 0.831081081081081
recall = 0.553223388305847
