f1 = 0.4920424403183024
loss = 0.271699047088623
precision = 0.441141498216409
recall = 0.5562218890554723
