f1 = 0.07092198581560283
loss = 0.36973013281822203
precision = 0.8064516129032258
recall = 0.037091988130563795
