f1 = 0.6973293768545994
loss = 0.23223502784967423
precision = 0.6973293768545994
recall = 0.6973293768545994
