f1 = 0.5538461538461538
loss = 0.4692392498254776
precision = 0.5595854922279793
recall = 0.5482233502538071
