f1 = 0.471938775510204
loss = 0.31074302196502684
precision = 0.4363207547169811
recall = 0.5138888888888888
