f1 = 0.03410852713178295
loss = 0.7382487058639526
precision = 0.03081232492997199
recall = 0.03819444444444445
