f1 = 0.816289592760181
loss = 0.2084315687417984
precision = 0.8930693069306931
recall = 0.7516666666666667
