f1 = 0.8743083003952569
loss = 0.15056098774075508
precision = 0.8547140649149922
recall = 0.8948220064724919
