f1 = 0.9186813186813186
loss = 0.07923065572977066
precision = 0.8982808022922636
recall = 0.9400299850074962
