f1 = 0.9368575624082233
loss = 0.07706633023917675
precision = 0.9179856115107914
recall = 0.9565217391304348
