f1 = 0.6717557251908397
loss = 0.23466963320970535
precision = 0.7457627118644068
recall = 0.6111111111111112
