f1 = 0.8676574663835811
loss = 0.18348901420831681
precision = 0.8294993234100135
recall = 0.9094955489614244
