f1 = 0.9031273836765827
loss = 0.0875544749200344
precision = 0.8796433878157504
recall = 0.9278996865203761
