f1 = 0.8526466380543632
loss = 0.21994967758655548
precision = 0.8232044198895028
recall = 0.884272997032641
