f1 = 0.013642564802182811
loss = 1.4396829456090927
precision = 0.012345679012345678
recall = 0.01524390243902439
