f1 = 0.6057692307692307
loss = 0.10620355270802975
precision = 0.6363636363636364
recall = 0.5779816513761468
