f1 = 0.3063932448733414
loss = 0.8591014862060546
precision = 0.6018957345971564
recall = 0.20550161812297735
