f1 = 0.6599496221662469
loss = 0.36191022396087646
precision = 0.655
recall = 0.6649746192893401
