f1 = 0.29468230991924427
loss = 0.8601353565851847
precision = 0.626701231367466
recall = 0.19262948207171315
