f1 = 0.8276374442793464
loss = 0.11061715632677079
precision = 0.786723163841808
recall = 0.8730407523510971
