f1 = 0.002702702702702703
loss = 1.2176666110754013
precision = 0.0024271844660194173
recall = 0.003048780487804878
