f1 = 0.8861538461538462
loss = 0.11549803018569946
precision = 0.8700906344410876
recall = 0.9028213166144201
