f1 = 0.04322766570605187
loss = 1.178269135951996
precision = 0.75
recall = 0.02225519287833828
