f1 = 0.6059743954480797
loss = 0.3425747752189636
precision = 0.5406091370558376
recall = 0.6893203883495146
