f1 = 0.8113207547169812
loss = 0.1739430010318756
precision = 0.7889908256880734
recall = 0.8349514563106796
