f1 = 0.22169811320754718
loss = 0.9012724399566651
precision = 0.734375
recall = 0.13055555555555556
