f1 = 0.7545605306799338
loss = 0.26160202324390414
precision = 0.8552631578947368
recall = 0.6750741839762612
