f1 = 0.75
loss = 0.08739955872297286
precision = 0.7304347826086957
recall = 0.7706422018348624
