f1 = 0.7163969035890217
loss = 0.27345586121082305
precision = 0.6813922356091031
recall = 0.755192878338279
