f1 = 0.6719160104986878
loss = 0.2150420367717743
precision = 0.6368159203980099
recall = 0.7111111111111111
