f1 = 0.5777777777777777
loss = 0.48311737179756165
precision = 0.6380368098159509
recall = 0.5279187817258884
