f1 = 0.08853118712273642
loss = 0.3405341118574142
precision = 0.16058394160583941
recall = 0.06111111111111111
