f1 = 0.925898752751284
loss = 0.07894642055034637
precision = 0.9066091954022989
recall = 0.9460269865067467
