f1 = 0.00975609756097561
loss = 0.8779641091823578
precision = 0.125
recall = 0.005076142131979695
