f1 = 0.4787644787644787
loss = 0.6318227797746658
precision = 0.6526315789473685
recall = 0.3780487804878049
