f1 = 0.5882352941176471
loss = 0.45299871265888214
precision = 0.5927835051546392
recall = 0.583756345177665
