f1 = 0.3116883116883117
loss = 0.15978988856077195
precision = 0.29508196721311475
recall = 0.3302752293577982
