f1 = 0.2354533152909337
loss = 0.8935050368309021
precision = 0.8613861386138614
recall = 0.13636363636363635
