f1 = 0.7613554434030282
loss = 0.13548325300216674
precision = 0.7333333333333333
recall = 0.7916041979010495
