f1 = 0.20754716981132074
loss = 0.8775162696838379
precision = 0.6875
recall = 0.12222222222222222
