f1 = 0.7714748784440844
loss = 0.26336455792188646
precision = 0.750788643533123
recall = 0.7933333333333333
