f1 = 0.43400447427293065
loss = 0.5908530354499817
precision = 0.8546255506607929
recall = 0.2908545727136432
