f1 = 0.7071999999999999
loss = 0.28953472152352333
precision = 0.655786350148368
recall = 0.7673611111111112
