f1 = 0.5551601423487544
loss = 0.4454029530286789
precision = 0.7722772277227723
recall = 0.43333333333333335
