f1 = 0.549865229110512
loss = 0.5046685934066772
precision = 0.5862068965517241
recall = 0.5177664974619289
