f1 = 0.8773722627737226
loss = 0.09612049758434296
precision = 0.8549075391180654
recall = 0.9010494752623688
