f1 = 0.6263157894736843
loss = 0.46092014014720917
precision = 0.6502732240437158
recall = 0.6040609137055838
