f1 = 0.8910891089108911
loss = 0.10561011955142022
precision = 0.8823529411764706
recall = 0.9
