f1 = 0.7453323375653473
loss = 0.11904783695936202
precision = 0.7118402282453637
recall = 0.7821316614420063
