f1 = 0.42782152230971127
loss = 0.3488050661981106
precision = 0.37557603686635943
recall = 0.4969512195121951
