f1 = 0.91820987654321
loss = 0.08512210324406624
precision = 0.9042553191489362
recall = 0.932601880877743
