f1 = 0.5229485396383866
loss = 0.33660970628261566
precision = 0.49214659685863876
recall = 0.5578635014836796
