f1 = 0.5398496240601504
loss = 0.3374061346054077
precision = 0.5187861271676301
recall = 0.5626959247648903
