f1 = 0.875089221984297
loss = 0.16390022188425063
precision = 0.8431911966987621
recall = 0.9094955489614244
