f1 = 0.7139107611548556
loss = 0.24750695526599883
precision = 0.6766169154228856
recall = 0.7555555555555555
