f1 = 0.6496815286624203
loss = 0.33555663004517555
precision = 0.6
recall = 0.7083333333333334
