f1 = 0.4641975308641975
loss = 0.499270424246788
precision = 0.4519230769230769
recall = 0.47715736040609136
