f1 = 0.7725017717930546
loss = 0.18823603689670562
precision = 0.7325268817204301
recall = 0.8170914542728636
