f1 = 0.6931818181818182
loss = 0.3270834721624851
precision = 0.648936170212766
recall = 0.7439024390243902
