f1 = 0.053921568627450976
loss = 0.7329196035861969
precision = 0.052132701421800945
recall = 0.05583756345177665
