f1 = 0.7475317348377997
loss = 0.23765198588371278
precision = 0.7593123209169055
recall = 0.7361111111111112
