f1 = 0.06179351921627732
loss = 0.6135439574718475
precision = 0.059506531204644414
recall = 0.06426332288401254
