f1 = 0.8744650499286734
loss = 0.1851055458188057
precision = 0.842032967032967
recall = 0.9094955489614244
