f1 = 0.8892065761258041
loss = 0.18787218630313873
precision = 0.8579310344827586
recall = 0.9228486646884273
