f1 = 0.03829160530191458
loss = 0.6117149889469147
precision = 0.03324808184143223
recall = 0.04513888888888889
