f1 = 0.7315589353612166
loss = 0.13869678527116774
precision = 0.7104874446085672
recall = 0.7539184952978056
