f1 = 0.925351071692535
loss = 0.08693628534674644
precision = 0.9125364431486881
recall = 0.9385307346326837
