f1 = 0.5725699067909454
loss = 0.21294101029634477
precision = 0.5498721227621484
recall = 0.5972222222222222
