f1 = 0.5587301587301587
loss = 0.25003859028220177
precision = 0.5146198830409356
recall = 0.6111111111111112
