f1 = 0.7647534357316088
loss = 0.2587643951177597
precision = 0.7425431711145997
recall = 0.7883333333333333
