f1 = 0.7881241565452093
loss = 0.2079409971833229
precision = 0.7664041994750657
recall = 0.8111111111111111
