f1 = 0.7935578330893118
loss = 0.2759448289871216
precision = 0.7633802816901408
recall = 0.8262195121951219
