f1 = 0.5137614678899083
loss = 0.5468446016311646
precision = 0.6461538461538462
recall = 0.4263959390862944
