f1 = 0.9326765188834154
loss = 0.0800641706213355
precision = 0.919093851132686
recall = 0.9466666666666667
