f1 = 0.5775510204081632
loss = 0.4900717079639435
precision = 0.7817679558011049
recall = 0.45792880258899676
