f1 = 0.7735849056603774
loss = 0.08329490888863803
precision = 0.7961165048543689
recall = 0.7522935779816514
