f1 = 0.4742857142857143
loss = 0.5677460730075836
precision = 0.5424836601307189
recall = 0.4213197969543147
