f1 = 0.3301680058436815
loss = 0.44961252212524416
precision = 0.3009320905459387
recall = 0.3656957928802589
