f1 = 0.46835443037974683
loss = 0.10146599784493446
precision = 0.7551020408163265
recall = 0.3394495412844037
