f1 = 0.8382242287434162
loss = 0.22742643505334853
precision = 0.850381679389313
recall = 0.8264094955489614
