f1 = 0.9028006589785832
loss = 0.10578987896442413
precision = 0.8925081433224755
recall = 0.9133333333333333
