f1 = 0.543778801843318
loss = 0.12117796540260314
precision = 0.5462962962962963
recall = 0.5412844036697247
