f1 = 0.10966057441253264
loss = 0.619997188448906
precision = 0.0958904109589041
recall = 0.12804878048780488
