f1 = 0.7469879518072289
loss = 0.23654487282037734
precision = 0.7209302325581395
recall = 0.775
