f1 = 0.0517799352750809
loss = 0.4732550233602524
precision = 0.38095238095238093
recall = 0.027777777777777776
