f1 = 0.39136302294197034
loss = 0.45672279596328735
precision = 0.35108958837772397
recall = 0.4420731707317073
