f1 = 0.11059907834101385
loss = 1.3773619532585144
precision = 0.6
recall = 0.06091370558375635
