f1 = 0.024182076813655758
loss = 0.8642206430435181
precision = 0.023004059539918808
recall = 0.025487256371814093
