f1 = 0.8958944281524927
loss = 0.09691431522369384
precision = 0.8766140602582496
recall = 0.9160419790104948
