f1 = 0.05853658536585366
loss = 0.6227203905582428
precision = 0.056338028169014086
recall = 0.06091370558375635
