f1 = 0.5595667870036101
loss = 0.4603289682418108
precision = 0.6858407079646017
recall = 0.4725609756097561
