f1 = 0.6330708661417322
loss = 0.3144026279449463
precision = 0.730909090909091
recall = 0.5583333333333333
