f1 = 0.22238478419897587
loss = 0.732184088230133
precision = 0.2085048010973937
recall = 0.23824451410658307
