f1 = 0.34437086092715236
loss = 0.5938327312469482
precision = 0.49523809523809526
recall = 0.2639593908629442
