f1 = 0.005594405594405594
loss = 1.2416344583034515
precision = 0.00516795865633075
recall = 0.006097560975609756
