f1 = 0.07547169811320753
loss = 1.3417384028434753
precision = 0.5333333333333333
recall = 0.04060913705583756
