f1 = 0.7440381558028617
loss = 0.17033004462718965
precision = 0.7112462006079028
recall = 0.78
