f1 = 0.7744833782569632
loss = 0.23440618962049484
precision = 0.8401559454191033
recall = 0.7183333333333334
