f1 = 0.702954898911353
loss = 0.2603428177535534
precision = 0.6366197183098592
recall = 0.7847222222222222
