f1 = 0.5459183673469388
loss = 0.42167550325393677
precision = 0.5487179487179488
recall = 0.5431472081218274
