f1 = 0.024623803009575923
loss = 0.8659324049949646
precision = 0.02284263959390863
recall = 0.026706231454005934
