f1 = 0.7997179125528914
loss = 0.2404096633195877
precision = 0.7620967741935484
recall = 0.841246290801187
