f1 = 0.9148119723714505
loss = 0.0930121324956417
precision = 0.8962406015037594
recall = 0.9341692789968652
