f1 = 0.7452229299363058
loss = 0.23786738514900208
precision = 0.6882352941176471
recall = 0.8125
