f1 = 0.7963105303612606
loss = 0.1866205155849457
precision = 0.7584187408491947
recall = 0.8381877022653722
