f1 = 0.8844738778513613
loss = 0.12101765275001526
precision = 0.8684971098265896
recall = 0.9010494752623688
