f1 = 0.5359801488833746
loss = 0.4087527394294739
precision = 0.5242718446601942
recall = 0.5482233502538071
