f1 = 0.7520215633423182
loss = 0.23463111519813537
precision = 0.7303664921465969
recall = 0.775
