f1 = 0.8437246963562752
loss = 0.19101645052433014
precision = 0.8204724409448819
recall = 0.8683333333333333
