f1 = 0.2543640897755611
loss = 0.6778707504272461
precision = 0.25
recall = 0.25888324873096447
