f1 = 0.5190839694656488
loss = 0.47108469903469086
precision = 0.5204081632653061
recall = 0.5177664974619289
