f1 = 0.6020942408376964
loss = 0.46795253455638885
precision = 0.6216216216216216
recall = 0.583756345177665
