f1 = 0.11267605633802817
loss = 1.2460728287696838
precision = 0.75
recall = 0.06091370558375635
