f1 = 0.2756476683937824
loss = 0.6185569822788238
precision = 0.3643835616438356
recall = 0.22166666666666668
