f1 = 0.7476635514018691
loss = 0.09353361427783966
precision = 0.7619047619047619
recall = 0.7339449541284404
