f1 = 0.8638573743922204
loss = 0.17894480675458907
precision = 0.8652597402597403
recall = 0.8624595469255664
