f1 = 0.9116347569955818
loss = 0.11017109379172325
precision = 0.8958031837916064
recall = 0.9280359820089955
