f1 = 0.9235294117647059
loss = 0.08029848039150238
precision = 0.9062049062049062
recall = 0.9415292353823088
