f1 = 0.8803905614320586
loss = 0.12907449007034302
precision = 0.8600953895071543
recall = 0.9016666666666666
