f1 = 0.2653061224489796
loss = 0.6234115064144135
precision = 0.26666666666666666
recall = 0.2639593908629442
