f1 = 0.7543352601156069
loss = 0.29537682980298996
precision = 0.717032967032967
recall = 0.7957317073170732
