f1 = 0.9038619556285948
loss = 0.09018009938299656
precision = 0.8914100486223663
recall = 0.9166666666666666
