f1 = 0.6180257510729614
loss = 0.08862345833331346
precision = 0.5806451612903226
recall = 0.6605504587155964
