f1 = 0.009950248756218904
loss = 0.6838111579418182
precision = 0.25
recall = 0.005076142131979695
