f1 = 0.4673913043478261
loss = 0.14542675018310547
precision = 0.5733333333333334
recall = 0.3944954128440367
