f1 = 0.013533834586466167
loss = 1.1255918383598327
precision = 0.012640449438202247
recall = 0.014563106796116505
