f1 = 0.7988077496274217
loss = 0.13230436593294143
precision = 0.7613636363636364
recall = 0.8401253918495298
