f1 = 0.10235131396957124
loss = 1.0878754138946534
precision = 0.6607142857142857
recall = 0.05547226386806597
