f1 = 0.9156429156429156
loss = 0.10908542573451996
precision = 0.9001610305958132
recall = 0.9316666666666666
