f1 = 0.7272727272727273
loss = 0.07065929770469666
precision = 0.76
recall = 0.6972477064220184
