f1 = 0.6992103374012922
loss = 0.16571623980998992
precision = 0.6707988980716253
recall = 0.7301349325337332
