f1 = 0.9062500000000001
loss = 0.08484438303858041
precision = 0.8944805194805194
recall = 0.9183333333333333
