f1 = 0.8034188034188036
loss = 0.19242368638515472
precision = 0.8834586466165414
recall = 0.7366771159874608
