f1 = 0.8054443554843874
loss = 0.2605580180883408
precision = 0.7971473851030111
recall = 0.813915857605178
