f1 = 0.7476882430647291
loss = 0.1998998209834099
precision = 0.7128463476070529
recall = 0.7861111111111111
