f1 = 0.7079646017699115
loss = 0.3324481397867203
precision = 0.6857142857142857
recall = 0.7317073170731707
