f1 = 0.7390366642703091
loss = 0.17421646118164064
precision = 0.7099447513812155
recall = 0.7706146926536732
