f1 = 0.6754098360655738
loss = 0.32258986309170723
precision = 0.639751552795031
recall = 0.7152777777777778
