f1 = 0.923564984633687
loss = 0.0809998174977498
precision = 0.919281626208802
recall = 0.9278884462151394
