f1 = 0.8268309377138946
loss = 0.19897070601582528
precision = 0.7674714104193139
recall = 0.8961424332344213
