f1 = 0.5841584158415841
loss = 0.48695121705532074
precision = 0.5700483091787439
recall = 0.5989847715736041
