f1 = 0.46017699115044247
loss = 0.12730546593666076
precision = 0.4444444444444444
recall = 0.47706422018348627
