f1 = 0.6808510638297873
loss = 0.4936198443174362
precision = 0.7150837988826816
recall = 0.649746192893401
