f1 = 0.8763485477178423
loss = 0.15354574397206305
precision = 0.8727272727272727
recall = 0.88
