f1 = 0.5393258426966292
loss = 0.6637366771697998
precision = 0.8275862068965517
recall = 0.4
