f1 = 0.38080959520239877
loss = 0.42228805273771286
precision = 0.33509234828496043
recall = 0.4409722222222222
