f1 = 0.32563791008505466
loss = 0.3249556660652161
precision = 0.2894168466522678
recall = 0.37222222222222223
