f1 = 0.6129032258064516
loss = 0.4778039753437042
precision = 0.6514285714285715
recall = 0.5786802030456852
