f1 = 0.6270270270270271
loss = 0.45410512387752533
precision = 0.6705202312138728
recall = 0.5888324873096447
