f1 = 0.7827476038338659
loss = 0.20186743512749672
precision = 0.7248520710059172
recall = 0.8506944444444444
