f1 = 0.7281105990783411
loss = 0.0756323665380478
precision = 0.7314814814814815
recall = 0.7247706422018348
