f1 = 0.05769230769230769
loss = 0.7001674175262451
precision = 0.0547945205479452
recall = 0.06091370558375635
