f1 = 0.6646248085758039
loss = 0.1956098884344101
precision = 0.6497005988023952
recall = 0.6802507836990596
