f1 = 0.5380191693290735
loss = 0.22988795936107637
precision = 0.4688195991091314
recall = 0.631184407796102
