f1 = 0.21843971631205675
loss = 1.0354828000068665
precision = 0.7333333333333333
recall = 0.12833333333333333
