f1 = 0.7963800904977376
loss = 0.08756119273602962
precision = 0.7857142857142857
recall = 0.8073394495412844
