f1 = 0.7012578616352201
loss = 0.2376662939786911
precision = 0.6408045977011494
recall = 0.7743055555555556
