f1 = 0.6702997275204359
loss = 0.4773412495851517
precision = 0.7235294117647059
recall = 0.6243654822335025
