f1 = 0.7019311502938708
loss = 0.26469929814338683
precision = 0.8085106382978723
recall = 0.6201780415430267
