f1 = 0.06363636363636364
loss = 1.3358144164085388
precision = 0.30434782608695654
recall = 0.03553299492385787
