f1 = 0.0332409972299169
loss = 0.5453383177518845
precision = 0.18181818181818182
recall = 0.018292682926829267
