f1 = 0.5821000704721635
loss = 0.3081831753253937
precision = 0.5543624161073826
recall = 0.612759643916914
