f1 = 0.8990066225165563
loss = 0.14358135908842087
precision = 0.8930921052631579
recall = 0.905
