f1 = 0.9233038348082595
loss = 0.07942016050219536
precision = 0.9085631349782293
recall = 0.9385307346326837
