f1 = 0.8497246262785209
loss = 0.1627204030752182
precision = 0.8269525267993875
recall = 0.8737864077669902
