f1 = 0.877643504531722
loss = 0.09432615116238594
precision = 0.8469387755102041
recall = 0.9106583072100314
