f1 = 0.8727272727272728
loss = 0.1366304151713848
precision = 0.8655737704918033
recall = 0.88
