f1 = 0.4687264506405426
loss = 0.27245210111141205
precision = 0.42778541953232463
recall = 0.5183333333333333
