f1 = 0.7650551314673452
loss = 0.18068457543849945
precision = 0.880859375
recall = 0.6761619190404797
