f1 = 0.6222910216718266
loss = 0.3265521824359894
precision = 0.5614525139664804
recall = 0.6979166666666666
