f1 = 0.7467588591184098
loss = 0.2826746076345444
precision = 0.8323699421965318
recall = 0.677115987460815
