f1 = 0.4104046242774567
loss = 0.5078160017728806
precision = 0.47651006711409394
recall = 0.3604060913705584
