f1 = 0.8834882058613294
loss = 0.16534216850996017
precision = 0.8524137931034482
recall = 0.9169139465875371
