f1 = 0.8976897689768976
loss = 0.0965547626838088
precision = 0.8888888888888888
recall = 0.9066666666666666
