f1 = 0.056818181818181816
loss = 1.2707353681325912
precision = 0.4166666666666667
recall = 0.03048780487804878
