f1 = 0.6089238845144357
loss = 0.47323548793792725
precision = 0.6304347826086957
recall = 0.5888324873096447
