f1 = 0.8671428571428571
loss = 0.1881727993488312
precision = 0.8360881542699724
recall = 0.900593471810089
