f1 = 0.12537313432835823
loss = 0.4730831906199455
precision = 0.1099476439790576
recall = 0.14583333333333334
