f1 = 0.754054054054054
loss = 0.19574146941304207
precision = 0.7342105263157894
recall = 0.775
