f1 = 0.08403361344537816
loss = 0.7352425754070282
precision = 0.24390243902439024
recall = 0.050761421319796954
