f1 = 0.8201438848920863
loss = 0.16727420091629028
precision = 0.8784246575342466
recall = 0.7691154422788605
