f1 = 0.8190630048465266
loss = 0.18163860440254212
precision = 0.8879159369527145
recall = 0.760119940029985
