f1 = 0.014619883040935673
loss = 1.243030059337616
precision = 0.5
recall = 0.00741839762611276
