f1 = 0.6785714285714286
loss = 0.12998973652720452
precision = 0.6608695652173913
recall = 0.6972477064220184
