f1 = 0.14718614718614717
loss = 0.7317936718463898
precision = 0.5
recall = 0.08629441624365482
