f1 = 0.6889226100151745
loss = 0.3030785501003265
precision = 0.7591973244147158
recall = 0.6305555555555555
