f1 = 0.9062957540263543
loss = 0.07727017290890217
precision = 0.8855507868383404
recall = 0.9280359820089955
