f1 = 0.1984732824427481
loss = 0.21982486993074418
precision = 0.5909090909090909
recall = 0.11926605504587157
