f1 = 0.8787446504992867
loss = 0.16767046749591827
precision = 0.8461538461538461
recall = 0.913946587537092
