f1 = 0.09431345353675451
loss = 1.0740258932113647
precision = 0.723404255319149
recall = 0.050445103857566766
