f1 = 0.613251155624037
loss = 0.3349069178104401
precision = 0.6885813148788927
recall = 0.5527777777777778
