f1 = 0.26956521739130435
loss = 0.12049430459737778
precision = 0.256198347107438
recall = 0.28440366972477066
