f1 = 0.14871016691957512
loss = 1.3489550232887269
precision = 0.8305084745762712
recall = 0.08166666666666667
