f1 = 0.7332317073170732
loss = 0.12853362560272216
precision = 0.7136498516320475
recall = 0.7539184952978056
