f1 = 0.1819537658463833
loss = 0.8581703782081604
precision = 0.17354196301564723
recall = 0.19122257053291536
