f1 = 0.6404494382022473
loss = 0.24100703746080399
precision = 0.608
recall = 0.6765578635014837
