f1 = 0.402332361516035
loss = 0.5038231164216995
precision = 0.4726027397260274
recall = 0.350253807106599
