f1 = 0.8420289855072464
loss = 0.15722174891362004
precision = 0.8765086206896552
recall = 0.8101593625498008
