f1 = 0.8115015974440895
loss = 0.2550604298710823
precision = 0.8012618296529969
recall = 0.8220064724919094
