f1 = 0.656137832017229
loss = 0.16507538706064223
precision = 0.6294765840220385
recall = 0.6851574212893553
