f1 = 0.5325443786982249
loss = 0.15612442940473556
precision = 0.75
recall = 0.41284403669724773
