f1 = 0.9053558327219369
loss = 0.08175400868058205
precision = 0.8864942528735632
recall = 0.9250374812593704
