f1 = 0.7165109034267911
loss = 0.34398066997528076
precision = 0.732484076433121
recall = 0.7012195121951219
