f1 = 0.7052828618968386
loss = 0.25345629899232996
precision = 0.7378154917319408
recall = 0.6754980079681275
