f1 = 0.165
loss = 0.38154137134552
precision = 0.29464285714285715
recall = 0.11458333333333333
