f1 = 0.05378973105134474
loss = 0.9529688060283661
precision = 0.05188679245283019
recall = 0.05583756345177665
