f1 = 0.03639240506329114
loss = 1.2186861276626586
precision = 0.03463855421686747
recall = 0.03833333333333333
