f1 = 0.6463291371864376
loss = 0.1858570282073582
precision = 0.5998635510830633
recall = 0.700597609561753
