f1 = 0.907639231148349
loss = 0.09111636525474251
precision = 0.8983414634146342
recall = 0.9171314741035856
