f1 = 0.8169014084507044
loss = 0.14409057199954986
precision = 0.7749648382559775
recall = 0.8636363636363636
