f1 = 0.2085661080074488
loss = 0.47021939754486086
precision = 0.3163841807909605
recall = 0.15555555555555556
