f1 = 0.7916366258111032
loss = 0.1244286596775055
precision = 0.7625
recall = 0.823088455772114
