f1 = 0.65625
loss = 0.1421667415648699
precision = 0.7590361445783133
recall = 0.5779816513761468
