f1 = 0.18818380743982496
loss = 0.4841689348220825
precision = 0.2905405405405405
recall = 0.13915857605177995
