f1 = 0.8204685099846389
loss = 0.13341226068087944
precision = 0.791882876204596
recall = 0.8511952191235059
