f1 = 0.3168627450980392
loss = 0.6073893308639526
precision = 0.2992592592592593
recall = 0.33666666666666667
