f1 = 0.8024408848207475
loss = 0.14636109694838523
precision = 0.7815750371471025
recall = 0.8244514106583072
