f1 = 0.887603305785124
loss = 0.13226951770484446
precision = 0.8803278688524591
recall = 0.895
