f1 = 0.7417840375586855
loss = 0.22018447890877724
precision = 0.6752136752136753
recall = 0.8229166666666666
