f1 = 0.10982211910286156
loss = 0.853358942270279
precision = 0.10245310245310245
recall = 0.11833333333333333
