f1 = 0.42995618111804546
loss = 0.4237496769603561
precision = 0.6447630426125049
recall = 0.32250996015936256
