f1 = 0.7523809523809524
loss = 0.07013535648584365
precision = 0.7821782178217822
recall = 0.7247706422018348
