f1 = 0.7287853577371048
loss = 0.20339765399694443
precision = 0.6996805111821086
recall = 0.7604166666666666
