f1 = 0.8770864946889226
loss = 0.11570020616054535
precision = 0.85
recall = 0.9059561128526645
