f1 = 0.8626334519572953
loss = 0.20946364253759384
precision = 0.8290013679890561
recall = 0.8991097922848664
