f1 = 0.7762845849802372
loss = 0.2484315365552902
precision = 0.758887171561051
recall = 0.7944983818770227
