f1 = 0.2681744749596123
loss = 0.3692654728889465
precision = 0.3204633204633205
recall = 0.23055555555555557
