f1 = 0.8859504132231404
loss = 0.1422850638628006
precision = 0.8786885245901639
recall = 0.8933333333333333
