f1 = 0.7086614173228347
loss = 0.29260508343577385
precision = 0.6484149855907781
recall = 0.78125
