f1 = 0.5610465116279071
loss = 0.33578263968229294
precision = 0.5361111111111111
recall = 0.5884146341463414
