f1 = 0.5079365079365079
loss = 0.08884169161319733
precision = 0.6
recall = 0.44036697247706424
