f1 = 0.6570680628272251
loss = 0.23189725279808043
precision = 0.6212871287128713
recall = 0.6972222222222222
