f1 = 0.7533632286995516
loss = 0.11550099030137062
precision = 0.7368421052631579
recall = 0.7706422018348624
