f1 = 0.02584350323043791
loss = 1.0511467576026916
precision = 0.024793388429752067
recall = 0.026986506746626688
