f1 = 0.694843779950163
loss = 0.19446453203757605
precision = 0.6695603989656447
recall = 0.7221115537848606
