f1 = 0.8081911262798634
loss = 0.22059207856655122
precision = 0.7484197218710493
recall = 0.8783382789317508
