f1 = 0.8900763358778626
loss = 0.10482993945479394
precision = 0.8675595238095238
recall = 0.9137931034482759
