f1 = 0.5502183406113537
loss = 0.140812449157238
precision = 0.525
recall = 0.5779816513761468
