f1 = 0.7643020594965675
loss = 0.19622112810611725
precision = 0.7444279346210996
recall = 0.7852664576802508
