f1 = 0.8588120740019474
loss = 0.13055391507947992
precision = 0.84
recall = 0.8784860557768924
