f1 = 0.33101851851851855
loss = 0.6951606810092926
precision = 0.7526315789473684
recall = 0.21216617210682492
