f1 = 0.929203539823009
loss = 0.08997211754322051
precision = 0.9143686502177069
recall = 0.9445277361319341
