f1 = 0.6841379310344826
loss = 0.2664793163537979
precision = 0.6391752577319587
recall = 0.7359050445103857
