f1 = 0.8736767819336626
loss = 0.18195635005831717
precision = 0.8331090174966352
recall = 0.9183976261127597
