f1 = 0.6537966537966539
loss = 0.22096768021583557
precision = 0.6091127098321343
recall = 0.7055555555555556
