f1 = 0.7551020408163265
loss = 0.2725992612540722
precision = 0.723463687150838
recall = 0.7896341463414634
