f1 = 0.4856175972927242
loss = 0.29657989740371704
precision = 0.5572815533980583
recall = 0.4302848575712144
