f1 = 0.7635869565217392
loss = 0.21927170604467391
precision = 0.7473404255319149
recall = 0.7805555555555556
