f1 = 0.8071379547014413
loss = 0.19735855162143706
precision = 0.7509578544061303
recall = 0.8724035608308606
