f1 = 0.6274509803921569
loss = 0.08345125988125801
precision = 0.6736842105263158
recall = 0.5871559633027523
