f1 = 0.4366197183098592
loss = 0.6278703808784485
precision = 0.7126436781609196
recall = 0.3147208121827411
