f1 = 0.002797202797202797
loss = 1.2866611927747726
precision = 0.002583979328165375
recall = 0.003048780487804878
