f1 = 0.7148347425057647
loss = 0.24104769825935363
precision = 0.6808199121522694
recall = 0.7524271844660194
