f1 = 0.8670021567217829
loss = 0.21883702278137207
precision = 0.8410041841004184
recall = 0.8946587537091988
