f1 = 0.029850746268656712
loss = 0.8171590566635132
precision = 0.75
recall = 0.015228426395939087
