f1 = 0.3866382373845061
loss = 0.478617662191391
precision = 0.3675675675675676
recall = 0.4077961019490255
