f1 = 0.021551724137931032
loss = 1.0044208645820618
precision = 0.020689655172413793
recall = 0.022488755622188907
