f1 = 0.5065963060686016
loss = 0.5077668130397797
precision = 0.5274725274725275
recall = 0.4873096446700508
