f1 = 0.9314364750049398
loss = 0.07434033355835423
precision = 0.9239513916111329
recall = 0.9390438247011952
