f1 = 0.6934673366834171
loss = 0.27520233020186424
precision = 0.6699029126213593
recall = 0.71875
