f1 = 0.32207792207792213
loss = 0.6296281814575195
precision = 0.6391752577319587
recall = 0.2152777777777778
