f1 = 0.19409282700421943
loss = 0.4546913206577301
precision = 0.6216216216216216
recall = 0.115
