f1 = 0.9197299324831208
loss = 0.10395211726427078
precision = 0.9204204204204204
recall = 0.9190404797601199
