f1 = 0.7536656891495601
loss = 0.32360997796058655
precision = 0.7259887005649718
recall = 0.7835365853658537
