f1 = 0.8608169440242057
loss = 0.13474724143743516
precision = 0.8318713450292398
recall = 0.8918495297805643
