f1 = 0.47814910025706947
loss = 0.5035964250564575
precision = 0.484375
recall = 0.4720812182741117
