f1 = 0.017094017094017096
loss = 0.2722730115056038
precision = 0.016
recall = 0.01834862385321101
