f1 = 0.5461741424802111
loss = 0.2398214101791382
precision = 0.5201005025125628
recall = 0.575
