f1 = 0.7441860465116279
loss = 0.1163109827786684
precision = 0.7547169811320755
recall = 0.7339449541284404
