f1 = 0.5502183406113538
loss = 0.5221421122550964
precision = 0.9064748201438849
recall = 0.3949843260188088
