f1 = 0.8803680981595092
loss = 0.12096757143735885
precision = 0.8618618618618619
recall = 0.8996865203761756
