f1 = 0.8161648177496038
loss = 0.26832413375377656
precision = 0.7996894409937888
recall = 0.8333333333333334
