f1 = 0.8887293610911703
loss = 0.16372095197439193
precision = 0.8609179415855355
recall = 0.9183976261127597
