f1 = 0.7708333333333334
loss = 0.2872040905058384
precision = 0.752906976744186
recall = 0.7896341463414634
