f1 = 0.3980582524271845
loss = 0.10316672325134277
precision = 0.422680412371134
recall = 0.3761467889908257
