f1 = 0.6770538243626062
loss = 0.34039168804883957
precision = 0.6322751322751323
recall = 0.7286585365853658
