f1 = 0.03475513428120063
loss = 1.056397259235382
precision = 0.03303303303303303
recall = 0.03666666666666667
