f1 = 0.670360110803324
loss = 0.42674289643764496
precision = 0.7378048780487805
recall = 0.6142131979695431
