f1 = 0.6666666666666666
loss = 0.5131500214338303
precision = 0.702247191011236
recall = 0.6345177664974619
