f1 = 0.7485714285714286
loss = 0.29601876735687255
precision = 0.8733333333333333
recall = 0.655
