f1 = 0.6467661691542288
loss = 0.5023537129163742
precision = 0.6341463414634146
recall = 0.6598984771573604
