f1 = 0.689763779527559
loss = 0.28973784670233727
precision = 0.6311239193083573
recall = 0.7604166666666666
