f1 = 0.5045592705167173
loss = 0.4912995398044586
precision = 0.6287878787878788
recall = 0.4213197969543147
