f1 = 0.7821380243572396
loss = 0.2335197553038597
precision = 0.762532981530343
recall = 0.8027777777777778
