f1 = 0.8370253164556961
loss = 0.23760413974523545
precision = 0.8188854489164087
recall = 0.8559870550161812
