f1 = 0.5710059171597632
loss = 0.2745296210050583
precision = 0.5545977011494253
recall = 0.5884146341463414
