f1 = 0.906158357771261
loss = 0.10871231555938721
precision = 0.8866571018651362
recall = 0.9265367316341829
