f1 = 0.42244224422442245
loss = 0.8064534962177277
precision = 0.6037735849056604
recall = 0.3248730964467005
