f1 = 0.8787878787878787
loss = 0.1363065019249916
precision = 0.847009735744089
recall = 0.9130434782608695
