f1 = 0.11520000000000002
loss = 0.9156728106386521
precision = 0.5355371900826447
recall = 0.06454183266932272
