f1 = 0.6607142857142857
loss = 0.08710524141788482
precision = 0.6434782608695652
recall = 0.6788990825688074
