f1 = 0.6912442396313365
loss = 0.2554548792541027
precision = 0.6198347107438017
recall = 0.78125
