f1 = 0.5380434782608695
loss = 0.47782592475414276
precision = 0.5789473684210527
recall = 0.5025380710659898
