f1 = 0.7948717948717948
loss = 0.2536142483353615
precision = 0.8740601503759399
recall = 0.7288401253918495
