f1 = 0.627185924257054
loss = 0.2406666920173402
precision = 0.6796093931643804
recall = 0.5822709163346613
