f1 = 0.8379722721981162
loss = 0.17907043173909187
precision = 0.8938812372996162
recall = 0.7886454183266932
