f1 = 0.8407272727272728
loss = 0.19152458086609842
precision = 0.8245363766048502
recall = 0.857566765578635
