f1 = 0.08819133034379671
loss = 0.7949146270751953
precision = 0.08428571428571428
recall = 0.09247648902821316
