f1 = 0.4591836734693878
loss = 0.44823750853538513
precision = 0.46153846153846156
recall = 0.45685279187817257
