f1 = 0.7543624161073825
loss = 0.23221222758293153
precision = 0.7298701298701299
recall = 0.7805555555555556
