f1 = 0.40409956076134707
loss = 0.4194518387317657
precision = 0.3689839572192513
recall = 0.44660194174757284
