f1 = 0.41956241956241963
loss = 0.31707271933555603
precision = 0.3908872901678657
recall = 0.4527777777777778
