f1 = 0.3728343728343728
loss = 0.5153772890567779
precision = 0.34980494148244473
recall = 0.3991097922848665
