f1 = 0.8344179320318148
loss = 0.1685403272509575
precision = 0.8138222849083215
recall = 0.8560830860534124
