f1 = 0.9081967213114753
loss = 0.09542479179799557
precision = 0.8935483870967742
recall = 0.9233333333333333
