f1 = 0.03354632587859425
loss = 1.2246468305587768
precision = 0.032208588957055216
recall = 0.035
