f1 = 0.04117181314330958
loss = 1.045470118522644
precision = 0.0392156862745098
recall = 0.043333333333333335
