f1 = 0.4684065934065934
loss = 0.35511351823806764
precision = 0.4360613810741688
recall = 0.5059347181008902
