f1 = 0.09667673716012085
loss = 1.5057199954986573
precision = 0.7272727272727273
recall = 0.05177993527508091
