f1 = 0.9220586782574336
loss = 0.09195860079461116
precision = 0.9145600627082109
recall = 0.9296812749003984
