f1 = 0.9102880658436213
loss = 0.09499361589550973
precision = 0.8991869918699187
recall = 0.9216666666666666
