f1 = 0.5975261655566128
loss = 0.3120165020227432
precision = 0.8328912466843501
recall = 0.4658753709198813
