f1 = 0.903225806451613
loss = 0.09353155717253685
precision = 0.8855421686746988
recall = 0.9216300940438872
