f1 = 0.6096774193548387
loss = 0.3640254318714142
precision = 0.590625
recall = 0.63
