f1 = 0.6270783847980997
loss = 0.33593055307865144
precision = 0.5972850678733032
recall = 0.66
