f1 = 0.9136676499508358
loss = 0.08817112232574408
precision = 0.9021359223300971
recall = 0.9254980079681275
