f1 = 0.2668759811616954
loss = 0.6530646562576294
precision = 0.2522255192878338
recall = 0.2833333333333333
