f1 = 0.8790896159317213
loss = 0.2178605914115906
precision = 0.8442622950819673
recall = 0.9169139465875371
