f1 = 0.8338709677419354
loss = 0.17476836070418358
precision = 0.8588039867109635
recall = 0.8103448275862069
