f1 = 0.4588364434687157
loss = 0.5453395783901215
precision = 0.8565573770491803
recall = 0.31334332833583206
