f1 = 0.056818181818181816
loss = 0.6059871315956116
precision = 0.23255813953488372
recall = 0.032362459546925564
