f1 = 0.04488778054862842
loss = 0.7838803827762604
precision = 0.04411764705882353
recall = 0.04568527918781726
