f1 = 0.7284768211920529
loss = 0.23486009240150452
precision = 0.6962025316455697
recall = 0.7638888888888888
