f1 = 0.9002473206924979
loss = 0.14135872274637223
precision = 0.8907014681892332
recall = 0.91
