f1 = 0.8009223674096848
loss = 0.12307096868753434
precision = 0.7858220211161387
recall = 0.8166144200626959
