f1 = 0.7702060221870048
loss = 0.21942825615406036
precision = 0.7084548104956269
recall = 0.84375
