f1 = 0.6355140186915887
loss = 0.09528586901724338
precision = 0.6476190476190476
recall = 0.6238532110091743
