f1 = 0.5889046941678521
loss = 0.3501858599483967
precision = 0.552
recall = 0.6310975609756098
