f1 = 0.7062228654124458
loss = 0.33149833232164383
precision = 0.6721763085399449
recall = 0.7439024390243902
