f1 = 0.7668593448940269
loss = 0.1554484338517867
precision = 0.7425373134328358
recall = 0.7928286852589641
