f1 = 0.71107544141252
loss = 0.27251756340265276
precision = 0.6857585139318886
recall = 0.7383333333333333
