f1 = 0.7595628415300546
loss = 0.23815682977437974
precision = 0.7473118279569892
recall = 0.7722222222222223
