f1 = 0.2901960784313726
loss = 1.014781653881073
precision = 0.6379310344827587
recall = 0.18781725888324874
