f1 = 0.6489361702127658
loss = 0.4728417694568634
precision = 0.6815642458100558
recall = 0.6192893401015228
