f1 = 0.6833855799373041
loss = 0.32121455296874046
precision = 0.6228571428571429
recall = 0.7569444444444444
