f1 = 0.9208301306687164
loss = 0.08047736436128616
precision = 0.9034690799396682
recall = 0.9388714733542319
