f1 = 0.10063784549964565
loss = 0.8399468779563903
precision = 0.09543010752688172
recall = 0.10644677661169415
