f1 = 0.43612903225806454
loss = 0.39582771360874175
precision = 0.4072289156626506
recall = 0.46944444444444444
