f1 = 0.8739376770538243
loss = 0.13733715265989305
precision = 0.8360433604336044
recall = 0.9154302670623146
