f1 = 0.9292929292929294
loss = 0.07942469492554664
precision = 0.9214175654853621
recall = 0.9373040752351097
