f1 = 0.6909667194928686
loss = 0.2594976983964443
precision = 0.6355685131195336
recall = 0.7569444444444444
