f1 = 0.7149825783972126
loss = 0.20165082290768624
precision = 0.6741130091984231
recall = 0.7611275964391692
