f1 = 0.8156082631981636
loss = 0.14596742317080497
precision = 0.796711509715994
recall = 0.835423197492163
