f1 = 0.743362831858407
loss = 0.2211686670780182
precision = 0.7581227436823105
recall = 0.7291666666666666
