f1 = 0.6852713178294574
loss = 0.2529749609529972
precision = 0.6190476190476191
recall = 0.7673611111111112
