f1 = 0.5530303030303031
loss = 0.3159616768360138
precision = 0.5351906158357771
recall = 0.5721003134796239
