f1 = 0.42788717402873866
loss = 0.3973059274402319
precision = 0.6442307692307693
recall = 0.3203187250996016
