f1 = 0.8715003589375449
loss = 0.20464672148227692
precision = 0.8442280945757997
recall = 0.900593471810089
