f1 = 0.10977242302543506
loss = 0.9218656241893768
precision = 0.5616438356164384
recall = 0.06083086053412463
