f1 = 0.33103448275862074
loss = 0.17622642070055008
precision = 0.6666666666666666
recall = 0.22018348623853212
