f1 = 0.34146341463414637
loss = 0.6491972804069519
precision = 0.36627906976744184
recall = 0.3197969543147208
