f1 = 0.8608507570295602
loss = 0.2048516243696213
precision = 0.8373071528751753
recall = 0.8857566765578635
