f1 = 0.6577540106951872
loss = 0.39235302805900574
precision = 0.6949152542372882
recall = 0.6243654822335025
