f1 = 0.015037593984962407
loss = 0.7739498913288116
precision = 0.013262599469496022
recall = 0.017361111111111112
