f1 = 0.696035242290749
loss = 0.09063296020030975
precision = 0.6694915254237288
recall = 0.7247706422018348
