f1 = 0.7219512195121952
loss = 0.30164527893066406
precision = 0.6788990825688074
recall = 0.7708333333333334
