f1 = 0.0625
loss = 0.45939115434885025
precision = 0.3125
recall = 0.034722222222222224
