f1 = 0.6195652173913042
loss = 0.48170213401317596
precision = 0.6666666666666666
recall = 0.5786802030456852
