f1 = 0.5427350427350428
loss = 0.340329185128212
precision = 0.7055555555555556
recall = 0.4409722222222222
