f1 = 0.5888888888888889
loss = 0.12610818520188333
precision = 0.7464788732394366
recall = 0.48623853211009177
