f1 = 0.5876010781671158
loss = 0.4109240025281906
precision = 0.6264367816091954
recall = 0.5532994923857868
