f1 = 0.7291021671826626
loss = 0.250178787112236
precision = 0.6988130563798219
recall = 0.7621359223300971
