f1 = 0.0547945205479452
loss = 0.828499948978424
precision = 0.04966139954853273
recall = 0.06111111111111111
