f1 = 0.41725490196078435
loss = 0.39414355158805847
precision = 0.3940740740740741
recall = 0.44333333333333336
