f1 = 0.34579439252336447
loss = 0.7148333311080932
precision = 0.8131868131868132
recall = 0.2195845697329377
