f1 = 0.43689320388349506
loss = 0.4184372663497925
precision = 0.6320224719101124
recall = 0.33382789317507416
