f1 = 0.11736304549675024
loss = 1.4968812062459833
precision = 0.8657534246575342
recall = 0.06294820717131475
