f1 = 0.9133627019089573
loss = 0.07659413255751132
precision = 0.8949640287769784
recall = 0.9325337331334332
