f1 = 0.21052631578947367
loss = 0.53721022605896
precision = 0.3409090909090909
recall = 0.15228426395939088
