f1 = 0.8872427983539094
loss = 0.10480122938752175
precision = 0.8764227642276423
recall = 0.8983333333333333
