f1 = 0.3037974683544304
loss = 0.14664172530174255
precision = 0.28125
recall = 0.3302752293577982
