f1 = 0.6201201201201202
loss = 0.27631238102912903
precision = 0.5784313725490197
recall = 0.6682847896440129
