f1 = 0.7553648068669528
loss = 0.0793549284338951
precision = 0.7096774193548387
recall = 0.8073394495412844
