f1 = 0.14065934065934066
loss = 0.9942750453948974
precision = 0.13204951856946354
recall = 0.15047021943573669
