f1 = 0.04338070306656694
loss = 1.0627246499061584
precision = 0.04033379694019471
recall = 0.04692556634304207
