f1 = 0.9009146341463415
loss = 0.08928811550140381
precision = 0.8768545994065282
recall = 0.9263322884012539
