f1 = 0.062367115520907165
loss = 0.9044756054878235
precision = 0.05913978494623656
recall = 0.06596701649175413
