f1 = 0.9257898603967671
loss = 0.07717283777892589
precision = 0.9077809798270894
recall = 0.9445277361319341
