f1 = 0.7301587301587302
loss = 0.29962318018078804
precision = 0.6931506849315069
recall = 0.7713414634146342
