f1 = 0.24619640387275243
loss = 0.517403382062912
precision = 0.23056994818652848
recall = 0.26409495548961426
