f1 = 0.7185915223423596
loss = 0.18142536048795663
precision = 0.6914012152458111
recall = 0.74800796812749
