f1 = 0.2863099374565671
loss = 0.4242030918598175
precision = 0.269281045751634
recall = 0.3056379821958457
