f1 = 0.18260869565217389
loss = 1.0598910450935364
precision = 0.6363636363636364
recall = 0.1065989847715736
