f1 = 0.6454767726161368
loss = 0.30970791578292844
precision = 0.7160940325497287
recall = 0.5875370919881305
