f1 = 0.1528861154446178
loss = 0.6868443548679352
precision = 0.1436950146627566
recall = 0.16333333333333333
