f1 = 0.2929782082324455
loss = 0.7782621741294861
precision = 0.7610062893081762
recall = 0.18140929535232383
