f1 = 0.6677215189873418
loss = 0.3365390822291374
precision = 0.6133720930232558
recall = 0.7326388888888888
