f1 = 0.869205298013245
loss = 0.154794629663229
precision = 0.8634868421052632
recall = 0.875
