f1 = 0.4291666666666667
loss = 0.7766851708292961
precision = 0.6776315789473685
recall = 0.31402439024390244
