f1 = 0.4909090909090909
loss = 0.10843884907662868
precision = 0.4864864864864865
recall = 0.4954128440366973
