f1 = 0.9109639440765268
loss = 0.10404973104596138
precision = 0.8945086705202312
recall = 0.9280359820089955
