f1 = 0.09411764705882353
loss = 0.6770184189081192
precision = 0.08163265306122448
recall = 0.1111111111111111
