f1 = 0.8359434682964094
loss = 0.1265592213432469
precision = 0.8028246515040353
recall = 0.8719123505976095
