f1 = 0.2525597269624574
loss = 0.4356459707021713
precision = 0.23388116308470291
recall = 0.2744807121661721
