f1 = 0.7901907356948229
loss = 0.2142658293247223
precision = 0.7754010695187166
recall = 0.8055555555555556
