f1 = 0.41904761904761906
loss = 0.6156338155269623
precision = 0.8712871287128713
recall = 0.27586206896551724
