f1 = 0.9284064665127021
loss = 0.07772655710577965
precision = 0.9122541603630863
recall = 0.945141065830721
