f1 = 0.29559748427672955
loss = 0.37142932415008545
precision = 0.27011494252873564
recall = 0.3263888888888889
