f1 = 0.40100882723833536
loss = 0.38409183621406556
precision = 0.3672055427251732
recall = 0.44166666666666665
