f1 = 0.585924713584288
loss = 0.32606978714466095
precision = 0.5541795665634675
recall = 0.6215277777777778
