f1 = 0.6917057902973396
loss = 0.2974545918405056
precision = 0.6296296296296297
recall = 0.7673611111111112
