f1 = 0.5223214285714287
loss = 0.6408606886863708
precision = 0.7905405405405406
recall = 0.39
