f1 = 0.37499999999999994
loss = 0.5415190160274506
precision = 0.40350877192982454
recall = 0.350253807106599
