f1 = 0.6717171717171717
loss = 0.244248628616333
precision = 0.6157407407407407
recall = 0.7388888888888889
