f1 = 0.21399176954732507
loss = 0.8306484222412109
precision = 0.5652173913043478
recall = 0.1319796954314721
