f1 = 0.8460987831066571
loss = 0.14972122833132745
precision = 0.8095890410958904
recall = 0.8860569715142429
