f1 = 0.8109339407744874
loss = 0.21881283521652223
precision = 0.8304821150855366
recall = 0.7922848664688428
