f1 = 0.0375
loss = 0.7822240948677063
precision = 0.03409090909090909
recall = 0.041666666666666664
