f1 = 0.7789757412398922
loss = 0.1908365771174431
precision = 0.756544502617801
recall = 0.8027777777777778
