f1 = 0.6051779935275081
loss = 0.24980875104665756
precision = 0.5666666666666667
recall = 0.6493055555555556
