f1 = 0.8662952646239555
loss = 0.21803797632455826
precision = 0.8162729658792651
recall = 0.9228486646884273
