f1 = 0.032183908045977004
loss = 1.2033667802810668
precision = 0.03056768558951965
recall = 0.03398058252427184
