f1 = 0.6627479794268919
loss = 0.20518840253353118
precision = 0.623789764868603
recall = 0.7068965517241379
