f1 = 0.7390029325513197
loss = 0.2661837562918663
precision = 0.711864406779661
recall = 0.7682926829268293
