f1 = 0.8833570412517782
loss = 0.16807132065296174
precision = 0.8483606557377049
recall = 0.9213649851632048
