f1 = 0.8917486752460259
loss = 0.08657480552792549
precision = 0.862371888726208
recall = 0.9231974921630094
