f1 = 0.25499231950844853
loss = 0.5616040527820587
precision = 0.22865013774104684
recall = 0.2881944444444444
