f1 = 0.2575107296137339
loss = 0.14804162606596946
precision = 0.24193548387096775
recall = 0.27522935779816515
