f1 = 0.2065378900445765
loss = 0.6824729323387146
precision = 0.1963276836158192
recall = 0.21786833855799373
