f1 = 0.7748031496062993
loss = 0.19422087259590626
precision = 0.7089337175792507
recall = 0.8541666666666666
