f1 = 0.05188679245283019
loss = 0.6978931427001953
precision = 0.048458149779735685
recall = 0.05583756345177665
