f1 = 0.6323751891074131
loss = 0.3063625320792198
precision = 0.5603217158176944
recall = 0.7256944444444444
