f1 = 0.16593886462882096
loss = 0.18654582947492598
precision = 0.15833333333333333
recall = 0.1743119266055046
