f1 = 0.8232118758434548
loss = 0.17796049416065216
precision = 0.800524934383202
recall = 0.8472222222222222
