f1 = 0.3257142857142857
loss = 0.5648444294929504
precision = 0.37254901960784315
recall = 0.2893401015228426
