f1 = 0.029069767441860465
loss = 1.2522225499153137
precision = 0.7142857142857143
recall = 0.01483679525222552
