f1 = 0.5283018867924528
loss = 0.5598967969417572
precision = 0.693069306930693
recall = 0.4268292682926829
