f1 = 0.6773162939297124
loss = 0.26257726922631264
precision = 0.6272189349112426
recall = 0.7361111111111112
