f1 = 0.622107969151671
loss = 0.4936591535806656
precision = 0.6302083333333334
recall = 0.6142131979695431
