f1 = 0.17886178861788618
loss = 0.2488031044602394
precision = 0.7857142857142857
recall = 0.10091743119266056
