f1 = 0.8404907975460123
loss = 0.14796908646821977
precision = 0.8228228228228228
recall = 0.8589341692789969
