f1 = 0.783422459893048
loss = 0.1923936352133751
precision = 0.7551546391752577
recall = 0.8138888888888889
