f1 = 0.5830721003134797
loss = 0.27251601964235306
precision = 0.5314285714285715
recall = 0.6458333333333334
