f1 = 0.8725701943844492
loss = 0.19406909197568895
precision = 0.8475524475524475
recall = 0.8991097922848664
