f1 = 0.8790731354091238
loss = 0.1411782383918762
precision = 0.8501400560224089
recall = 0.9100449775112444
