f1 = 0.4288990825688073
loss = 0.7033829689025879
precision = 0.7991452991452992
recall = 0.29310344827586204
