f1 = 0.16941852117731512
loss = 0.7565466284751892
precision = 0.15225806451612903
recall = 0.19093851132686085
