f1 = 0.7107913669064748
loss = 0.24013769179582595
precision = 0.7373134328358208
recall = 0.6861111111111111
