f1 = 0.4967602591792657
loss = 0.5208647847175598
precision = 0.9126984126984127
recall = 0.34124629080118696
