f1 = 0.6695402298850575
loss = 0.3045273646712303
precision = 0.6331521739130435
recall = 0.7103658536585366
