f1 = 0.5780346820809249
loss = 0.117689448595047
precision = 0.78125
recall = 0.45871559633027525
