f1 = 0.7871170463472114
loss = 0.26699610352516173
precision = 0.7648854961832061
recall = 0.8106796116504854
