f1 = 0.5596465390279822
loss = 0.29247201383113863
precision = 0.5135135135135135
recall = 0.6148867313915858
