f1 = 0.9104354971240756
loss = 0.08856737986207008
precision = 0.8978930307941653
recall = 0.9233333333333333
