f1 = 0.8470926058865758
loss = 0.1681230217218399
precision = 0.8205841446453408
recall = 0.8753709198813057
