f1 = 0.26539058458354886
loss = 0.5227165260151321
precision = 0.37831858407079644
recall = 0.2043824701195219
