f1 = 0.9156272927366105
loss = 0.0909542728215456
precision = 0.896551724137931
recall = 0.9355322338830585
