f1 = 0.31906614785992216
loss = 0.4916422367095947
precision = 0.29927007299270075
recall = 0.3416666666666667
