f1 = 0.7894315452361889
loss = 0.2679440498352051
precision = 0.7812995245641838
recall = 0.7977346278317152
