f1 = 0.8561928512053201
loss = 0.15697240456938744
precision = 0.8540630182421227
recall = 0.8583333333333333
