f1 = 0.5865102639296188
loss = 0.4561883807182312
precision = 0.6944444444444444
recall = 0.5076142131979695
