f1 = 0.7685589519650654
loss = 0.0988435059785843
precision = 0.7333333333333333
recall = 0.8073394495412844
