f1 = 0.743119266055046
loss = 0.0968613788485527
precision = 0.7431192660550459
recall = 0.7431192660550459
