f1 = 0.8492569002123143
loss = 0.20659210234880448
precision = 0.8119079837618404
recall = 0.8902077151335311
