f1 = 0.5799701046337817
loss = 0.21472734212875366
precision = 0.5091863517060368
recall = 0.6736111111111112
