f1 = 0.9199009083402148
loss = 0.0987112395465374
precision = 0.911620294599018
recall = 0.9283333333333333
