f1 = 0.11662198391420912
loss = 0.49311816692352295
precision = 0.10635696821515893
recall = 0.129080118694362
