f1 = 0.7
loss = 0.08177440837025643
precision = 0.6936936936936937
recall = 0.7064220183486238
