f1 = 0.7308319738988581
loss = 0.2703421600162983
precision = 0.6892307692307692
recall = 0.7777777777777778
