f1 = 0.10231381055676067
loss = 1.0273762614119286
precision = 0.552734375
recall = 0.056374501992031874
