f1 = 0.9041310960651556
loss = 0.09117043906578556
precision = 0.8909301875846065
recall = 0.9177290836653387
