f1 = 0.7428571428571429
loss = 0.09381853267550469
precision = 0.7722772277227723
recall = 0.7155963302752294
