f1 = 0.8
loss = 0.21837034225463867
precision = 0.7408343868520859
recall = 0.8694362017804155
