f1 = 0.4505327245053272
loss = 0.3953235387802124
precision = 0.41456582633053224
recall = 0.49333333333333335
