f1 = 0.6727272727272727
loss = 0.08541028350591659
precision = 0.6666666666666666
recall = 0.6788990825688074
