f1 = 0.6461538461538462
loss = 0.2555215895175934
precision = 0.7241379310344828
recall = 0.5833333333333334
