f1 = 0.5425361155698235
loss = 0.2670237831771374
precision = 0.5044776119402985
recall = 0.5868055555555556
