f1 = 0.8512396694214875
loss = 0.17782094180583954
precision = 0.9003496503496503
recall = 0.8072100313479624
