f1 = 0.4610951008645533
loss = 0.47492656111717224
precision = 0.5333333333333333
recall = 0.40609137055837563
