f1 = 0.4756252649427724
loss = 0.34538769488241156
precision = 0.5081521739130435
recall = 0.4470119521912351
