f1 = 0.4732824427480916
loss = 0.46466463804244995
precision = 0.4744897959183674
recall = 0.4720812182741117
