f1 = 0.8918249380677127
loss = 0.09514763094484806
precision = 0.88379705400982
recall = 0.9
