f1 = 0.7154255319148937
loss = 0.22501788139343262
precision = 0.6862244897959183
recall = 0.7472222222222222
