f1 = 0.787716955941255
loss = 0.19229651391506195
precision = 0.7583547557840618
recall = 0.8194444444444444
