f1 = 0.07920792079207921
loss = 1.043517827987671
precision = 0.07729468599033816
recall = 0.08121827411167512
