f1 = 0.8149350649350648
loss = 0.19027840495109558
precision = 0.8175895765472313
recall = 0.8122977346278317
