f1 = 0.011922503725782414
loss = 0.3948196291923523
precision = 1.0
recall = 0.005997001499250375
