f1 = 0.9212962962962963
loss = 0.08043931424617767
precision = 0.9072948328267477
recall = 0.9357366771159875
