f1 = 0.7981220657276996
loss = 0.07796927317976951
precision = 0.8173076923076923
recall = 0.7798165137614679
