f1 = 0.022253129346314328
loss = 1.047286182641983
precision = 0.020460358056265986
recall = 0.024390243902439025
