f1 = 0.050808314087759814
loss = 0.7224978506565094
precision = 0.046610169491525424
recall = 0.05583756345177665
