f1 = 0.8963545389563974
loss = 0.17739898711442947
precision = 0.8648275862068966
recall = 0.93026706231454
