f1 = 0.029577464788732393
loss = 1.0704163551330566
precision = 0.026184538653366583
recall = 0.03398058252427184
