f1 = 0.7649402390438247
loss = 0.1881977379322052
precision = 0.732824427480916
recall = 0.8
