f1 = 0.8186274509803922
loss = 0.12296526730060578
precision = 0.8028846153846154
recall = 0.835
