f1 = 0.8219607843137253
loss = 0.19756795167922975
precision = 0.7975646879756468
recall = 0.8478964401294499
