f1 = 0.7284552845528455
loss = 0.324138093739748
precision = 0.6850152905198776
recall = 0.7777777777777778
