f1 = 0.051649928263988516
loss = 1.1444053649902344
precision = 0.782608695652174
recall = 0.026706231454005934
