f1 = 0.36994219653179194
loss = 0.6778769254684448
precision = 0.837696335078534
recall = 0.23738872403560832
