f1 = 0.9116432700247729
loss = 0.09923928529024124
precision = 0.9034369885433715
recall = 0.92
