f1 = 0.7857142857142858
loss = 0.10277020931243896
precision = 0.7652173913043478
recall = 0.8073394495412844
