f1 = 0.3176064441887227
loss = 0.7442775189876556
precision = 0.7076923076923077
recall = 0.20474777448071216
