f1 = 0.4328223624887286
loss = 0.3169092983007431
precision = 0.5517241379310345
recall = 0.3560830860534125
