f1 = 0.31430689399555223
loss = 0.3446590334177017
precision = 0.2981715893108298
recall = 0.3322884012539185
