f1 = 0.7375201288244767
loss = 0.2715471610426903
precision = 0.6876876876876877
recall = 0.7951388888888888
