f1 = 0.12250332889480692
loss = 0.8202633619308471
precision = 0.5974025974025974
recall = 0.06824925816023739
