f1 = 0.699468085106383
loss = 0.24697941541671753
precision = 0.6709183673469388
recall = 0.7305555555555555
