f1 = 0.7264437689969605
loss = 0.15957556962966918
precision = 0.7050147492625368
recall = 0.7492163009404389
