f1 = 0.6454545454545454
loss = 0.10373217910528183
precision = 0.6396396396396397
recall = 0.6513761467889908
