f1 = 0.7265973254086181
loss = 0.2109384924173355
precision = 0.7276785714285714
recall = 0.7255192878338279
