f1 = 0.18983162759986794
loss = 0.9183117326568154
precision = 0.5539499036608864
recall = 0.1145418326693227
