f1 = 0.8973509933774835
loss = 0.13116268888115884
precision = 0.8914473684210527
recall = 0.9033333333333333
