f1 = 0.29118773946360155
loss = 0.8778991341590882
precision = 0.6909090909090909
recall = 0.18446601941747573
