f1 = 0.031176929072486363
loss = 1.2404767394065856
precision = 0.029282576866764276
recall = 0.03333333333333333
