f1 = 0.4332493702770781
loss = 0.4746948480606079
precision = 0.43
recall = 0.4365482233502538
