f1 = 0.8592702903946389
loss = 0.11393488198518753
precision = 0.8184397163120567
recall = 0.9043887147335423
