f1 = 0.7136563876651982
loss = 0.3247879147529602
precision = 0.6883852691218131
recall = 0.7408536585365854
