f1 = 0.6642335766423356
loss = 0.24823410511016847
precision = 0.6050531914893617
recall = 0.7362459546925566
