f1 = 0.8994627782041443
loss = 0.08610672652721404
precision = 0.881203007518797
recall = 0.9184952978056427
