f1 = 0.7505863956215794
loss = 0.2692567706108093
precision = 0.7261724659606656
recall = 0.7766990291262136
