f1 = 0.9204712812960235
loss = 0.0897623673081398
precision = 0.9044862518089725
recall = 0.9370314842578711
