f1 = 0.9126925898752751
loss = 0.08172438219189644
precision = 0.8936781609195402
recall = 0.9325337331334332
