f1 = 0.6477093206951027
loss = 0.2844172939658165
precision = 0.5942028985507246
recall = 0.7118055555555556
