f1 = 0.5698924731182796
loss = 0.4214301109313965
precision = 0.6057142857142858
recall = 0.5380710659898477
