f1 = 0.07152682255845944
loss = 0.8873816847801208
precision = 0.06666666666666667
recall = 0.0771513353115727
