f1 = 0.0327455919395466
loss = 0.8233618855476379
precision = 0.029953917050691243
recall = 0.03611111111111111
