f1 = 0.6359447004608294
loss = 0.24762163311243057
precision = 0.5702479338842975
recall = 0.71875
