f1 = 0.7639836289222374
loss = 0.21719538420438766
precision = 0.7506702412868632
recall = 0.7777777777777778
