f1 = 0.6627865542225918
loss = 0.364442668270831
precision = 0.8208296557811121
recall = 0.5557768924302788
