f1 = 0.46322378716744916
loss = 0.295163381844759
precision = 0.42165242165242167
recall = 0.5138888888888888
