f1 = 0.24645257654966396
loss = 0.6200032472610474
precision = 0.23537803138373753
recall = 0.25862068965517243
