f1 = 0.7656765676567657
loss = 0.21997832059860228
precision = 0.862453531598513
recall = 0.6884272997032641
