f1 = 0.8723559445660102
loss = 0.15190507024526595
precision = 0.8494318181818182
recall = 0.896551724137931
