f1 = 0.3235294117647059
loss = 0.20455793887376786
precision = 0.8148148148148148
recall = 0.2018348623853211
