f1 = 0.1484480431848853
loss = 0.973498797416687
precision = 0.8208955223880597
recall = 0.08160237388724036
