f1 = 0.9193798449612404
loss = 0.0782672069966793
precision = 0.9095092024539877
recall = 0.9294670846394985
