f1 = 0.03927068723702665
loss = 0.7719203472137451
precision = 0.03689064558629776
recall = 0.041979010494752625
