f1 = 0.7710843373493976
loss = 0.12585228383541108
precision = 0.7420289855072464
recall = 0.8025078369905956
