f1 = 0.8046181172291297
loss = 0.2223132312297821
precision = 0.8612167300380228
recall = 0.755
