f1 = 0.7223113964686999
loss = 0.24905353412032127
precision = 0.6716417910447762
recall = 0.78125
