f1 = 0.8435374149659864
loss = 0.13374548107385636
precision = 0.8145985401459854
recall = 0.8746081504702194
