f1 = 0.8811728395061728
loss = 0.10668272078037262
precision = 0.8677811550151976
recall = 0.8949843260188087
