f1 = 0.42222222222222217
loss = 0.5101845264434814
precision = 0.4662576687116564
recall = 0.38578680203045684
