f1 = 0.33260393873085337
loss = 0.8361840173602104
precision = 0.5891472868217055
recall = 0.23170731707317074
