f1 = 0.7391304347826086
loss = 0.09274930208921432
precision = 0.7024793388429752
recall = 0.7798165137614679
