f1 = 0.56797583081571
loss = 0.48200391232967377
precision = 0.7014925373134329
recall = 0.47715736040609136
