f1 = 0.8466666666666668
loss = 0.19993927478790283
precision = 0.9039145907473309
recall = 0.7962382445141066
