f1 = 0.9021084337349398
loss = 0.10163065940141677
precision = 0.9062027231467473
recall = 0.8980509745127436
