f1 = 0.3005050505050505
loss = 0.7977920770645142
precision = 0.6839080459770115
recall = 0.1925566343042071
