f1 = 0.5027624309392266
loss = 0.3560069501399994
precision = 0.4702842377260982
recall = 0.5400593471810089
