f1 = 0.9119601328903655
loss = 0.09955940153449774
precision = 0.9089403973509934
recall = 0.915
