f1 = 0.017241379310344827
loss = 0.2643037006258965
precision = 0.016260162601626018
recall = 0.01834862385321101
