f1 = 0.3062645011600928
loss = 0.8613903373479843
precision = 0.6407766990291263
recall = 0.20121951219512196
