f1 = 0.6208425720620843
loss = 0.2924922615289688
precision = 0.5714285714285714
recall = 0.6796116504854369
