f1 = 0.6697247706422018
loss = 0.12035721763968468
precision = 0.6697247706422018
recall = 0.6697247706422018
