f1 = 0.8277027027027026
loss = 0.20626006349921228
precision = 0.8974358974358975
recall = 0.768025078369906
