f1 = 0.6212008895478132
loss = 0.3348647117614746
precision = 0.573187414500684
recall = 0.6779935275080906
