f1 = 0.9069767441860465
loss = 0.11396621689200401
precision = 0.8801128349788434
recall = 0.9355322338830585
