f1 = 0.888152444076222
loss = 0.13215142190456391
precision = 0.8830313014827018
recall = 0.8933333333333333
