f1 = 0.2077922077922078
loss = 0.9247954785823822
precision = 0.7058823529411765
recall = 0.1218274111675127
