f1 = 0.6763848396501457
loss = 0.31127218529582024
precision = 0.6480446927374302
recall = 0.7073170731707317
