f1 = 0.8213991769547325
loss = 0.20841671153903008
precision = 0.8113821138211382
recall = 0.8316666666666667
