f1 = 0.03170028818443805
loss = 1.293173122406006
precision = 0.55
recall = 0.016320474777448073
