f1 = 0.3963963963963964
loss = 0.12573422864079475
precision = 0.3893805309734513
recall = 0.4036697247706422
