f1 = 0.7748976807639837
loss = 0.21624646931886674
precision = 0.7613941018766756
recall = 0.7888888888888889
