f1 = 0.42365887207702896
loss = 0.42076197266578674
precision = 0.39487179487179486
recall = 0.456973293768546
