f1 = 0.8142076502732241
loss = 0.19206363558769227
precision = 0.8010752688172043
recall = 0.8277777777777777
