f1 = 0.8800000000000001
loss = 0.12321088165044784
precision = 0.9036334913112164
recall = 0.8575712143928036
