f1 = 0.7757009345794392
loss = 0.10833780094981194
precision = 0.7904761904761904
recall = 0.7614678899082569
