f1 = 0.04037685060565276
loss = 0.9306879043579102
precision = 0.03614457831325301
recall = 0.04573170731707317
