f1 = 0.8157181571815718
loss = 0.16550280526280403
precision = 0.7962962962962963
recall = 0.8361111111111111
