f1 = 0.5970744680851064
loss = 0.2166703999042511
precision = 0.5364396654719236
recall = 0.6731634182908546
