f1 = 0.876553438276719
loss = 0.15761900171637536
precision = 0.871499176276771
recall = 0.8816666666666667
