f1 = 0.423162583518931
loss = 0.723486453294754
precision = 0.8482142857142857
recall = 0.2818991097922849
