f1 = 0.8420221169036335
loss = 0.18567633256316185
precision = 0.8225308641975309
recall = 0.8624595469255664
