f1 = 0.9072327044025158
loss = 0.1012034572660923
precision = 0.9100946372239748
recall = 0.9043887147335423
