f1 = 0.05938242280285035
loss = 0.7323932528495789
precision = 0.05186721991701245
recall = 0.06944444444444445
