f1 = 0.5953002610966057
loss = 0.47458332777023315
precision = 0.6129032258064516
recall = 0.5786802030456852
