f1 = 0.40522875816993464
loss = 0.1901349663734436
precision = 0.7045454545454546
recall = 0.28440366972477066
