f1 = 0.8790383170548459
loss = 0.08339124768972397
precision = 0.8441558441558441
recall = 0.9169278996865203
