f1 = 0.5137614678899083
loss = 0.09912992678582669
precision = 0.5137614678899083
recall = 0.5137614678899083
