f1 = 0.05714285714285715
loss = 1.1485773921012878
precision = 0.46153846153846156
recall = 0.030456852791878174
