f1 = 0.45288326300984527
loss = 0.2625610321760178
precision = 0.42649006622516555
recall = 0.4827586206896552
