f1 = 0.7579908675799086
loss = 0.10098941400647163
precision = 0.7545454545454545
recall = 0.7614678899082569
