f1 = 0.8911042944785277
loss = 0.09338215515017509
precision = 0.8723723723723724
recall = 0.9106583072100314
