f1 = 0.8445993031358886
loss = 0.23344891369342805
precision = 0.7963206307490145
recall = 0.8991097922848664
