f1 = 0.07070707070707069
loss = 0.8003605008125305
precision = 0.07035175879396985
recall = 0.07106598984771574
