f1 = 0.461111111111111
loss = 0.4892961233854294
precision = 0.50920245398773
recall = 0.4213197969543147
