f1 = 0.9071487263763353
loss = 0.09441322982311248
precision = 0.8946515397082658
recall = 0.92
