f1 = 0.7272727272727273
loss = 0.10649805366992951
precision = 0.7207207207207207
recall = 0.7339449541284404
