f1 = 0.07313997477931905
loss = 0.7721918165683747
precision = 0.06697459584295612
recall = 0.08055555555555556
