f1 = 0.8406432748538011
loss = 0.15164850205183028
precision = 0.7876712328767124
recall = 0.9012539184952978
