f1 = 0.09722222222222224
loss = 1.0032524824142457
precision = 0.7608695652173914
recall = 0.05192878338278932
