f1 = 0.0238514173998045
loss = 1.6450903602674896
precision = 0.6421052631578947
recall = 0.012151394422310757
