f1 = 0.5696877380045697
loss = 0.32553125619888307
precision = 0.5381294964028777
recall = 0.6051779935275081
