f1 = 0.020334059549745827
loss = 1.1939918041229247
precision = 0.01844532279314888
recall = 0.022653721682847898
