f1 = 0.8036454018227009
loss = 0.21141617372632027
precision = 0.8523725834797891
recall = 0.7601880877742947
