f1 = 0.6134020618556703
loss = 0.49704407155513763
precision = 0.6230366492146597
recall = 0.6040609137055838
