f1 = 0.669683257918552
loss = 0.08915283158421516
precision = 0.6607142857142857
recall = 0.6788990825688074
