f1 = 0.17937219730941703
loss = 1.1531525254249573
precision = 0.7692307692307693
recall = 0.10152284263959391
