f1 = 0.812933025404157
loss = 0.15079332143068314
precision = 0.7987897125567323
recall = 0.8275862068965517
