f1 = 0.34276578737010394
loss = 0.9374691318063175
precision = 0.8680161943319838
recall = 0.21354581673306772
