f1 = 0.7696476964769646
loss = 0.21944740712642669
precision = 0.7513227513227513
recall = 0.7888888888888889
