f1 = 0.6883720930232559
loss = 0.06896754801273346
precision = 0.6981132075471698
recall = 0.6788990825688074
