f1 = 0.023188405797101453
loss = 1.2488454818725585
precision = 0.5
recall = 0.011869436201780416
