f1 = 0.8929460580912862
loss = 0.13398871757090092
precision = 0.8892561983471075
recall = 0.8966666666666666
