f1 = 0.7315634218289085
loss = 0.222428560256958
precision = 0.779874213836478
recall = 0.6888888888888889
