f1 = 0.8731117824773413
loss = 0.1630448505282402
precision = 0.8892307692307693
recall = 0.857566765578635
