f1 = 0.16779026217228463
loss = 0.6131220817565918
precision = 0.1606886657101865
recall = 0.1755485893416928
