f1 = 0.018575851393188854
loss = 0.831085592508316
precision = 0.01675977653631285
recall = 0.020833333333333332
