f1 = 0.002777777777777778
loss = 1.0707990884780885
precision = 0.0026109660574412533
recall = 0.002967359050445104
