f1 = 0.9280469897209986
loss = 0.07990620210766793
precision = 0.9093525179856116
recall = 0.9475262368815592
