f1 = 0.4444444444444444
loss = 0.3276311427354813
precision = 0.4074074074074074
recall = 0.4888888888888889
