f1 = 0.7677419354838709
loss = 0.20904941484332085
precision = 0.7168674698795181
recall = 0.8263888888888888
