f1 = 0.01360544217687075
loss = 0.4365534782409668
precision = 0.3333333333333333
recall = 0.006944444444444444
