f1 = 0.35548917102315153
loss = 0.5182800233364105
precision = 0.3300970873786408
recall = 0.3851132686084142
