f1 = 0.03303509979353063
loss = 1.0951593399047852
precision = 0.03080872913992298
recall = 0.03560830860534125
