f1 = 0.23843930635838154
loss = 0.37205892205238345
precision = 0.22117962466487937
recall = 0.25862068965517243
