f1 = 0.8308351177730192
loss = 0.10031498819589615
precision = 0.7929155313351499
recall = 0.8725637181409296
