f1 = 0.8841201716738197
loss = 0.1680474564433098
precision = 0.8535911602209945
recall = 0.9169139465875371
