f1 = 0.38479809976247026
loss = 0.7161921083927154
precision = 0.7941176470588235
recall = 0.25391849529780564
