f1 = 0.9006622516556291
loss = 0.08979731090366841
precision = 0.8947368421052632
recall = 0.9066666666666666
