f1 = 0.7140974967061924
loss = 0.2713401198387146
precision = 0.6791979949874687
recall = 0.7527777777777778
