f1 = 0.2270351008215086
loss = 0.565281093120575
precision = 0.21683309557774608
recall = 0.23824451410658307
