f1 = 0.8836545324768023
loss = 0.18493372648954393
precision = 0.8514442916093535
recall = 0.9183976261127597
