f1 = 0.1997471554993679
loss = 0.4185767710208893
precision = 0.18329466357308585
recall = 0.21944444444444444
