f1 = 0.7022149302707136
loss = 0.20005268223729789
precision = 0.7235841081994928
recall = 0.6820717131474103
