f1 = 0.4031936127744511
loss = 0.5936893820762634
precision = 0.7163120567375887
recall = 0.28055555555555556
