f1 = 0.7675438596491229
loss = 0.15356700122356415
precision = 0.7489300998573466
recall = 0.7871064467766117
