f1 = 0.8414133114215283
loss = 0.15359153971076012
precision = 0.8842832469775475
recall = 0.8025078369905956
