f1 = 0.714723926380368
loss = 0.30989331007003784
precision = 0.6793002915451894
recall = 0.7540453074433657
