f1 = 0.5238828967642527
loss = 0.3556451559066772
precision = 0.5
recall = 0.5501618122977346
