f1 = 0.008264462809917356
loss = 1.2736275643110275
precision = 0.007537688442211055
recall = 0.009146341463414634
