f1 = 0.6103542234332425
loss = 0.4860331267118454
precision = 0.6588235294117647
recall = 0.5685279187817259
