f1 = 0.882035466461064
loss = 0.09925631061196327
precision = 0.9079365079365079
recall = 0.8575712143928036
