f1 = 0.10232558139534884
loss = 1.2805731296539307
precision = 0.6111111111111112
recall = 0.05583756345177665
