f1 = 0.8684410646387832
loss = 0.1253923609852791
precision = 0.843426883308715
recall = 0.8949843260188087
