f1 = 0.8799342105263158
loss = 0.13951915726065636
precision = 0.8685064935064936
recall = 0.8916666666666667
