f1 = 0.16560509554140126
loss = 0.6536736190319061
precision = 0.2222222222222222
recall = 0.1319796954314721
