f1 = 0.68503937007874
loss = 0.23371734321117402
precision = 0.6492537313432836
recall = 0.725
