f1 = 0.7258064516129031
loss = 0.3178987465798855
precision = 0.677710843373494
recall = 0.78125
