f1 = 0.9047224523612262
loss = 0.09402147680521011
precision = 0.899505766062603
recall = 0.91
