f1 = 0.6926406926406926
loss = 0.3514411561191082
precision = 0.6575342465753424
recall = 0.7317073170731707
