f1 = 0.17433414043583537
loss = 0.5755033433437348
precision = 0.15450643776824036
recall = 0.2
