f1 = 0.20176730486008837
loss = 0.8748239040374756
precision = 0.19027777777777777
recall = 0.21473354231974923
