f1 = 0.8670931058990762
loss = 0.2206097960472107
precision = 0.8321964529331515
recall = 0.9050445103857567
