f1 = 0.8806774441878368
loss = 0.11823544502258301
precision = 0.8653555219364599
recall = 0.896551724137931
