f1 = 0.6339410939691444
loss = 0.29458824172616005
precision = 0.587012987012987
recall = 0.6890243902439024
