f1 = 0.7476125511596181
loss = 0.23475212901830672
precision = 0.7345844504021448
recall = 0.7611111111111111
