f1 = 0.6877637130801688
loss = 0.2666929215192795
precision = 0.6537433155080213
recall = 0.7255192878338279
