f1 = 0.714975845410628
loss = 0.09863826856017113
precision = 0.7551020408163265
recall = 0.6788990825688074
