f1 = 0.8748043818466354
loss = 0.12039847671985626
precision = 0.9148936170212766
recall = 0.8380809595202399
