f1 = 0.08111888111888113
loss = 1.0803478479385376
precision = 0.7073170731707317
recall = 0.04302670623145401
