f1 = 0.5714285714285714
loss = 0.45309492349624636
precision = 0.7384615384615385
recall = 0.46601941747572817
