f1 = 0.6106870229007635
loss = 0.479303702712059
precision = 0.6122448979591837
recall = 0.6091370558375635
