f1 = 0.7363636363636364
loss = 0.07519934102892875
precision = 0.7297297297297297
recall = 0.7431192660550459
