f1 = 0.008362369337979094
loss = 1.184870195388794
precision = 0.00788436268068331
recall = 0.008902077151335312
