f1 = 0.4331210191082802
loss = 0.2264288455247879
precision = 0.4
recall = 0.4722222222222222
