f1 = 0.00847457627118644
loss = 0.2805850267410278
precision = 0.007874015748031496
recall = 0.009174311926605505
