f1 = 0.7859375
loss = 0.2118320047855377
precision = 0.83003300330033
recall = 0.7462908011869436
