f1 = 0.2532855436081243
loss = 0.31225497722625734
precision = 0.2222222222222222
recall = 0.29444444444444445
