f1 = 0.021520803443328552
loss = 1.060859787464142
precision = 0.02063273727647868
recall = 0.022488755622188907
