f1 = 0.8969790859798606
loss = 0.1052981048822403
precision = 0.886676875957121
recall = 0.9075235109717869
