f1 = 0.03346613545816733
loss = 1.0811277747154235
precision = 0.03206106870229008
recall = 0.035
