f1 = 0.6697530864197531
loss = 0.29063306003808975
precision = 0.6027777777777777
recall = 0.7534722222222222
