f1 = 0.01754385964912281
loss = 0.2310006156563759
precision = 0.01680672268907563
recall = 0.01834862385321101
