f1 = 0.8566953797963978
loss = 0.16045913100242615
precision = 0.8300455235204856
recall = 0.8851132686084142
