f1 = 0.8229813664596273
loss = 0.12473301440477372
precision = 0.8153846153846154
recall = 0.8307210031347962
