f1 = 0.6826923076923076
loss = 0.21670990735292434
precision = 0.7421602787456446
recall = 0.6320474777448071
