f1 = 0.7906976744186046
loss = 0.22368910610675813
precision = 0.7789757412398922
recall = 0.8027777777777778
