f1 = 0.8940397350993378
loss = 0.10146626606583595
precision = 0.8881578947368421
recall = 0.9
