f1 = 0.03735408560311284
loss = 1.2147528290748597
precision = 0.035036496350364967
recall = 0.04
