f1 = 0.21910112359550565
loss = 0.5845758616924286
precision = 0.24528301886792453
recall = 0.19796954314720813
