f1 = 0.8381192805301357
loss = 0.16450943129465861
precision = 0.8878983730777803
recall = 0.7936254980079681
