f1 = 0.6831310171619924
loss = 0.21776031863455678
precision = 0.7195767195767195
recall = 0.650199203187251
