f1 = 0.796221322537112
loss = 0.2172677844762802
precision = 0.7742782152230971
recall = 0.8194444444444444
