f1 = 0.27586206896551724
loss = 0.3499192476272583
precision = 0.35233160621761656
recall = 0.22666666666666666
