f1 = 0.8785714285714284
loss = 0.18221603333950043
precision = 0.8471074380165289
recall = 0.9124629080118695
