f1 = 0.7301173402868318
loss = 0.1952781319618225
precision = 0.687960687960688
recall = 0.7777777777777778
