f1 = 0.10684931506849316
loss = 1.008536148071289
precision = 0.6964285714285714
recall = 0.057863501483679525
