f1 = 0.008583690987124463
loss = 0.27189489752054213
precision = 0.008064516129032258
recall = 0.009174311926605505
