f1 = 0.35868005738880915
loss = 0.30951966643333434
precision = 0.343878954607978
recall = 0.3748125937031484
