f1 = 0.7978723404255319
loss = 0.1956912510097027
precision = 0.7653061224489796
recall = 0.8333333333333334
