f1 = 0.871165644171779
loss = 0.10640037506818771
precision = 0.8528528528528528
recall = 0.890282131661442
