f1 = 0.04926108374384237
loss = 0.9648289322853089
precision = 0.046419098143236075
recall = 0.05247376311844078
