f1 = 0.15789473684210525
loss = 0.6502499878406525
precision = 0.22429906542056074
recall = 0.1218274111675127
