f1 = 0.23484848484848486
loss = 0.6746238768100739
precision = 0.4626865671641791
recall = 0.15736040609137056
