f1 = 0.7663280116110306
loss = 0.27716047689318657
precision = 0.7313019390581718
recall = 0.8048780487804879
