f1 = 0.9098837209302325
loss = 0.11183296218514442
precision = 0.8829337094499294
recall = 0.9385307346326837
