f1 = 0.5804066543438078
loss = 0.4138713300228119
precision = 0.6767241379310345
recall = 0.5080906148867314
