f1 = 0.6636904761904762
loss = 0.2967772036790848
precision = 0.6143250688705234
recall = 0.7216828478964401
