f1 = 0.7448494453248811
loss = 0.2638542205095291
precision = 0.685131195335277
recall = 0.8159722222222222
