f1 = 0.7650252404990951
loss = 0.15188518922556848
precision = 0.7329804708888483
recall = 0.8
