f1 = 0.07436918990703852
loss = 0.9693476110696793
precision = 0.06588235294117648
recall = 0.08536585365853659
