f1 = 0.31063504208110176
loss = 0.39358972012996674
precision = 0.2871287128712871
recall = 0.3383333333333333
