f1 = 0.5812200137080192
loss = 0.2779229611158371
precision = 0.5401273885350318
recall = 0.629080118694362
