f1 = 0.7445255474452555
loss = 0.2630787007510662
precision = 0.7142857142857143
recall = 0.7774390243902439
