f1 = 0.7093750000000001
loss = 0.2689916007220745
precision = 0.6448863636363636
recall = 0.7881944444444444
