f1 = 0.27682403433476394
loss = 0.6214011192321778
precision = 0.3885542168674699
recall = 0.215
