f1 = 0.7555886736214605
loss = 0.18394995331764222
precision = 0.7201704545454546
recall = 0.7946708463949843
