f1 = 0.8772961058045554
loss = 0.17319917306303978
precision = 0.868995633187773
recall = 0.8857566765578635
