f1 = 0.7636363636363638
loss = 0.3052547462284565
precision = 0.7590361445783133
recall = 0.7682926829268293
