f1 = 0.7805555555555554
loss = 0.2349703997373581
precision = 0.7805555555555556
recall = 0.7805555555555556
