f1 = 0.6461967899511515
loss = 0.26754520237445834
precision = 0.6100131752305665
recall = 0.6869436201780416
