f1 = 0.16236162361623616
loss = 0.6583092689514161
precision = 0.1456953642384106
recall = 0.18333333333333332
