f1 = 0.43446244477172313
loss = 0.46264268159866334
precision = 0.4097222222222222
recall = 0.46238244514106586
