f1 = 0.26556016597510373
loss = 1.1284950375556946
precision = 0.7272727272727273
recall = 0.16243654822335024
