f1 = 0.03619909502262443
loss = 1.2421820759773254
precision = 0.16666666666666666
recall = 0.02030456852791878
