f1 = 0.8264462809917356
loss = 0.2127845451235771
precision = 0.819672131147541
recall = 0.8333333333333334
