f1 = 0.7706422018348624
loss = 0.09364015012979507
precision = 0.7706422018348624
recall = 0.7706422018348624
