f1 = 0.7330316742081446
loss = 0.08750681132078171
precision = 0.7232142857142857
recall = 0.7431192660550459
