f1 = 0.26218256691832537
loss = 0.5417833030223846
precision = 0.24393358876117496
recall = 0.28338278931750743
