f1 = 0.05337078651685393
loss = 0.9313589572906494
precision = 0.050666666666666665
recall = 0.05637982195845697
