f1 = 0.86013986013986
loss = 0.18921321704983712
precision = 0.8134920634920635
recall = 0.9124629080118695
