f1 = 0.30248618784530384
loss = 0.4497112542390823
precision = 0.28294573643410853
recall = 0.3249258160237389
