f1 = 0.8387609213661635
loss = 0.2254846289753914
precision = 0.8237129485179407
recall = 0.8543689320388349
