f1 = 0.8384491114701129
loss = 0.11919734925031662
precision = 0.8134796238244514
recall = 0.865
