f1 = 0.019471488178025034
loss = 0.6829327821731568
precision = 0.15555555555555556
recall = 0.010385756676557863
