f1 = 0.8622412562455389
loss = 0.22678711116313935
precision = 0.8308115543328748
recall = 0.8961424332344213
