f1 = 0.31362467866323906
loss = 0.7964299619197845
precision = 0.3177083333333333
recall = 0.3096446700507614
