f1 = 0.915702479338843
loss = 0.08677517417818308
precision = 0.9081967213114754
recall = 0.9233333333333333
