f1 = 0.8743859649122806
loss = 0.15502590537071229
precision = 0.829560585885486
recall = 0.9243323442136498
