f1 = 0.2692307692307693
loss = 0.6899663209915161
precision = 0.3652173913043478
recall = 0.2131979695431472
