f1 = 0.7831978319783198
loss = 0.19110477715730667
precision = 0.7645502645502645
recall = 0.8027777777777778
