f1 = 0.1197452229299363
loss = 0.3259538322687149
precision = 0.3197278911564626
recall = 0.07366771159874608
