f1 = 0.633879781420765
loss = 0.45763106644153595
precision = 0.6863905325443787
recall = 0.5888324873096447
