f1 = 0.8794541319181197
loss = 0.09911189526319504
precision = 0.8516886930983847
recall = 0.9090909090909091
