f1 = 0.034334763948497854
loss = 0.7861577570438385
precision = 0.1111111111111111
recall = 0.02030456852791878
