f1 = 0.09382716049382715
loss = 0.6607982814311981
precision = 0.09134615384615384
recall = 0.09644670050761421
