f1 = 0.048636698599852604
loss = 1.1917035341262818
precision = 0.044654939106901215
recall = 0.05339805825242718
