f1 = 0.4329268292682927
loss = 0.36804012209177017
precision = 0.3858695652173913
recall = 0.4930555555555556
