f1 = 0.7323272438443208
loss = 0.3211091339588165
precision = 0.6995447647951442
recall = 0.7683333333333333
