f1 = 0.7289719626168223
loss = 0.08625253811478614
precision = 0.7428571428571429
recall = 0.7155963302752294
