f1 = 0.007114624505928854
loss = 1.4671004157440335
precision = 0.45
recall = 0.0035856573705179283
