f1 = 0.7865853658536586
loss = 0.2100996494293213
precision = 0.7435158501440923
recall = 0.8349514563106796
