f1 = 0.3103192279138827
loss = 0.45408772826194765
precision = 0.28669410150891633
recall = 0.33818770226537215
