f1 = 0.8972884141331143
loss = 0.09297345355153083
precision = 0.8849270664505673
recall = 0.91
