f1 = 0.8361204013377925
loss = 0.21753167659044265
precision = 0.8960573476702509
recall = 0.7836990595611285
