f1 = 0.3541666666666667
loss = 0.7371398031711578
precision = 0.8052631578947368
recall = 0.22700296735905046
