f1 = 0.6391752577319587
loss = 0.4983772337436676
precision = 0.6492146596858639
recall = 0.6294416243654822
