f1 = 0.028963414634146343
loss = 1.0739071130752564
precision = 0.027377521613832854
recall = 0.030744336569579287
