f1 = 0.7503337783711616
loss = 0.2453218400478363
precision = 0.7223650385604113
recall = 0.7805555555555556
