f1 = 0.6502283105022831
loss = 0.38382941484451294
precision = 0.8456057007125891
recall = 0.5281899109792285
