f1 = 0.8318713450292397
loss = 0.22227156013250352
precision = 0.8198847262247838
recall = 0.844213649851632
