f1 = 0.04146730462519936
loss = 1.0329482674598693
precision = 0.039755351681957186
recall = 0.043333333333333335
