f1 = 0.6936936936936936
loss = 0.09140910282731056
precision = 0.6814159292035398
recall = 0.7064220183486238
