f1 = 0.8009367681498828
loss = 0.22816748023033143
precision = 0.8451400329489291
recall = 0.7611275964391692
