f1 = 0.7317073170731707
loss = 0.23846162855625153
precision = 0.8731808731808732
recall = 0.6296851574212894
