f1 = 0.6634768740031898
loss = 0.32028089463710785
precision = 0.6956521739130435
recall = 0.6341463414634146
