f1 = 0.5556978233034571
loss = 0.2887737512588501
precision = 0.5154394299287411
recall = 0.6027777777777777
