f1 = 0.7787356321839081
loss = 0.20684943348169327
precision = 0.8065476190476191
recall = 0.7527777777777778
