f1 = 0.7738343771746694
loss = 0.1559867851436138
precision = 0.72870249017038
recall = 0.8249258160237388
