f1 = 0.3165075034106412
loss = 0.5044736787676811
precision = 0.28641975308641976
recall = 0.35365853658536583
