f1 = 0.8584202682563339
loss = 0.20360090881586074
precision = 0.8622754491017964
recall = 0.8545994065281899
