f1 = 0.7209920283436669
loss = 0.3508235067129135
precision = 0.7964774951076321
recall = 0.6585760517799353
