f1 = 0.24405377456049634
loss = 0.45645771622657777
precision = 0.33810888252148996
recall = 0.19093851132686085
