f1 = 0.8741522230595327
loss = 0.10589637756347656
precision = 0.841799709724238
recall = 0.9090909090909091
