f1 = 0.008784773060029285
loss = 1.2209908366203308
precision = 0.3333333333333333
recall = 0.004451038575667656
