f1 = 0.4901129943502825
loss = 0.3114916145801544
precision = 0.46328437917222964
recall = 0.52023988005997
