f1 = 0.019417475728155338
loss = 1.0300385653972626
precision = 0.2222222222222222
recall = 0.01015228426395939
