f1 = 0.6003110419906686
loss = 0.327053040266037
precision = 0.543661971830986
recall = 0.6701388888888888
