f1 = 0.8323066392881587
loss = 0.18409979790449144
precision = 0.772554002541296
recall = 0.9020771513353115
