f1 = 0.921552436003303
loss = 0.09209103919565678
precision = 0.9132569558101473
recall = 0.93
