f1 = 0.7932421560740145
loss = 0.27533595710992814
precision = 0.7888
recall = 0.7977346278317152
