f1 = 0.2230769230769231
loss = 0.8980471551418304
precision = 0.8207547169811321
recall = 0.129080118694362
