f1 = 0.4094881398252184
loss = 0.40705264210700987
precision = 0.37188208616780044
recall = 0.45555555555555555
