f1 = 0.8676236044657096
loss = 0.16589319854974746
precision = 0.8553459119496856
recall = 0.8802588996763754
