f1 = 0.017094017094017096
loss = 0.23300804644823075
precision = 0.016
recall = 0.01834862385321101
