f1 = 0.05128205128205129
loss = 0.2929518386721611
precision = 0.375
recall = 0.027522935779816515
