f1 = 0.7425569176882661
loss = 0.29661689698696136
precision = 0.8412698412698413
recall = 0.664576802507837
