f1 = 0.8108843537414965
loss = 0.1740349754691124
precision = 0.7946666666666666
recall = 0.8277777777777777
