f1 = 0.9374540103016924
loss = 0.07970167472958564
precision = 0.9205202312138728
recall = 0.9550224887556222
