f1 = 0.6091370558375635
loss = 0.3756972402334213
precision = 0.6091370558375635
recall = 0.6091370558375635
