f1 = 0.7459618208516887
loss = 0.31392132490873337
precision = 0.7195467422096318
recall = 0.774390243902439
