f1 = 0.886002886002886
loss = 0.1666758768260479
precision = 0.8623595505617978
recall = 0.9109792284866469
