f1 = 0.7883556254917387
loss = 0.2634239584207535
precision = 0.7672281776416539
recall = 0.8106796116504854
