f1 = 0.24403183023872677
loss = 0.5182361155748367
precision = 0.25555555555555554
recall = 0.233502538071066
