f1 = 0.2845849802371541
loss = 0.8151912987232208
precision = 0.6428571428571429
recall = 0.18274111675126903
