f1 = 0.6601653199591343
loss = 0.20110038434173547
precision = 0.6184096050113103
recall = 0.7079681274900398
