f1 = 0.4468085106382978
loss = 0.34437111020088196
precision = 0.3972972972972973
recall = 0.5104166666666666
