f1 = 0.8741058655221746
loss = 0.18619978427886963
precision = 0.8439226519337016
recall = 0.9065281899109793
