f1 = 0.2549450549450549
loss = 0.4722424209117889
precision = 0.23293172690763053
recall = 0.2815533980582524
