f1 = 0.8344051446945338
loss = 0.24519669115543366
precision = 0.829073482428115
recall = 0.8398058252427184
