f1 = 0.8156862745098039
loss = 0.22822383791208267
precision = 0.791476407914764
recall = 0.8414239482200647
