f1 = 0.01754385964912281
loss = 0.2586082354187965
precision = 0.01680672268907563
recall = 0.01834862385321101
