f1 = 0.8175411119812059
loss = 0.2593433380126953
precision = 0.7921092564491654
recall = 0.8446601941747572
