f1 = 0.821256038647343
loss = 0.21205453872680663
precision = 0.7677419354838709
recall = 0.8827893175074184
