f1 = 0.13617021276595745
loss = 0.15005056709051132
precision = 0.12698412698412698
recall = 0.14678899082568808
