f1 = 0.5797101449275363
loss = 0.07931532729417086
precision = 0.6122448979591837
recall = 0.5504587155963303
