f1 = 0.13414634146341464
loss = 1.4049278855323792
precision = 0.7857142857142857
recall = 0.07333333333333333
