f1 = 0.45957446808510644
loss = 0.10780918598175049
precision = 0.42857142857142855
recall = 0.4954128440366973
