f1 = 0.518463810930576
loss = 0.21076340079307557
precision = 0.49022346368715086
recall = 0.5501567398119123
