f1 = 0.028549962434259956
loss = 1.0754105925559998
precision = 0.02664796633941094
recall = 0.030744336569579287
