f1 = 0.7554309740714786
loss = 0.21851840913295745
precision = 0.7158034528552457
recall = 0.7997032640949555
