f1 = 0.6533864541832669
loss = 0.22371858060359956
precision = 0.6259541984732825
recall = 0.6833333333333333
