f1 = 0.6525198938992043
loss = 0.4325049817562103
precision = 0.6833333333333333
recall = 0.6243654822335025
