f1 = 0.8759018759018758
loss = 0.13480421379208565
precision = 0.8442280945757997
recall = 0.9100449775112444
