f1 = 0.7749648382559774
loss = 0.24899014830589294
precision = 0.7366310160427807
recall = 0.8175074183976261
