f1 = 0.03712871287128713
loss = 0.9192524790763855
precision = 0.033482142857142856
recall = 0.041666666666666664
