f1 = 0.9202153695545766
loss = 0.0839350251786242
precision = 0.904716073147257
recall = 0.9362549800796812
