f1 = 0.6904761904761905
loss = 0.23455019891262055
precision = 0.6590909090909091
recall = 0.725
