f1 = 0.8765331152902699
loss = 0.14529034048318862
precision = 0.8603531300160514
recall = 0.8933333333333333
