f1 = 0.5108695652173912
loss = 0.49655768275260925
precision = 0.5497076023391813
recall = 0.47715736040609136
