f1 = 0.8766928011404135
loss = 0.22180965095758437
precision = 0.8436213991769548
recall = 0.9124629080118695
