f1 = 0.5450777202072538
loss = 0.4642284750938416
precision = 0.7579250720461095
recall = 0.4255663430420712
