f1 = 0.8049792531120331
loss = 0.22678325772285463
precision = 0.8016528925619835
recall = 0.8083333333333333
