f1 = 0.9037037037037037
loss = 0.11698987819254399
precision = 0.8931185944363104
recall = 0.9145427286356822
