f1 = 0.5285285285285285
loss = 0.4196355015039444
precision = 0.8123076923076923
recall = 0.3916913946587537
