f1 = 0.7919075144508669
loss = 0.13245883733034133
precision = 0.7718309859154929
recall = 0.8130563798219584
