f1 = 0.6277777777777779
loss = 0.3934427946805954
precision = 0.6932515337423313
recall = 0.5736040609137056
