f1 = 0.31017770597738287
loss = 0.3004835069179535
precision = 0.30094043887147337
recall = 0.32
