f1 = 0.6708860759493671
loss = 0.260043378919363
precision = 0.6162790697674418
recall = 0.7361111111111112
