f1 = 0.8767123287671232
loss = 0.19280744343996048
precision = 0.85273492286115
recall = 0.9020771513353115
