f1 = 0.2710843373493976
loss = 0.9489551484584808
precision = 0.3333333333333333
recall = 0.22842639593908629
