f1 = 0.0947867298578199
loss = 1.432499885559082
precision = 0.7142857142857143
recall = 0.050761421319796954
