f1 = 0.8644194756554308
loss = 0.12934495210647584
precision = 0.8278335724533716
recall = 0.9043887147335423
