f1 = 0.04503311258278145
loss = 0.82560183852911
precision = 0.03981264637002342
recall = 0.051829268292682924
