f1 = 0.838862559241706
loss = 0.2382742643356323
precision = 0.8194444444444444
recall = 0.8592233009708737
