f1 = 0.8055130168453293
loss = 0.14378345906734466
precision = 0.7874251497005988
recall = 0.8244514106583072
