f1 = 0.07807807807807808
loss = 1.205725657939911
precision = 0.9285714285714286
recall = 0.04075235109717868
