f1 = 0.9159599074787972
loss = 0.09364898651838302
precision = 0.9013657056145675
recall = 0.9310344827586207
