f1 = 0.24888888888888888
loss = 0.16048582047224044
precision = 0.2413793103448276
recall = 0.25688073394495414
