f1 = 0.6022727272727273
loss = 0.12685713917016983
precision = 0.7910447761194029
recall = 0.48623853211009177
