f1 = 0.515748031496063
loss = 0.7077131569385529
precision = 0.7277777777777777
recall = 0.39939024390243905
