f1 = 0.2534854245880862
loss = 0.43336390852928164
precision = 0.2331002331002331
recall = 0.2777777777777778
