f1 = 0.82398753894081
loss = 0.20070202350616456
precision = 0.7942942942942943
recall = 0.8559870550161812
