f1 = 0.128
loss = 0.14866355955600738
precision = 0.5
recall = 0.07339449541284404
