f1 = 0.5373608903020668
loss = 0.38571196496486665
precision = 0.513677811550152
recall = 0.5633333333333334
