f1 = 0.22545454545454546
loss = 0.6482102572917938
precision = 0.3974358974358974
recall = 0.15736040609137056
