f1 = 0.32161555721765145
loss = 0.45363561511039735
precision = 0.30758226037195996
recall = 0.33699059561128525
