f1 = 0.7371900826446282
loss = 0.22624462470412254
precision = 0.7034700315457413
recall = 0.7743055555555556
