f1 = 0.7819148936170214
loss = 0.19679884612560272
precision = 0.75
recall = 0.8166666666666667
