f1 = 0.6931174089068827
loss = 0.17736351490020752
precision = 0.6740157480314961
recall = 0.7133333333333334
