f1 = 0.871302957633893
loss = 0.17438142299652098
precision = 0.8609794628751974
recall = 0.8818770226537217
