f1 = 0.052785923753665684
loss = 0.9878745317459107
precision = 0.04825737265415549
recall = 0.05825242718446602
