f1 = 0.6766169154228856
loss = 0.3147094964981079
precision = 0.8395061728395061
recall = 0.5666666666666667
