f1 = 0.6825396825396826
loss = 0.2604239769279957
precision = 0.6286549707602339
recall = 0.7465277777777778
