f1 = 0.9116719242902208
loss = 0.09536953940987587
precision = 0.9174603174603174
recall = 0.9059561128526645
