f1 = 0.7393364928909951
loss = 0.07179013937711716
precision = 0.7647058823529411
recall = 0.7155963302752294
