f1 = 0.9277899343544858
loss = 0.07527444586157798
precision = 0.9034090909090909
recall = 0.9535232383808095
