f1 = 0.9129082426127528
loss = 0.09560959488153457
precision = 0.9058641975308642
recall = 0.9200626959247649
