f1 = 0.1281085154483798
loss = 0.8254140377044678
precision = 0.12336719883889695
recall = 0.13322884012539185
