f1 = 0.4978165938864629
loss = 0.5015174329280854
precision = 0.9156626506024096
recall = 0.34182908545727136
