f1 = 0.15668202764976957
loss = 1.216683030128479
precision = 0.85
recall = 0.08629441624365482
