f1 = 0.3416370106761566
loss = 0.8307837724685669
precision = 0.64
recall = 0.23300970873786409
