f1 = 0.7731629392971247
loss = 0.2080804631114006
precision = 0.7159763313609467
recall = 0.8402777777777778
