f1 = 0.6684560625510562
loss = 0.33426910930988835
precision = 0.8069878839109609
recall = 0.5705179282868525
