f1 = 0.4764267990074442
loss = 0.5079383254051208
precision = 0.46601941747572817
recall = 0.4873096446700508
