f1 = 0.34439834024896265
loss = 0.7066295981407166
precision = 0.680327868852459
recall = 0.23055555555555557
