f1 = 0.008196721311475409
loss = 1.2073115557432175
precision = 0.007425742574257425
recall = 0.009146341463414634
