f1 = 0.769230769230769
loss = 0.21508250385522842
precision = 0.7275541795665634
recall = 0.8159722222222222
