f1 = 0.7874659400544959
loss = 0.22505466043949127
precision = 0.7727272727272727
recall = 0.8027777777777778
