f1 = 0.1774193548387097
loss = 0.24434881508350373
precision = 0.7333333333333333
recall = 0.10091743119266056
