f1 = 0.3548387096774194
loss = 0.6021489500999451
precision = 0.37714285714285717
recall = 0.3350253807106599
