f1 = 0.045685279187817264
loss = 0.7410698056221008
precision = 0.04205607476635514
recall = 0.05
