f1 = 0.379746835443038
loss = 0.6351147949695587
precision = 0.8461538461538461
recall = 0.24480712166172106
