f1 = 0.7628294036061026
loss = 0.2404977023601532
precision = 0.7617728531855956
recall = 0.7638888888888888
