f1 = 0.5
loss = 0.11034201607108116
precision = 0.48695652173913045
recall = 0.5137614678899083
