f1 = 0.6819484240687678
loss = 0.3432185873389244
precision = 0.6432432432432432
recall = 0.725609756097561
