f1 = 0.7458432304038005
loss = 0.26290778517723085
precision = 0.7302325581395349
recall = 0.7621359223300971
