f1 = 0.05084745762711865
loss = 0.2967899218201637
precision = 0.3333333333333333
recall = 0.027522935779816515
