f1 = 0.6793650793650794
loss = 0.22290074452757835
precision = 0.6257309941520468
recall = 0.7430555555555556
