f1 = 0.028097062579821197
loss = 0.8403804063796997
precision = 0.026004728132387706
recall = 0.030555555555555555
