f1 = 0.87248322147651
loss = 0.15569868609309195
precision = 0.8783783783783784
recall = 0.8666666666666667
