f1 = 0.7015706806282722
loss = 0.20785589665174484
precision = 0.6633663366336634
recall = 0.7444444444444445
