f1 = 0.8331936295054485
loss = 0.1731438919901848
precision = 0.8954954954954955
recall = 0.7789968652037618
