f1 = 0.905719611498087
loss = 0.09007800371710248
precision = 0.8923255364392035
recall = 0.9195219123505977
