f1 = 0.29227073150526056
loss = 0.33794553519464005
precision = 0.2501772798184655
recall = 0.35139442231075696
