f1 = 0.8148148148148148
loss = 0.13314655274152756
precision = 0.7868613138686131
recall = 0.8448275862068966
