f1 = 0.5730994152046784
loss = 0.12731130383908748
precision = 0.7903225806451613
recall = 0.44954128440366975
