f1 = 0.5297418630751963
loss = 0.5973806262016297
precision = 0.8109965635738832
recall = 0.3933333333333333
