f1 = 0.756972111553785
loss = 0.19124503284692765
precision = 0.7251908396946565
recall = 0.7916666666666666
