f1 = 0.5720164609053497
loss = 0.40348552763462064
precision = 0.7853107344632768
recall = 0.44983818770226536
