f1 = 0.7169274537695591
loss = 0.275942113250494
precision = 0.672
recall = 0.7682926829268293
