f1 = 0.581151832460733
loss = 0.4018896669149399
precision = 0.6
recall = 0.5634517766497462
