f1 = 0.8531468531468532
loss = 0.16296578347682952
precision = 0.8068783068783069
recall = 0.9050445103857567
