f1 = 0.8652886671418388
loss = 0.21648055911064149
precision = 0.8326474622770919
recall = 0.900593471810089
