f1 = 0.7662434652725916
loss = 0.16489461213350295
precision = 0.7318116975748931
recall = 0.8040752351097179
