f1 = 0.21940928270042193
loss = 1.022109717130661
precision = 0.65
recall = 0.1319796954314721
