f1 = 0.8941755537325677
loss = 0.10384686272591352
precision = 0.8804523424878837
recall = 0.9083333333333333
