f1 = 0.7156549520766773
loss = 0.23359861224889755
precision = 0.6627218934911243
recall = 0.7777777777777778
