f1 = 0.885784716516023
loss = 0.1373586356639862
precision = 0.873581847649919
recall = 0.8983333333333333
