f1 = 0.3434343434343434
loss = 0.7627179384231567
precision = 0.7083333333333334
recall = 0.22666666666666666
