f1 = 0.8247863247863247
loss = 0.1730917289853096
precision = 0.7931506849315069
recall = 0.8590504451038575
