f1 = 0.8890479599141016
loss = 0.15235511884093283
precision = 0.8589211618257261
recall = 0.9213649851632048
