f1 = 0.7956104252400549
loss = 0.18719692379236222
precision = 0.7859078590785907
recall = 0.8055555555555556
