f1 = 0.6656760772659732
loss = 0.3247073382139206
precision = 0.6666666666666666
recall = 0.6646884272997032
