f1 = 0.42919389978213507
loss = 0.6889759242534638
precision = 0.8073770491803278
recall = 0.2922848664688427
