f1 = 0.7477477477477478
loss = 0.07246817238628864
precision = 0.7345132743362832
recall = 0.7614678899082569
