f1 = 0.7971473851030111
loss = 0.2520092263817787
precision = 0.8554421768707483
recall = 0.7462908011869436
