f1 = 0.7972789115646259
loss = 0.17754211276769638
precision = 0.7813333333333333
recall = 0.8138888888888889
