f1 = 0.29014740108611325
loss = 0.5045025646686554
precision = 0.2714078374455733
recall = 0.31166666666666665
