f1 = 0.5164113785557988
loss = 0.4835542500019073
precision = 0.855072463768116
recall = 0.36990595611285265
