f1 = 0.03254067584480601
loss = 0.7404585540294647
precision = 0.029612756264236904
recall = 0.03611111111111111
