f1 = 0.8735632183908045
loss = 0.20332034379243852
precision = 0.8467966573816156
recall = 0.9020771513353115
