f1 = 0.2556390977443609
loss = 0.1989850252866745
precision = 0.7083333333333334
recall = 0.1559633027522936
