f1 = 0.7117117117117118
loss = 0.11488091200590134
precision = 0.6991150442477876
recall = 0.7247706422018348
