f1 = 0.7186009538950716
loss = 0.3030702881515026
precision = 0.6627565982404692
recall = 0.7847222222222222
