f1 = 0.032042723631508674
loss = 1.2345839738845825
precision = 0.028503562945368172
recall = 0.036585365853658534
