f1 = 0.24504950495049507
loss = 0.3501885116100311
precision = 0.22098214285714285
recall = 0.275
