f1 = 0.028382581648522552
loss = 1.1072716327274548
precision = 0.5887096774193549
recall = 0.01454183266932271
