f1 = 0.562390158172232
loss = 0.5055641792714596
precision = 0.6639004149377593
recall = 0.4878048780487805
