f1 = 0.2848575712143928
loss = 0.5275047793984413
precision = 0.25065963060686014
recall = 0.3298611111111111
