f1 = 0.6725663716814159
loss = 0.17434056997299194
precision = 0.6350974930362117
recall = 0.7147335423197492
