f1 = 0.08174386920980928
loss = 0.3613117426633835
precision = 0.5
recall = 0.04451038575667656
