f1 = 0.61198738170347
loss = 0.3108686417341232
precision = 0.708029197080292
recall = 0.5388888888888889
