f1 = 0.9274725274725274
loss = 0.08963020667433738
precision = 0.9068767908309455
recall = 0.9490254872563718
