f1 = 0.10429447852760737
loss = 1.3080183744430542
precision = 0.6538461538461539
recall = 0.056666666666666664
