f1 = 0.02
loss = 0.7857432961463928
precision = 0.019704433497536946
recall = 0.02030456852791878
