f1 = 0.7627906976744188
loss = 0.08231137543916703
precision = 0.7735849056603774
recall = 0.7522935779816514
