f1 = 0.5861136158701533
loss = 0.29860602617263793
precision = 0.7471264367816092
recall = 0.4821958456973294
