f1 = 0.1361256544502618
loss = 0.12426548078656197
precision = 0.15853658536585366
recall = 0.11926605504587157
