f1 = 0.04567474048442907
loss = 0.5340385138988495
precision = 0.042416452442159386
recall = 0.049475262368815595
