f1 = 0.7926267281105991
loss = 0.10366416946053505
precision = 0.7962962962962963
recall = 0.7889908256880734
