f1 = 0.026866244482824795
loss = 1.5212547194723989
precision = 0.36649214659685864
recall = 0.013944223107569721
