f1 = 0.6956521739130436
loss = 0.09892254248261452
precision = 0.7346938775510204
recall = 0.6605504587155964
