f1 = 0.8787375415282392
loss = 0.13696088418364524
precision = 0.8758278145695364
recall = 0.8816666666666667
