f1 = 0.011392653702612452
loss = 1.1214706681522668
precision = 0.4084507042253521
recall = 0.005776892430278884
