f1 = 0.6382978723404256
loss = 0.40589870512485504
precision = 0.6703910614525139
recall = 0.6091370558375635
