f1 = 0.01702127659574468
loss = 0.27364970147609713
precision = 0.015873015873015872
recall = 0.01834862385321101
