f1 = 0.6287367405978785
loss = 0.3184836685657501
precision = 0.8810810810810811
recall = 0.48875562218890556
