f1 = 0.41769041769041765
loss = 0.4712010622024536
precision = 0.7142857142857143
recall = 0.2951388888888889
