f1 = 0.8799999999999999
loss = 0.11604847237467766
precision = 0.8624
recall = 0.8983333333333333
