f1 = 0.7290322580645161
loss = 0.26529188826680183
precision = 0.6807228915662651
recall = 0.7847222222222222
