f1 = 0.6991404011461317
loss = 0.3323864974081516
precision = 0.6594594594594595
recall = 0.7439024390243902
