f1 = 0.6307692307692306
loss = 0.24995819330215455
precision = 0.5910878112712975
recall = 0.6761619190404797
