f1 = 0.6028169014084507
loss = 0.4617922455072403
precision = 0.6772151898734177
recall = 0.5431472081218274
