f1 = 0.6117291284155957
loss = 0.26697998683826596
precision = 0.6680820948336872
recall = 0.5641434262948207
