f1 = 0.6195652173913043
loss = 0.1353742554783821
precision = 0.76
recall = 0.5229357798165137
