f1 = 0.9170357248302333
loss = 0.08575930033111945
precision = 0.9062439214160669
recall = 0.9280876494023904
