f1 = 0.9124356144223694
loss = 0.08833390176296234
precision = 0.8959537572254336
recall = 0.9295352323838081
