f1 = 0.25702247191011235
loss = 0.45873589515686036
precision = 0.24174372523117568
recall = 0.27436281859070466
