f1 = 0.39399999999999996
loss = 0.4188520312309265
precision = 0.6042944785276073
recall = 0.2922848664688427
