f1 = 0.8945342571208622
loss = 0.09028771072626114
precision = 0.8789712556732224
recall = 0.9106583072100314
