f1 = 0.5506493506493505
loss = 0.46677957475185394
precision = 0.5638297872340425
recall = 0.5380710659898477
