f1 = 0.6315789473684211
loss = 0.48963044583797455
precision = 0.6557377049180327
recall = 0.6091370558375635
