f1 = 0.043025676613462877
loss = 0.9302467107772827
precision = 0.04041720990873533
recall = 0.04599406528189911
