f1 = 0.23809523809523805
loss = 1.0748204946517945
precision = 0.7456140350877193
recall = 0.14166666666666666
