f1 = 0.8377823408624229
loss = 0.19093695729970933
precision = 0.7776365946632783
recall = 0.9080118694362018
