f1 = 0.2600896860986547
loss = 0.1800412118434906
precision = 0.2543859649122807
recall = 0.26605504587155965
