f1 = 0.5069637883008357
loss = 0.5010824203491211
precision = 0.5617283950617284
recall = 0.4619289340101523
