f1 = 0.6368715083798882
loss = 0.1292625807225704
precision = 0.8142857142857143
recall = 0.5229357798165137
