f1 = 0.48447204968944096
loss = 0.16755049526691437
precision = 0.75
recall = 0.3577981651376147
