f1 = 0.1546134663341646
loss = 0.4860191524028778
precision = 0.14027149321266968
recall = 0.17222222222222222
