f1 = 0.31799163179916323
loss = 0.2204894468188286
precision = 0.2923076923076923
recall = 0.3486238532110092
