f1 = 0.8065395095367848
loss = 0.2151612788438797
precision = 0.8862275449101796
recall = 0.74
