f1 = 0.7380607814761216
loss = 0.2612542975693941
precision = 0.7024793388429752
recall = 0.7774390243902439
