f1 = 0.9071373752877974
loss = 0.10034546107053757
precision = 0.8887218045112782
recall = 0.9263322884012539
