f1 = 0.15712383488681758
loss = 0.7188176810741425
precision = 0.13947990543735225
recall = 0.1798780487804878
