f1 = 0.757123473541384
loss = 0.2421342223882675
precision = 0.7400530503978779
recall = 0.775
