f1 = 0.8698777857656362
loss = 0.22666125297546386
precision = 0.8437935843793585
recall = 0.8976261127596439
