f1 = 0.7386363636363636
loss = 0.26528266370296477
precision = 0.7558139534883721
recall = 0.7222222222222222
