f1 = 0.8856259659969088
loss = 0.10044345855712891
precision = 0.8734756097560976
recall = 0.8981191222570533
