f1 = 0.6425339366515835
loss = 0.09171442985534668
precision = 0.6339285714285714
recall = 0.6513761467889908
