f1 = 0.6503067484662576
loss = 0.2475091703236103
precision = 0.5824175824175825
recall = 0.7361111111111112
