f1 = 0.7183908045977012
loss = 0.292379979044199
precision = 0.6793478260869565
recall = 0.7621951219512195
