f1 = 0.15450643776824036
loss = 0.1392292469739914
precision = 0.14516129032258066
recall = 0.1651376146788991
