f1 = 0.0058823529411764705
loss = 1.2766365647315978
precision = 0.3333333333333333
recall = 0.002967359050445104
