f1 = 0.7982062780269058
loss = 0.08426246494054794
precision = 0.7807017543859649
recall = 0.8165137614678899
