f1 = 0.4353591160220994
loss = 0.5771851539611816
precision = 0.686411149825784
recall = 0.3187702265372168
