f1 = 0.7090909090909091
loss = 0.06777507551014424
precision = 0.7027027027027027
recall = 0.7155963302752294
