f1 = 0.05509852687966329
loss = 1.6687987294851565
precision = 0.6956521739130435
recall = 0.028685258964143426
