f1 = 0.03463203463203463
loss = 0.23676260709762573
precision = 0.03278688524590164
recall = 0.03669724770642202
