f1 = 0.2709867452135493
loss = 0.4235529974102974
precision = 0.23529411764705882
recall = 0.3194444444444444
