f1 = 0.04878048780487805
loss = 1.2906519770622253
precision = 0.625
recall = 0.025380710659898477
