f1 = 0.7158992180712426
loss = 0.2727894961833954
precision = 0.8512396694214877
recall = 0.6176911544227887
