f1 = 0.06176470588235294
loss = 0.7618167042732239
precision = 0.05660377358490566
recall = 0.06796116504854369
