f1 = 0.8706467661691543
loss = 0.15455864742398262
precision = 0.8663366336633663
recall = 0.875
