f1 = 0.912720156555773
loss = 0.0926954136783595
precision = 0.8969230769230769
recall = 0.9290836653386454
