f1 = 0.33333333333333337
loss = 0.17629194930195807
precision = 0.6857142857142857
recall = 0.22018348623853212
