f1 = 0.7631814119749776
loss = 0.2957788646221161
precision = 0.8877338877338877
recall = 0.6692789968652038
