f1 = 0.17094017094017092
loss = 0.18614433854818344
precision = 0.16
recall = 0.1834862385321101
