f1 = 0.7063089195068891
loss = 0.12695345282554626
precision = 0.6839887640449438
recall = 0.7301349325337332
