f1 = 0.7364746945898778
loss = 0.30072645992040636
precision = 0.8307086614173228
recall = 0.6614420062695925
