f1 = 0.5367875647668394
loss = 0.4758951723575592
precision = 0.8691275167785235
recall = 0.38830584707646176
