f1 = 0.8636042402826856
loss = 0.1761069767177105
precision = 0.8245614035087719
recall = 0.9065281899109793
