f1 = 0.5987261146496816
loss = 0.28545754700899123
precision = 0.573170731707317
recall = 0.6266666666666667
