f1 = 0.7312414733969986
loss = 0.25450878739356997
precision = 0.7184986595174263
recall = 0.7444444444444445
