f1 = 0.9207048458149779
loss = 0.07676032111048699
precision = 0.902158273381295
recall = 0.9400299850074962
