f1 = 0.010928961748633882
loss = 1.15715491771698
precision = 0.009900990099009901
recall = 0.012195121951219513
