f1 = 0.8484848484848485
loss = 0.16837827265262603
precision = 0.8364779874213837
recall = 0.86084142394822
