f1 = 0.22680412371134018
loss = 0.7590729594230652
precision = 0.35106382978723405
recall = 0.16751269035532995
