f1 = 0.589101620029455
loss = 0.33222931027412417
precision = 0.5405405405405406
recall = 0.6472491909385113
