f1 = 0.5917808219178082
loss = 0.43853944540023804
precision = 0.6428571428571429
recall = 0.5482233502538071
