f1 = 0.4784313725490196
loss = 0.40442211031913755
precision = 0.7052023121387283
recall = 0.3620178041543027
