f1 = 0.1688888888888889
loss = 1.3373557329177856
precision = 0.6785714285714286
recall = 0.09644670050761421
