f1 = 0.9440993788819876
loss = 0.054115573316812514
precision = 0.9353846153846154
recall = 0.9529780564263323
