f1 = 0.804416403785489
loss = 0.25686195194721223
precision = 0.7846153846153846
recall = 0.8252427184466019
