f1 = 0.8059467918622848
loss = 0.20919340550899507
precision = 0.7803030303030303
recall = 0.8333333333333334
