f1 = 0.8745519713261649
loss = 0.2159469246864319
precision = 0.8460471567267683
recall = 0.9050445103857567
