f1 = 0.8115015974440895
loss = 0.25365116000175475
precision = 0.8012618296529969
recall = 0.8220064724919094
