f1 = 0.3790849673202614
loss = 0.15114230364561082
precision = 0.6590909090909091
recall = 0.26605504587155965
