f1 = 0.6656671664167916
loss = 0.2160740852355957
precision = 0.6379310344827587
recall = 0.6959247648902821
