f1 = 0.9370670888581042
loss = 0.07402157139600318
precision = 0.9309870232009437
recall = 0.9432270916334662
