f1 = 0.6445012787723785
loss = 0.4802200496196747
precision = 0.6494845360824743
recall = 0.6395939086294417
