f1 = 0.017391304347826087
loss = 0.3392034888267517
precision = 0.16666666666666666
recall = 0.009174311926605505
