f1 = 0.7596153846153847
loss = 0.10473651364445687
precision = 0.797979797979798
recall = 0.7247706422018348
