f1 = 0.743119266055046
loss = 0.19250307604670525
precision = 0.7253731343283583
recall = 0.7617554858934169
