f1 = 0.916485112563544
loss = 0.08808755055069924
precision = 0.8887323943661972
recall = 0.9460269865067467
