f1 = 0.9110204081632653
loss = 0.08894480876624584
precision = 0.8928
recall = 0.93
