f1 = 0.8777863182167562
loss = 0.10089182257652282
precision = 0.861236802413273
recall = 0.8949843260188087
