f1 = 0.5885885885885885
loss = 0.5324036478996277
precision = 0.7205882352941176
recall = 0.49746192893401014
