f1 = 0.0425531914893617
loss = 0.6607449948787689
precision = 0.13157894736842105
recall = 0.025380710659898477
