f1 = 0.6696495152870992
loss = 0.1704025998711586
precision = 0.6386913229018493
recall = 0.7037617554858934
