f1 = 0.015384615384615385
loss = 1.1630376338958741
precision = 0.01455026455026455
recall = 0.016320474777448073
