f1 = 0.7664587664587664
loss = 0.18543180227279663
precision = 0.7191157347204161
recall = 0.8204747774480712
