f1 = 0.698340874811463
loss = 0.2318365290760994
precision = 0.7101226993865031
recall = 0.6869436201780416
