f1 = 0.2607407407407407
loss = 0.5535326361656189
precision = 0.24719101123595505
recall = 0.27586206896551724
