f1 = 0.5140845070422535
loss = 0.21076753586530686
precision = 0.4451219512195122
recall = 0.6083333333333333
