f1 = 0.7672849915682968
loss = 0.2531552404165268
precision = 0.801056338028169
recall = 0.7362459546925566
