f1 = 0.6113989637305699
loss = 0.45614683628082275
precision = 0.6243386243386243
recall = 0.5989847715736041
