f1 = 0.357630979498861
loss = 0.7133419573307037
precision = 0.7696078431372549
recall = 0.23293768545994065
