f1 = 0.7312775330396476
loss = 0.108211188018322
precision = 0.7033898305084746
recall = 0.7614678899082569
