f1 = 0.7212978369384359
loss = 0.2564123909847409
precision = 0.7545691906005222
recall = 0.6908366533864542
