f1 = 0.020000000000000004
loss = 1.1933409690856933
precision = 0.017902813299232736
recall = 0.022653721682847898
