f1 = 0.7311258278145694
loss = 0.23632989525794984
precision = 0.6987341772151898
recall = 0.7666666666666667
