f1 = 0.12265512265512266
loss = 0.5591838777065277
precision = 0.11067708333333333
recall = 0.13754045307443366
