f1 = 0.08071748878923768
loss = 1.2065871357917786
precision = 0.8709677419354839
recall = 0.04231974921630094
