f1 = 0.36
loss = 0.35144099593162537
precision = 0.39705882352941174
recall = 0.32926829268292684
