f1 = 0.00552486187845304
loss = 1.2137995809316635
precision = 0.005050505050505051
recall = 0.006097560975609756
