f1 = 0.7677725118483412
loss = 0.08302109688520432
precision = 0.7941176470588235
recall = 0.7431192660550459
