f1 = 0.19746121297602257
loss = 0.3575801134109497
precision = 0.20057306590257878
recall = 0.19444444444444445
