f1 = 0.5028571428571428
loss = 0.25925529301166533
precision = 0.43951165371809103
recall = 0.5875370919881305
