f1 = 0.8239815526518063
loss = 0.14163263738155366
precision = 0.808446455505279
recall = 0.8401253918495298
