f1 = 0.8201099764336214
loss = 0.24415589570999147
precision = 0.7969465648854962
recall = 0.8446601941747572
