f1 = 0.8577816661806162
loss = 0.12839481857786178
precision = 0.8376685019935447
recall = 0.8788844621513944
