f1 = 0.8907692307692309
loss = 0.11640502363443375
precision = 0.9146919431279621
recall = 0.8680659670164917
