f1 = 0.04830917874396135
loss = 0.6648638844490051
precision = 0.04608294930875576
recall = 0.050761421319796954
