f1 = 0.1374570446735395
loss = 0.6693035662174225
precision = 0.2127659574468085
recall = 0.10152284263959391
