f1 = 0.021036814425244178
loss = 1.1411188125610352
precision = 0.019635343618513323
recall = 0.022653721682847898
