f1 = 0.3271983640081799
loss = 0.6560692846775055
precision = 0.6201550387596899
recall = 0.2222222222222222
