f1 = 0.9086499595796281
loss = 0.11518195196986199
precision = 0.8822605965463108
recall = 0.9366666666666666
