f1 = 0.7982583454281568
loss = 0.11428150460124016
precision = 0.7735583684950773
recall = 0.8245877061469266
