f1 = 0.7802690582959642
loss = 0.09039289876818657
precision = 0.7631578947368421
recall = 0.7981651376146789
