f1 = 0.20087336244541484
loss = 1.1123830676078796
precision = 0.71875
recall = 0.116751269035533
