f1 = 0.8747315676449535
loss = 0.21302476525306702
precision = 0.8450899031811895
recall = 0.9065281899109793
