f1 = 0.8087431693989071
loss = 0.23039166182279586
precision = 0.7812971342383107
recall = 0.8381877022653722
