f1 = 0.5347786811201446
loss = 0.31036791801452634
precision = 0.6836027713625866
recall = 0.4391691394658754
