f1 = 0.21224489795918366
loss = 1.0306260287761688
precision = 0.5416666666666666
recall = 0.1319796954314721
