f1 = 0.5913978494623655
loss = 0.41592851281166077
precision = 0.6285714285714286
recall = 0.5583756345177665
