f1 = 0.5598243688254665
loss = 0.6252906799316407
precision = 0.819935691318328
recall = 0.425
