f1 = 0.8256484149855907
loss = 0.21314486712217331
precision = 0.8025210084033614
recall = 0.8501483679525222
