f1 = 0.7931623931623931
loss = 0.23579170256853105
precision = 0.8721804511278195
recall = 0.7272727272727273
