f1 = 0.4963655244029076
loss = 0.46554813981056214
precision = 0.6927536231884058
recall = 0.38673139158576053
