f1 = 0.6105263157894737
loss = 0.4554115831851959
precision = 0.6338797814207651
recall = 0.5888324873096447
