f1 = 0.6487935656836461
loss = 0.4476209729909897
precision = 0.6875
recall = 0.6142131979695431
