f1 = 0.21697416974169742
loss = 0.6636915743350983
precision = 0.20502092050209206
recall = 0.2304075235109718
