f1 = 0.7870868562644121
loss = 0.1762656882405281
precision = 0.7496339677891655
recall = 0.8284789644012945
