f1 = 0.8076398362892224
loss = 0.1865467384457588
precision = 0.7935656836461126
recall = 0.8222222222222222
