f1 = 0.8805409466566491
loss = 0.10161069184541702
precision = 0.8455988455988456
recall = 0.9184952978056427
