f1 = 0.7460545193687231
loss = 0.27146344631910324
precision = 0.7046070460704607
recall = 0.7926829268292683
