f1 = 0.11677753141167775
loss = 1.0692958235740662
precision = 0.11048951048951049
recall = 0.1238244514106583
