f1 = 0.30390738060781475
loss = 0.4843059256672859
precision = 0.26054590570719605
recall = 0.3645833333333333
