f1 = 0.8640226628895183
loss = 0.22800755947828294
precision = 0.8265582655826558
recall = 0.9050445103857567
