f1 = 0.31188118811881194
loss = 0.6083600223064423
precision = 0.30434782608695654
recall = 0.3197969543147208
