f1 = 0.09870129870129869
loss = 1.08249893784523
precision = 0.10106382978723404
recall = 0.09644670050761421
