f1 = 0.40348692403486924
loss = 0.3407919108867645
precision = 0.3656884875846501
recall = 0.45
