f1 = 0.4250343878954607
loss = 0.3051653265953064
precision = 0.39615384615384613
recall = 0.45845697329376855
