f1 = 0.5509433962264151
loss = 0.2599432736635208
precision = 0.503448275862069
recall = 0.6083333333333333
