f1 = 0.8979591836734695
loss = 0.12317145615816116
precision = 0.873758865248227
recall = 0.9235382308845578
