f1 = 0.8258992805755396
loss = 0.12747359797358512
precision = 0.8016759776536313
recall = 0.8516320474777448
