f1 = 0.8819776714513556
loss = 0.11810929998755455
precision = 0.845565749235474
recall = 0.9216666666666666
