f1 = 0.03445575567736883
loss = 1.2707326650619506
precision = 0.03249630723781388
recall = 0.03666666666666667
