f1 = 0.011095700416088766
loss = 1.23386949300766
precision = 0.010416666666666666
recall = 0.011869436201780416
