f1 = 0.6816143497757847
loss = 0.10015714969485998
precision = 0.6666666666666666
recall = 0.6972477064220184
