f1 = 0.7361867704280156
loss = 0.1941578820347786
precision = 0.7091454272863568
recall = 0.7653721682847896
