f1 = 0.900990099009901
loss = 0.09591436125338078
precision = 0.8921568627450981
recall = 0.91
