f1 = 0.844519966015293
loss = 0.1662813603878021
precision = 0.8613518197573656
recall = 0.8283333333333334
