f1 = 0.3571428571428572
loss = 0.5746513903141022
precision = 0.358974358974359
recall = 0.3553299492385787
