f1 = 0.6382978723404256
loss = 0.12238399609923363
precision = 0.759493670886076
recall = 0.5504587155963303
