f1 = 0.8587650816181689
loss = 0.23164195716381072
precision = 0.8231292517006803
recall = 0.8976261127596439
