f1 = 0.03032069970845481
loss = 1.7885038057963054
precision = 0.624
recall = 0.015537848605577689
