f1 = 0.56656346749226
loss = 0.26877904683351517
precision = 0.5111731843575419
recall = 0.6354166666666666
