f1 = 0.39864864864864863
loss = 0.7135205864906311
precision = 0.5959595959595959
recall = 0.29949238578680204
