f1 = 0.8558758314855875
loss = 0.1805855415761471
precision = 0.8527245949926362
recall = 0.8590504451038575
