f1 = 0.7280701754385966
loss = 0.08254803270101548
precision = 0.6974789915966386
recall = 0.7614678899082569
