f1 = 0.05240174672489083
loss = 0.19315890818834305
precision = 0.05
recall = 0.05504587155963303
