f1 = 0.6108065779169929
loss = 0.24641007632017137
precision = 0.5760709010339734
recall = 0.65
