f1 = 0.7746686303387335
loss = 0.27071981877088547
precision = 0.7492877492877493
recall = 0.801829268292683
