f1 = 0.7547770700636942
loss = 0.23040993511676788
precision = 0.6970588235294117
recall = 0.8229166666666666
