f1 = 0.884297520661157
loss = 0.14167650565505027
precision = 0.8770491803278688
recall = 0.8916666666666667
