f1 = 0.43410852713178294
loss = 0.2363131284713745
precision = 0.4057971014492754
recall = 0.4666666666666667
