f1 = 0.7136150234741785
loss = 0.11947777420282364
precision = 0.7307692307692307
recall = 0.6972477064220184
