f1 = 0.7259684361549498
loss = 0.2863376922905445
precision = 0.6856368563685636
recall = 0.7713414634146342
