f1 = 0.8015384615384616
loss = 0.1514654837548733
precision = 0.7870090634441088
recall = 0.8166144200626959
