f1 = 0.596923076923077
loss = 0.23900236189365387
precision = 0.5359116022099447
recall = 0.6736111111111112
