f1 = 0.9167280766396464
loss = 0.10779051929712295
precision = 0.9014492753623189
recall = 0.9325337331334332
