f1 = 0.41805225653206657
loss = 0.5446105599403381
precision = 0.6616541353383458
recall = 0.3055555555555556
