f1 = 0.6640726329442284
loss = 0.20803066343069077
precision = 0.6228710462287105
recall = 0.7111111111111111
