f1 = 0.7747886241352805
loss = 0.1627478778362274
precision = 0.7601809954751131
recall = 0.7899686520376176
