f1 = 0.9350073855243722
loss = 0.07859249114990234
precision = 0.9213973799126638
recall = 0.9490254872563718
