f1 = 0.7694406548431104
loss = 0.22991042137145995
precision = 0.7560321715817694
recall = 0.7833333333333333
