f1 = 0.6383363471971067
loss = 0.3471786201000214
precision = 0.8171296296296297
recall = 0.5237388724035609
