f1 = 0.25314685314685315
loss = 0.45787209272384644
precision = 0.23941798941798942
recall = 0.2685459940652819
