f1 = 0.32464454976303314
loss = 0.7513626515865326
precision = 0.8058823529411765
recall = 0.2032640949554896
