f1 = 0.016715257531584062
loss = 1.7058078845342
precision = 0.344
recall = 0.008565737051792829
