f1 = 0.4549356223175966
loss = 0.12856104150414466
precision = 0.4274193548387097
recall = 0.48623853211009177
