f1 = 0.7446808510638298
loss = 0.29969534277915955
precision = 0.8571428571428571
recall = 0.658307210031348
