f1 = 0.16289592760180993
loss = 1.1863991022109985
precision = 0.75
recall = 0.09137055837563451
