f1 = 0.6634768740031899
loss = 0.2967747822403908
precision = 0.6135693215339233
recall = 0.7222222222222222
