f1 = 0.9270449521002211
loss = 0.0853843294084072
precision = 0.9115942028985508
recall = 0.9430284857571214
