f1 = 0.7725631768953067
loss = 0.14793068766593934
precision = 0.745125348189415
recall = 0.8020989505247377
