f1 = 0.906441717791411
loss = 0.10305811911821365
precision = 0.8873873873873874
recall = 0.9263322884012539
