f1 = 0.5898123324396782
loss = 0.42543652653694153
precision = 0.625
recall = 0.5583756345177665
