f1 = 0.09715475364330325
loss = 0.8036064863204956
precision = 0.09043927648578812
recall = 0.10494752623688156
