f1 = 0.6272189349112425
loss = 0.5099830627441406
precision = 0.75177304964539
recall = 0.5380710659898477
