f1 = 0.046082949308755755
loss = 0.9037986099720001
precision = 0.25
recall = 0.025380710659898477
