f1 = 0.7592190889370933
loss = 0.10765066370368004
precision = 0.7332402234636871
recall = 0.7871064467766117
