f1 = 0.7262830482115086
loss = 0.26759549528360366
precision = 0.6991017964071856
recall = 0.7556634304207119
