f1 = 0.5909090909090909
loss = 0.20268335044384003
precision = 0.5695876288659794
recall = 0.6138888888888889
