f1 = 0.6666666666666666
loss = 0.08066264912486076
precision = 0.7558139534883721
recall = 0.5963302752293578
