f1 = 0.9090909090909092
loss = 0.10568103641271591
precision = 0.8895265423242468
recall = 0.9295352323838081
