f1 = 0.38530838530838535
loss = 0.3872313737869263
precision = 0.3582474226804124
recall = 0.41679160419790107
