f1 = 0.22448979591836735
loss = 0.6609187126159668
precision = 0.3402061855670103
recall = 0.16751269035532995
