f1 = 0.7012987012987012
loss = 0.22867143005132676
precision = 0.6585365853658537
recall = 0.75
