f1 = 0.7935656836461127
loss = 0.1927097484469414
precision = 0.7668393782383419
recall = 0.8222222222222222
