f1 = 0.8559322033898304
loss = 0.18628159835934638
precision = 0.816711590296496
recall = 0.8991097922848664
