f1 = 0.39694656488549623
loss = 0.5091636031866074
precision = 0.3979591836734694
recall = 0.39593908629441626
