f1 = 0.7648953301127214
loss = 0.1763842910528183
precision = 0.7398753894080997
recall = 0.7916666666666666
