f1 = 0.01084010840108401
loss = 1.2050573378801346
precision = 0.00975609756097561
recall = 0.012195121951219513
