f1 = 0.7866772402854877
loss = 0.1333647720515728
precision = 0.7503782148260212
recall = 0.8266666666666667
