f1 = 0.4037780401416765
loss = 0.6572927951812744
precision = 0.7467248908296943
recall = 0.2766990291262136
