f1 = 0.35258358662613987
loss = 0.32446064427495
precision = 0.31351351351351353
recall = 0.4027777777777778
