f1 = 0.8139204545454546
loss = 0.20202923566102982
precision = 0.7806539509536785
recall = 0.8501483679525222
