f1 = 0.05357142857142857
loss = 0.32302341163158416
precision = 1.0
recall = 0.027522935779816515
