f1 = 0.8300341296928327
loss = 0.21450423449277878
precision = 0.7686472819216182
recall = 0.9020771513353115
