f1 = 0.7189097103918227
loss = 0.28103313967585564
precision = 0.705685618729097
recall = 0.7326388888888888
