f1 = 0.8248407643312102
loss = 0.2637528836727142
precision = 0.8119122257053292
recall = 0.8381877022653722
