f1 = 0.8987618353969411
loss = 0.10156184285879136
precision = 0.8739376770538244
recall = 0.9250374812593704
