f1 = 0.827927548441449
loss = 0.16084624421508872
precision = 0.8782394995531725
recall = 0.7830677290836653
