f1 = 0.697508896797153
loss = 0.23268358036875725
precision = 0.7153284671532847
recall = 0.6805555555555556
