f1 = 0.02586206896551724
loss = 0.9340635538101196
precision = 0.022058823529411766
recall = 0.03125
