f1 = 0.9153846153846155
loss = 0.08622097074985505
precision = 0.8987915407854985
recall = 0.932601880877743
