f1 = 0.6350435624394967
loss = 0.43188042044639585
precision = 0.7903614457831325
recall = 0.5307443365695793
