f1 = 0.11613876319758674
loss = 0.9579704284667969
precision = 0.1119186046511628
recall = 0.1206896551724138
