f1 = 0.425569176882662
loss = 0.3806611180305481
precision = 0.511578947368421
recall = 0.36431784107946025
