f1 = 0.5197740112994349
loss = 0.6016444489359856
precision = 0.6798029556650246
recall = 0.42073170731707316
