f1 = 0.8825347758887172
loss = 0.1038968250155449
precision = 0.8704268292682927
recall = 0.8949843260188087
