f1 = 0.6441281138790035
loss = 0.4089237630367279
precision = 0.8044444444444444
recall = 0.5370919881305638
