f1 = 0.8732193732193733
loss = 0.17333429753780366
precision = 0.8397260273972603
recall = 0.9094955489614244
