f1 = 0.7719298245614035
loss = 0.23430977016687393
precision = 0.7506561679790026
recall = 0.7944444444444444
