f1 = 0.6651752423564504
loss = 0.1994412675499916
precision = 0.6344238975817923
recall = 0.6990595611285266
