f1 = 0.711340206185567
loss = 0.10596601963043213
precision = 0.8117647058823529
recall = 0.6330275229357798
