f1 = 0.48920863309352514
loss = 0.23868111670017242
precision = 0.43387470997679817
recall = 0.56071964017991
