f1 = 0.7043618739903068
loss = 0.28936420679092406
precision = 0.8416988416988417
recall = 0.6055555555555555
