f1 = 0.03493449781659389
loss = 0.25065446346998216
precision = 0.03333333333333333
recall = 0.03669724770642202
