f1 = 0.8012519561815337
loss = 0.2508202791213989
precision = 0.7757575757575758
recall = 0.8284789644012945
