f1 = 0.8734491315136477
loss = 0.1630892463028431
precision = 0.8669950738916257
recall = 0.88
