f1 = 0.6212534059945503
loss = 0.48051318526268005
precision = 0.6705882352941176
recall = 0.5786802030456852
