f1 = 0.726207906295754
loss = 0.3074711970984936
precision = 0.6985915492957746
recall = 0.7560975609756098
