f1 = 0.8633093525179856
loss = 0.16450129821896553
precision = 0.8530805687203792
recall = 0.8737864077669902
