f1 = 0.9242089771891097
loss = 0.0815654769539833
precision = 0.9075144508670521
recall = 0.9415292353823088
