f1 = 0.7041847041847041
loss = 0.29954769089818
precision = 0.6684931506849315
recall = 0.7439024390243902
