f1 = 0.9188405797101449
loss = 0.0886356309056282
precision = 0.8892005610098177
recall = 0.9505247376311844
