f1 = 0.6369337979094076
loss = 0.30097001492977143
precision = 0.6005256241787122
recall = 0.6780415430267063
