f1 = 0.8524590163934427
loss = 0.16061767116189002
precision = 0.8934707903780069
recall = 0.8150470219435737
