f1 = 0.548076923076923
loss = 0.23210596665740013
precision = 0.5089285714285714
recall = 0.59375
