f1 = 0.6844919786096256
loss = 0.1262790285050869
precision = 0.8205128205128205
recall = 0.5871559633027523
