f1 = 0.26174496644295303
loss = 0.6837968826293945
precision = 0.38613861386138615
recall = 0.19796954314720813
