f1 = 0.7272727272727273
loss = 0.30342983454465866
precision = 0.7005649717514124
recall = 0.7560975609756098
