f1 = 0.9261447562776957
loss = 0.08480729684233665
precision = 0.9126637554585153
recall = 0.9400299850074962
