f1 = 0.4308943089430894
loss = 0.46004777774214745
precision = 0.3878048780487805
recall = 0.4847560975609756
