f1 = 0.6335078534031413
loss = 0.5258960276842117
precision = 0.654054054054054
recall = 0.6142131979695431
