f1 = 0.04830917874396135
loss = 1.3711195588111877
precision = 0.5
recall = 0.025380710659898477
