f1 = 0.7394495412844037
loss = 0.2942398875951767
precision = 0.8915929203539823
recall = 0.6316614420062696
