f1 = 0.17068134893324155
loss = 0.7370522260665894
precision = 0.15917843388960207
recall = 0.18397626112759644
