f1 = 0.042994810971089696
loss = 0.9722397804260254
precision = 0.03967168262653899
recall = 0.04692556634304207
