f1 = 0.8748977923139821
loss = 0.13637520521879196
precision = 0.8587479935794543
recall = 0.8916666666666667
