f1 = 0.8761632068718682
loss = 0.2115357145667076
precision = 0.8464730290456431
recall = 0.9080118694362018
