f1 = 0.18770226537216828
loss = 0.5510019212961197
precision = 0.25892857142857145
recall = 0.14720812182741116
