f1 = 0.5348226018396847
loss = 0.22578758746385574
precision = 0.47995283018867924
recall = 0.6038575667655787
