f1 = 0.15558698727015557
loss = 1.0774633407592773
precision = 0.6179775280898876
recall = 0.0889967637540453
