f1 = 0.6875000000000001
loss = 0.1047256387770176
precision = 0.7951807228915663
recall = 0.6055045871559633
