f1 = 0.8555320648343904
loss = 0.1951167717576027
precision = 0.8147651006711409
recall = 0.900593471810089
