f1 = 0.3949044585987262
loss = 0.15841993540525437
precision = 0.6458333333333334
recall = 0.28440366972477066
