f1 = 0.8637450199203188
loss = 0.16491917744278908
precision = 0.8508634222919937
recall = 0.8770226537216829
