f1 = 0.06915629322268325
loss = 1.083542001247406
precision = 0.5102040816326531
recall = 0.037091988130563795
