f1 = 0.026858699883223043
loss = 1.7211357670671799
precision = 0.5847457627118644
recall = 0.013745019920318725
