f1 = 0.8741912293314162
loss = 0.19151699393987656
precision = 0.8479776847977685
recall = 0.9020771513353115
