f1 = 0.7290015847860539
loss = 0.25682004541158676
precision = 0.6705539358600583
recall = 0.7986111111111112
