f1 = 0.8423493044822257
loss = 0.1387847125530243
precision = 0.8307926829268293
recall = 0.85423197492163
