f1 = 0.32868217054263565
loss = 0.46779351234436034
precision = 0.3072463768115942
recall = 0.35333333333333333
