f1 = 0.8580750407830342
loss = 0.10113611668348313
precision = 0.8402555910543131
recall = 0.8766666666666667
