f1 = 0.09772256728778467
loss = 0.4043843246558133
precision = 0.10172413793103448
recall = 0.09402390438247012
