f1 = 0.26099706744868034
loss = 0.5395568788051606
precision = 0.2386058981233244
recall = 0.28802588996763756
