f1 = 0.2710997442455243
loss = 0.5191281288862228
precision = 0.27319587628865977
recall = 0.26903553299492383
