f1 = 0.7469879518072289
loss = 0.22446519881486893
precision = 0.7150610583446404
recall = 0.7818991097922848
