f1 = 0.6261682242990655
loss = 0.317058265209198
precision = 0.8459595959595959
recall = 0.4970326409495549
