f1 = 0.8216216216216217
loss = 0.16877997368574144
precision = 0.8
recall = 0.8444444444444444
