f1 = 0.00975609756097561
loss = 0.8321956098079681
precision = 0.125
recall = 0.005076142131979695
