f1 = 0.34848484848484845
loss = 0.5703796744346619
precision = 0.34673366834170855
recall = 0.350253807106599
