f1 = 0.0058910162002945516
loss = 1.4563092708587646
precision = 0.4
recall = 0.002967359050445104
