f1 = 0.7980613893376414
loss = 0.20407986491918564
precision = 0.774294670846395
recall = 0.8233333333333334
