f1 = 0.10937500000000001
loss = 0.7682403028011322
precision = 0.23728813559322035
recall = 0.07106598984771574
