f1 = 0.9233016800584367
loss = 0.10148543491959572
precision = 0.9002849002849003
recall = 0.9475262368815592
