f1 = 0.3560830860534125
loss = 0.6561515033245087
precision = 0.42857142857142855
recall = 0.30456852791878175
