f1 = 0.3361823361823362
loss = 0.521336704492569
precision = 0.38311688311688313
recall = 0.29949238578680204
