f1 = 0.764963503649635
loss = 0.2566033825278282
precision = 0.7338935574229691
recall = 0.7987804878048781
