f1 = 0.8152011922503726
loss = 0.1740576907992363
precision = 0.8188622754491018
recall = 0.8115727002967359
