f1 = 0.5099484156226971
loss = 0.22845345735549927
precision = 0.5065885797950219
recall = 0.5133531157270029
