f1 = 0.0028109627547434997
loss = 1.0575535297393799
precision = 0.0026702269692923898
recall = 0.002967359050445104
