f1 = 0.6153846153846154
loss = 0.35482393503189086
precision = 0.8367346938775511
recall = 0.486646884272997
