f1 = 0.8300835654596102
loss = 0.23828617334365845
precision = 0.7821522309711286
recall = 0.884272997032641
