f1 = 0.8474025974025975
loss = 0.15574208050966262
precision = 0.9238938053097345
recall = 0.782608695652174
