f1 = 0.1401541695865452
loss = 0.42192678451538085
precision = 0.13157894736842105
recall = 0.14992503748125938
