f1 = 0.008849557522123894
loss = 0.27434306740760805
precision = 0.008547008547008548
recall = 0.009174311926605505
