f1 = 0.6517857142857142
loss = 0.26533242464065554
precision = 0.6033057851239669
recall = 0.7087378640776699
