f1 = 0.8792822185970637
loss = 0.11853722482919693
precision = 0.8610223642172524
recall = 0.8983333333333333
