f1 = 0.7460087082728593
loss = 0.2960159666836262
precision = 0.7119113573407202
recall = 0.7835365853658537
