f1 = 0.8866571018651364
loss = 0.16764842718839645
precision = 0.8583333333333333
recall = 0.9169139465875371
