f1 = 0.029850746268656712
loss = 1.150509536266327
precision = 0.75
recall = 0.015228426395939087
