f1 = 0.010101010101010102
loss = 1.042807936668396
precision = 1.0
recall = 0.005076142131979695
