f1 = 0.6541786743515849
loss = 0.34849224239587784
precision = 0.6202185792349727
recall = 0.6920731707317073
