f1 = 0.7846743295019157
loss = 0.12863034009933472
precision = 0.767616191904048
recall = 0.8025078369905956
