f1 = 0.8888888888888888
loss = 0.17944532483816147
precision = 0.8497970230040596
recall = 0.9317507418397626
