f1 = 0.8650406504065041
loss = 0.10301790051162243
precision = 0.8444444444444444
recall = 0.8866666666666667
