f1 = 0.2857142857142857
loss = 0.6371109783649445
precision = 0.2925531914893617
recall = 0.27918781725888325
