f1 = 0.3144963144963145
loss = 0.5915410667657852
precision = 0.3047619047619048
recall = 0.3248730964467005
