f1 = 0.614929785661493
loss = 0.26068465411663055
precision = 0.5659863945578232
recall = 0.6731391585760518
