f1 = 0.018361581920903956
loss = 1.1478946447372436
precision = 0.017356475300400534
recall = 0.019490254872563718
