f1 = 0.7901234567901235
loss = 0.24964653551578522
precision = 0.7551622418879056
recall = 0.8284789644012945
