f1 = 0.8752052545155993
loss = 0.10511059649288654
precision = 0.8624595469255664
recall = 0.8883333333333333
