f1 = 0.46458923512747874
loss = 0.41533128172159195
precision = 0.43386243386243384
recall = 0.5
