f1 = 0.8241610738255034
loss = 0.17543647289276124
precision = 0.7974025974025974
recall = 0.8527777777777777
