f1 = 0.899751449875725
loss = 0.09972422383725643
precision = 0.8945634266886326
recall = 0.905
