f1 = 0.8500707213578501
loss = 0.18701094686985015
precision = 0.8121621621621622
recall = 0.8916913946587537
