f1 = 0.22962112514351318
loss = 0.46812092065811156
precision = 0.3952569169960474
recall = 0.16181229773462782
