f1 = 0.5266106442577031
loss = 0.45249132812023163
precision = 0.5875
recall = 0.47715736040609136
