f1 = 0.873758865248227
loss = 0.1772385135293007
precision = 0.8369565217391305
recall = 0.913946587537092
