f1 = 0.08287292817679559
loss = 1.312477022409439
precision = 0.4411764705882353
recall = 0.04573170731707317
