f1 = 0.028044280442804426
loss = 1.1333662271499634
precision = 0.025780189959294438
recall = 0.030744336569579287
