f1 = 0.3502958579881657
loss = 0.6190726399421692
precision = 0.8314606741573034
recall = 0.22188905547226387
