f1 = 0.37967115097159937
loss = 0.4206193059682846
precision = 0.3628571428571429
recall = 0.3981191222570533
