f1 = 0.9143279172821271
loss = 0.11939447969198227
precision = 0.901018922852984
recall = 0.9280359820089955
