f1 = 0.5757575757575758
loss = 0.4764309823513031
precision = 0.5728643216080402
recall = 0.5786802030456852
