f1 = 0.5404996214988645
loss = 0.2526973605155945
precision = 0.5226939970717424
recall = 0.5595611285266457
