f1 = 0.21940298507462686
loss = 0.5535639941692352
precision = 0.2094017094017094
recall = 0.2304075235109718
