f1 = 0.24324324324324326
loss = 0.11991297751665116
precision = 0.46153846153846156
recall = 0.1651376146788991
