f1 = 0.49504950495049505
loss = 0.6859395653009415
precision = 0.7062146892655368
recall = 0.38109756097560976
