f1 = 0.6899563318777293
loss = 0.2796318270266056
precision = 0.6601671309192201
recall = 0.7225609756097561
