f1 = 0.45427728613569324
loss = 0.6485131978988647
precision = 0.5422535211267606
recall = 0.39086294416243655
