f1 = 0.3391442155309033
loss = 0.3957364931702614
precision = 0.3119533527696793
recall = 0.3715277777777778
