f1 = 0.8844884488448845
loss = 0.11970199644565582
precision = 0.8758169934640523
recall = 0.8933333333333333
