f1 = 0.8571428571428571
loss = 0.17324258387088776
precision = 0.8494271685761048
recall = 0.865
