f1 = 0.8427773343974461
loss = 0.2159757435321808
precision = 0.831496062992126
recall = 0.8543689320388349
