f1 = 0.039999999999999994
loss = 1.1734438389539719
precision = 0.5
recall = 0.020833333333333332
