f1 = 0.2718023255813954
loss = 0.3552708923816681
precision = 0.25338753387533874
recall = 0.29310344827586204
