f1 = 0.12598425196850394
loss = 0.929743230342865
precision = 0.2807017543859649
recall = 0.08121827411167512
