f1 = 0.6011560693641619
loss = 0.13198351860046387
precision = 0.8125
recall = 0.47706422018348627
