f1 = 0.24434389140271492
loss = 0.7133483052253723
precision = 0.6585365853658537
recall = 0.15
