f1 = 0.9334319526627219
loss = 0.09233923032879829
precision = 0.9211678832116789
recall = 0.9460269865067467
