f1 = 0.714603409933284
loss = 0.2644008114933968
precision = 0.7140740740740741
recall = 0.7151335311572701
