f1 = 0.5075125208681136
loss = 0.4283934682607651
precision = 0.4887459807073955
recall = 0.5277777777777778
