f1 = 0.8549075391180654
loss = 0.23209332674741745
precision = 0.8210382513661202
recall = 0.8916913946587537
