f1 = 0.8253706754530478
loss = 0.20392266884446145
precision = 0.8159609120521173
recall = 0.835
