f1 = 0.7492625368731564
loss = 0.32599205523729324
precision = 0.7257142857142858
recall = 0.774390243902439
