f1 = 0.14545454545454545
loss = 1.325682818889618
precision = 0.6956521739130435
recall = 0.08121827411167512
