f1 = 0.513986013986014
loss = 0.5300506681203843
precision = 0.6933962264150944
recall = 0.4083333333333333
