f1 = 0.03303303303303304
loss = 1.2812973976135253
precision = 0.03081232492997199
recall = 0.03559870550161812
