f1 = 0.27419354838709675
loss = 0.5562353909015656
precision = 0.25067024128686327
recall = 0.30258899676375406
