f1 = 0.7592592592592593
loss = 0.19360189586877824
precision = 0.7247474747474747
recall = 0.7972222222222223
