f1 = 0.6973058637083994
loss = 0.22700303047895432
precision = 0.641399416909621
recall = 0.7638888888888888
