f1 = 0.7692307692307694
loss = 0.22605531066656112
precision = 0.7480314960629921
recall = 0.7916666666666666
