f1 = 0.010624169986719787
loss = 1.4294570982456207
precision = 0.009411764705882352
recall = 0.012195121951219513
