f1 = 0.4477172312223859
loss = 0.23787042796611785
precision = 0.4222222222222222
recall = 0.47648902821316613
