f1 = 0.7227191413237924
loss = 0.28850161731243135
precision = 0.808
recall = 0.6537216828478964
