f1 = 0.14400000000000002
loss = 0.2319336250424385
precision = 0.5625
recall = 0.08256880733944955
