f1 = 0.3225806451612903
loss = 0.41981896162033083
precision = 0.2800953516090584
recall = 0.3802588996763754
