f1 = 0.6833333333333333
loss = 0.38584306091070175
precision = 0.7536764705882353
recall = 0.625
