f1 = 0.6571879936808845
loss = 0.3256761319935322
precision = 0.6819672131147541
recall = 0.6341463414634146
