f1 = 0.5049180327868853
loss = 0.31768268048763276
precision = 0.5292096219931272
recall = 0.4827586206896552
