f1 = 0.7683794466403161
loss = 0.2593249410390854
precision = 0.7511591962905718
recall = 0.7864077669902912
