f1 = 0.4678998911860718
loss = 0.6122828364372254
precision = 0.8531746031746031
recall = 0.32233883058470764
