f1 = 0.13741598207617625
loss = 0.7401072978973389
precision = 0.1276005547850208
recall = 0.1488673139158576
