f1 = 0.5030508474576271
loss = 0.2988977640867233
precision = 0.4631710362047441
recall = 0.5504451038575667
