f1 = 0.8671023965141612
loss = 0.19404859244823455
precision = 0.8492176386913229
recall = 0.8857566765578635
