f1 = 0.9229583975346688
loss = 0.08974222540855407
precision = 0.9075757575757576
recall = 0.9388714733542319
