f1 = 0.011019283746556476
loss = 1.1967679411172867
precision = 0.010050251256281407
recall = 0.012195121951219513
