f1 = 0.23796033994334276
loss = 0.6738545894622803
precision = 0.2692307692307692
recall = 0.2131979695431472
