f1 = 0.2549923195084486
loss = 0.4543004482984543
precision = 0.25696594427244585
recall = 0.2530487804878049
