f1 = 0.7403314917127072
loss = 0.2116985946893692
precision = 0.7362637362637363
recall = 0.7444444444444445
