f1 = 0.7543859649122807
loss = 0.24787982553243637
precision = 0.7247191011235955
recall = 0.7865853658536586
