f1 = 0.8457405986185724
loss = 0.18698120564222337
precision = 0.875993640699523
recall = 0.8175074183976261
