f1 = 0.03880983182406209
loss = 0.8005015254020691
precision = 0.03631961259079903
recall = 0.041666666666666664
