f1 = 0.8038897893030794
loss = 0.20750851556658745
precision = 0.7537993920972644
recall = 0.8611111111111112
