f1 = 0.43097643097643096
loss = 0.6217737197875977
precision = 0.64
recall = 0.3248730964467005
