f1 = 0.9273255813953488
loss = 0.08847738839685917
precision = 0.8998589562764457
recall = 0.9565217391304348
