f1 = 0.03738317757009345
loss = 0.6774267852306366
precision = 0.03463203463203463
recall = 0.04060913705583756
