f1 = 0.6756756756756757
loss = 0.0970700092613697
precision = 0.6637168141592921
recall = 0.6880733944954128
