f1 = 0.5885416666666666
loss = 0.4679044932126999
precision = 0.6042780748663101
recall = 0.5736040609137056
