f1 = 0.817790530846485
loss = 0.23092160671949385
precision = 0.7916666666666666
recall = 0.8456973293768546
