f1 = 0.008141112618724558
loss = 1.2925116270780563
precision = 0.007334963325183374
recall = 0.009146341463414634
