f1 = 0.044233807266982623
loss = 1.062507724761963
precision = 0.042042042042042045
recall = 0.04666666666666667
