f1 = 0.5536089698668535
loss = 0.33861054480075836
precision = 0.5245683930942895
recall = 0.586053412462908
