f1 = 0.6108247422680412
loss = 0.23987076729536055
precision = 0.5697115384615384
recall = 0.6583333333333333
