f1 = 0.6836248012718601
loss = 0.25118978321552277
precision = 0.6304985337243402
recall = 0.7465277777777778
