f1 = 0.020920502092050212
loss = 1.0429081201553345
precision = 0.019736842105263157
recall = 0.02225519287833828
