f1 = 0.7275132275132274
loss = 0.1941428452730179
precision = 0.6944444444444444
recall = 0.7638888888888888
