f1 = 0.5094850948509485
loss = 0.4561599791049957
precision = 0.5465116279069767
recall = 0.47715736040609136
