f1 = 0.7304347826086957
loss = 0.09829434007406235
precision = 0.6942148760330579
recall = 0.7706422018348624
