f1 = 0.3217391304347826
loss = 0.33349357545375824
precision = 0.33636363636363636
recall = 0.30833333333333335
