f1 = 0.6377649325626203
loss = 0.400508314371109
precision = 0.8921832884097035
recall = 0.4962518740629685
