f1 = 0.4867924528301887
loss = 0.5707676529884338
precision = 0.7588235294117647
recall = 0.35833333333333334
