f1 = 0.5535248041775457
loss = 0.5393143743276596
precision = 0.5698924731182796
recall = 0.5380710659898477
