f1 = 0.8206686930091184
loss = 0.132488651573658
precision = 0.7964601769911505
recall = 0.8463949843260188
