f1 = 0.5418502202643172
loss = 0.5718820869922638
precision = 0.7987012987012987
recall = 0.41
