f1 = 0.8868703550784476
loss = 0.14156167730689048
precision = 0.8788870703764321
recall = 0.895
