f1 = 0.6784660766961652
loss = 0.30313557386398315
precision = 0.6571428571428571
recall = 0.7012195121951219
