f1 = 0.8567026194144839
loss = 0.11746697947382927
precision = 0.8424242424242424
recall = 0.8714733542319749
