f1 = 0.9105454545454545
loss = 0.07743083164095879
precision = 0.884180790960452
recall = 0.9385307346326837
