f1 = 0.4672364672364672
loss = 0.5670919567346573
precision = 0.5324675324675324
recall = 0.41624365482233505
