f1 = 0.8883415435139572
loss = 0.11079683005809784
precision = 0.8754045307443366
recall = 0.9016666666666666
