f1 = 0.7897872340425532
loss = 0.2158860981464386
precision = 0.8330341113105925
recall = 0.7508090614886731
