f1 = 0.44162436548223344
loss = 0.5380911529064178
precision = 0.4416243654822335
recall = 0.4416243654822335
