f1 = 0.7740189445196209
loss = 0.21238120198249816
precision = 0.7546174142480211
recall = 0.7944444444444444
