f1 = 0.6271844660194175
loss = 0.4029148697853088
precision = 0.8898071625344353
recall = 0.48425787106446777
