f1 = 0.7919028340080971
loss = 0.24441955536603927
precision = 0.7700787401574803
recall = 0.815
