f1 = 0.6539074960127592
loss = 0.3011225648224354
precision = 0.6047197640117994
recall = 0.7118055555555556
