f1 = 0.5337286879169755
loss = 0.3036361217498779
precision = 0.49247606019151846
recall = 0.5825242718446602
