f1 = 0.8372093023255814
loss = 0.12621310353279114
precision = 0.8124118476727785
recall = 0.863568215892054
