f1 = 0.8310428455941794
loss = 0.19872445687651635
precision = 0.8580968280467446
recall = 0.8056426332288401
