f1 = 0.8783297336213103
loss = 0.18967606425285338
precision = 0.8531468531468531
recall = 0.9050445103857567
