f1 = 0.3940520446096654
loss = 0.33071704804897306
precision = 0.36451169188445665
recall = 0.42880258899676377
