f1 = 0.5580110497237568
loss = 0.4074399024248123
precision = 0.6121212121212121
recall = 0.5126903553299492
