f1 = 0.8167701863354037
loss = 0.20734763890504837
precision = 0.8566775244299675
recall = 0.7804154302670623
