f1 = 0.6811779769526249
loss = 0.2486707955598831
precision = 0.6318289786223278
recall = 0.7388888888888889
