f1 = 0.7885714285714285
loss = 0.1623810797929764
precision = 0.7244094488188977
recall = 0.8652037617554859
