f1 = 0.6685314685314686
loss = 0.30626193434000015
precision = 0.6175710594315246
recall = 0.7286585365853658
