f1 = 0.8614891913530824
loss = 0.1616852179169655
precision = 0.8526148969889065
recall = 0.8705501618122977
