f1 = 0.6200194363459669
loss = 0.37411542534828185
precision = 0.8812154696132597
recall = 0.4782608695652174
