f1 = 0.6925373134328359
loss = 0.3153073824942112
precision = 0.6783625730994152
recall = 0.7073170731707317
