f1 = 0.8207343412526998
loss = 0.21192649453878404
precision = 0.7972027972027972
recall = 0.8456973293768546
