f1 = 0.07653061224489797
loss = 1.0539317429065704
precision = 0.07692307692307693
recall = 0.07614213197969544
