f1 = 0.9144178874325366
loss = 0.09235387146472931
precision = 0.8998482549317147
recall = 0.9294670846394985
