f1 = 0.05472636815920398
loss = 0.9827618300914764
precision = 0.05365853658536585
recall = 0.05583756345177665
