f1 = 0.9344960856208503
loss = 0.08065367424655158
precision = 0.9297968842437389
recall = 0.9392430278884463
