f1 = 0.8677014042867701
loss = 0.16894178912043573
precision = 0.8645066273932254
recall = 0.870919881305638
