f1 = 0.03828483920367534
loss = 1.253519356250763
precision = 0.03541076487252125
recall = 0.041666666666666664
