f1 = 0.039401103230890466
loss = 1.2549269318580627
precision = 0.03736920777279522
recall = 0.041666666666666664
