f1 = 0.5169590643274854
loss = 0.24647563695907593
precision = 0.44646464646464645
recall = 0.6138888888888889
