f1 = 0.21748107364074332
loss = 0.48317455053329467
precision = 0.18922155688622755
recall = 0.255663430420712
