f1 = 0.8741159830268742
loss = 0.11201242730021477
precision = 0.8351351351351352
recall = 0.9169139465875371
