f1 = 0.8903654485049834
loss = 0.12966979220509528
precision = 0.8874172185430463
recall = 0.8933333333333333
