f1 = 0.020920502092050212
loss = 0.894702696800232
precision = 0.01955671447196871
recall = 0.022488755622188907
