f1 = 0.3515151515151515
loss = 0.5365566164255142
precision = 0.43609022556390975
recall = 0.29441624365482233
