f1 = 0.5063291139240506
loss = 0.5159775018692017
precision = 0.6722689075630253
recall = 0.40609137055837563
