f1 = 0.520951302378256
loss = 0.5946231603622436
precision = 0.8127208480565371
recall = 0.38333333333333336
