f1 = 0.28820960698689957
loss = 0.16360002160072326
precision = 0.275
recall = 0.30275229357798167
