f1 = 0.7477477477477478
loss = 0.09430288225412368
precision = 0.7345132743362832
recall = 0.7614678899082569
