f1 = 0.6629834254143646
loss = 0.39627102613449094
precision = 0.7692307692307693
recall = 0.5825242718446602
