f1 = 0.9036251105216622
loss = 0.1041004500909955
precision = 0.8914518317503393
recall = 0.9161354581673307
