f1 = 0.029810298102981032
loss = 1.2505261898040771
precision = 0.026829268292682926
recall = 0.03353658536585366
