f1 = 0.9373618275607959
loss = 0.0797052413225174
precision = 0.9217391304347826
recall = 0.9535232383808095
