f1 = 0.8366477272727272
loss = 0.18833503723144532
precision = 0.8024523160762943
recall = 0.8738872403560831
