f1 = 0.028708133971291867
loss = 1.1015154421329498
precision = 0.25
recall = 0.015228426395939087
