f1 = 0.8929159802306424
loss = 0.13412108793854713
precision = 0.8827361563517915
recall = 0.9033333333333333
