f1 = 0.8833865814696485
loss = 0.16656358242034913
precision = 0.8722397476340694
recall = 0.8948220064724919
