f1 = 0.7041322314049587
loss = 0.3340144157409668
precision = 0.6719242902208202
recall = 0.7395833333333334
