f1 = 0.9347181008902078
loss = 0.07414040751509852
precision = 0.9282907662082515
recall = 0.9412350597609562
