f1 = 0.2515901060070671
loss = 0.458808046579361
precision = 0.23796791443850268
recall = 0.26686656671664166
