f1 = 0.8577524893314367
loss = 0.19225724488496782
precision = 0.8237704918032787
recall = 0.8946587537091988
