f1 = 0.6516007532956686
loss = 0.3538408763706684
precision = 0.7119341563786008
recall = 0.6006944444444444
