f1 = 0.28131060528733287
loss = 0.3882480202352299
precision = 0.2884655641616077
recall = 0.27450199203187253
