f1 = 0.7368421052631579
loss = 0.0905298039317131
precision = 0.77
recall = 0.7064220183486238
