f1 = 0.5578424414478353
loss = 0.2268275499343872
precision = 0.5296495956873315
recall = 0.5892053973013494
