f1 = 0.8698517298187809
loss = 0.12308351695537567
precision = 0.8599348534201955
recall = 0.88
