f1 = 0.28070175438596495
loss = 0.1611081540584564
precision = 0.2689075630252101
recall = 0.29357798165137616
