f1 = 0.7782805429864253
loss = 0.0973476879298687
precision = 0.7678571428571429
recall = 0.7889908256880734
