f1 = 0.7547723935389133
loss = 0.2872898727655411
precision = 0.7280453257790368
recall = 0.7835365853658537
