f1 = 0.6046511627906976
loss = 0.4566396623849869
precision = 0.6157894736842106
recall = 0.5939086294416244
