f1 = 0.2060085836909871
loss = 0.9322465062141418
precision = 0.6666666666666666
recall = 0.1218274111675127
