f1 = 0.7559572719802794
loss = 0.2788322642445564
precision = 0.7679465776293823
recall = 0.7443365695792881
