f1 = 0.72608125819135
loss = 0.23482377529144288
precision = 0.6873449131513648
recall = 0.7694444444444445
