f1 = 0.1011764705882353
loss = 0.5975679099559784
precision = 0.08775510204081632
recall = 0.11944444444444445
