f1 = 0.17460317460317462
loss = 0.2609269738197327
precision = 0.6470588235294118
recall = 0.10091743119266056
