f1 = 0.6892550475748432
loss = 0.37792717972222495
precision = 0.8254585881045025
recall = 0.5916334661354582
