f1 = 0.13273001508295626
loss = 1.251152718067169
precision = 0.6984126984126984
recall = 0.07333333333333333
