f1 = 0.7206946454413894
loss = 0.2636383883655071
precision = 0.6859504132231405
recall = 0.7591463414634146
