f1 = 0.4
loss = 0.1831906870007515
precision = 0.8055555555555556
recall = 0.26605504587155965
