f1 = 0.021333333333333336
loss = 1.4207280725240707
precision = 0.018957345971563982
recall = 0.024390243902439025
