f1 = 0.0380952380952381
loss = 1.07700457572937
precision = 0.03480589022757698
recall = 0.042071197411003236
