f1 = 0.8740213523131674
loss = 0.2169961541891098
precision = 0.8399452804377565
recall = 0.9109792284866469
