f1 = 0.7245949926362296
loss = 0.31302644312381744
precision = 0.7008547008547008
recall = 0.75
