f1 = 0.6417112299465241
loss = 0.27725794315338137
precision = 0.6185567010309279
recall = 0.6666666666666666
