f1 = 0.6951871657754011
loss = 0.09038123153150082
precision = 0.8333333333333334
recall = 0.5963302752293578
