f1 = 0.5145848915482424
loss = 0.23518110811710358
precision = 0.49213161659513593
recall = 0.5391849529780565
