f1 = 0.8693221523410203
loss = 0.1979209378361702
precision = 0.821664464993395
recall = 0.9228486646884273
