f1 = 0.7317073170731707
loss = 0.2948314808309078
precision = 0.7317073170731707
recall = 0.7317073170731707
