f1 = 0.3333333333333333
loss = 0.14586439579725266
precision = 0.3053435114503817
recall = 0.3669724770642202
