f1 = 0.3093333333333333
loss = 0.7754010930657387
precision = 0.6666666666666666
recall = 0.2013888888888889
