f1 = 0.04063860667634252
loss = 1.3251300930976868
precision = 0.9333333333333333
recall = 0.020771513353115726
