f1 = 0.8485273492286115
loss = 0.14865707382559776
precision = 0.8045212765957447
recall = 0.8976261127596439
