f1 = 0.7281399046104928
loss = 0.2451409101486206
precision = 0.6715542521994134
recall = 0.7951388888888888
