f1 = 0.13802435723951284
loss = 0.36637640595436094
precision = 0.504950495049505
recall = 0.07993730407523511
