f1 = 0.057142857142857155
loss = 0.7504633665084839
precision = 0.14583333333333334
recall = 0.03553299492385787
