f1 = 0.7810276679841897
loss = 0.2763134643435478
precision = 0.8358714043993232
recall = 0.7329376854599406
