f1 = 0.7348837209302326
loss = 0.0901582594960928
precision = 0.7452830188679245
recall = 0.7247706422018348
