f1 = 0.5294117647058822
loss = 0.5407492220401764
precision = 0.559322033898305
recall = 0.5025380710659898
