f1 = 0.21246458923512748
loss = 1.0129255533218384
precision = 0.7075471698113207
recall = 0.125
