f1 = 0.022408963585434174
loss = 0.8945159554481507
precision = 0.02102496714848883
recall = 0.0239880059970015
