f1 = 0.34390243902439027
loss = 0.8023590683937073
precision = 0.698019801980198
recall = 0.22815533980582525
