f1 = 0.11771097428467946
loss = 1.399567411810744
precision = 0.647410358565737
recall = 0.0647410358565737
