f1 = 0.8575949367088608
loss = 0.17541093677282332
precision = 0.8390092879256966
recall = 0.8770226537216829
