f1 = 0.604255319148936
loss = 0.10199272558093071
precision = 0.5634920634920635
recall = 0.6513761467889908
