f1 = 0.6592178770949721
loss = 0.21606958657503128
precision = 0.6324655436447167
recall = 0.6883333333333334
