f1 = 0.06540697674418604
loss = 0.9492759108543396
precision = 0.059366754617414245
recall = 0.07281553398058252
