f1 = 0.2204724409448819
loss = 0.2140691250562668
precision = 0.7777777777777778
recall = 0.12844036697247707
