f1 = 0.8968592093530169
loss = 0.1005913641979443
precision = 0.89217425586438
recall = 0.9015936254980079
