f1 = 0.7209302325581395
loss = 0.2620537243783474
precision = 0.6888888888888889
recall = 0.7560975609756098
