f1 = 0.871987951807229
loss = 0.1202221930027008
precision = 0.8391304347826087
recall = 0.9075235109717869
