f1 = 0.020114942528735632
loss = 1.0477764308452606
precision = 0.01715686274509804
recall = 0.024305555555555556
