f1 = 0.8673323823109843
loss = 0.21029448062181472
precision = 0.8351648351648352
recall = 0.9020771513353115
