f1 = 0.3717277486910995
loss = 0.5684285014867783
precision = 0.3837837837837838
recall = 0.3604060913705584
