f1 = 0.6486486486486487
loss = 0.11640035212039948
precision = 0.7894736842105263
recall = 0.5504587155963303
