f1 = 0.5916230366492147
loss = 0.5520009994506836
precision = 0.6108108108108108
recall = 0.5736040609137056
