f1 = 0.028901734104046242
loss = 0.5464779734611511
precision = 0.2777777777777778
recall = 0.01524390243902439
