f1 = 0.8996710526315789
loss = 0.09043468628078699
precision = 0.887987012987013
recall = 0.9116666666666666
