f1 = 0.7129032258064516
loss = 0.2447112798690796
precision = 0.6656626506024096
recall = 0.7673611111111112
