f1 = 0.8986784140969163
loss = 0.09471440355877812
precision = 0.8835418671799807
recall = 0.9143426294820717
