f1 = 0.84375
loss = 0.17713903039693832
precision = 0.8092643051771117
recall = 0.8813056379821959
