f1 = 0.4779220779220779
loss = 0.5264840126037598
precision = 0.48936170212765956
recall = 0.467005076142132
