f1 = 0.7542545949625595
loss = 0.20132327675819398
precision = 0.6968553459119496
recall = 0.8219584569732937
