f1 = 0.10225563909774436
loss = 1.4629313230514527
precision = 0.723404255319149
recall = 0.05501618122977346
