f1 = 0.6656441717791411
loss = 0.26791584119200706
precision = 0.5961538461538461
recall = 0.7534722222222222
