f1 = 0.07476635514018691
loss = 1.2190289497375488
precision = 0.47058823529411764
recall = 0.04060913705583756
