f1 = 0.8945634266886325
loss = 0.0974099475890398
precision = 0.8843648208469055
recall = 0.905
