f1 = 0.7142857142857144
loss = 0.07914672307670116
precision = 0.7425742574257426
recall = 0.6880733944954128
