f1 = 0.7356862745098038
loss = 0.2760800331830978
precision = 0.7138508371385084
recall = 0.7588996763754046
