f1 = 0.734094616639478
loss = 0.3106951117515564
precision = 0.6923076923076923
recall = 0.78125
