f1 = 0.2938496583143508
loss = 0.4903284251689911
precision = 0.6323529411764706
recall = 0.1913946587537092
