f1 = 0.6789250353606789
loss = 0.3061482235789299
precision = 0.633245382585752
recall = 0.7317073170731707
