f1 = 0.8287769784172663
loss = 0.21445909440517424
precision = 0.8044692737430168
recall = 0.8545994065281899
