f1 = 0.398286937901499
loss = 0.3048956781625748
precision = 0.3563218390804598
recall = 0.45145631067961167
