f1 = 0.7844905320108205
loss = 0.23955774158239365
precision = 0.8546168958742633
recall = 0.725
