f1 = 0.5475285171102662
loss = 0.26467333137989046
precision = 0.5034965034965035
recall = 0.6
