f1 = 0.8401898734177214
loss = 0.21260432600975038
precision = 0.8219814241486069
recall = 0.8592233009708737
