f1 = 0.1364296081277213
loss = 0.6783533692359924
precision = 0.12368421052631579
recall = 0.15210355987055016
