f1 = 0.1
loss = 1.1537686109542846
precision = 0.782608695652174
recall = 0.05341246290801187
