f1 = 0.8470394736842106
loss = 0.1942213922739029
precision = 0.8910034602076125
recall = 0.8072100313479624
