f1 = 0.1222707423580786
loss = 0.24404091536998748
precision = 0.11666666666666667
recall = 0.12844036697247707
