f1 = 0.19922380336351875
loss = 0.7738759219646454
precision = 0.7777777777777778
recall = 0.1142433234421365
