f1 = 0.7156502571638501
loss = 0.1713048793375492
precision = 0.7088791848617176
recall = 0.7225519287833828
