f1 = 0.9347028613352897
loss = 0.0858692280948162
precision = 0.9152298850574713
recall = 0.9550224887556222
