f1 = 0.4578313253012048
loss = 0.4223154515028
precision = 0.7080745341614907
recall = 0.33827893175074186
