f1 = 0.7227866473149492
loss = 0.31322620436549187
precision = 0.6897506925207756
recall = 0.7591463414634146
