f1 = 0.9056291390728477
loss = 0.09904932752251625
precision = 0.899671052631579
recall = 0.9116666666666666
