f1 = 0.7496671105193076
loss = 0.2128177061676979
precision = 0.6799516908212561
recall = 0.8353115727002968
