f1 = 0.7513368983957219
loss = 0.2430349186062813
precision = 0.7242268041237113
recall = 0.7805555555555556
