f1 = 0.20168067226890757
loss = 0.8585878014564514
precision = 0.5853658536585366
recall = 0.1218274111675127
