f1 = 0.885140562248996
loss = 0.1580923542380333
precision = 0.8787878787878788
recall = 0.8915857605177994
