f1 = 0.7358184764991896
loss = 0.24501164630055428
precision = 0.6899696048632219
recall = 0.7881944444444444
