f1 = 0.6718266253869969
loss = 0.20692100375890732
precision = 0.6061452513966481
recall = 0.7534722222222222
