f1 = 0.7064056939501778
loss = 0.2694646567106247
precision = 0.7845849802371542
recall = 0.6423948220064725
