f1 = 0.2544951590594744
loss = 0.3112433612346649
precision = 0.2362002567394095
recall = 0.27586206896551724
