f1 = 0.432183908045977
loss = 0.3282128632068634
precision = 0.4
recall = 0.47
