f1 = 0.6344086021505377
loss = 0.5083884000778198
precision = 0.6742857142857143
recall = 0.5989847715736041
