f1 = 0.6256684491978609
loss = 0.4514862149953842
precision = 0.6610169491525424
recall = 0.5939086294416244
