f1 = 0.614596670934699
loss = 0.20406408309936525
precision = 0.5700712589073634
recall = 0.6666666666666666
