f1 = 0.16071428571428573
loss = 1.2612215876579285
precision = 0.6666666666666666
recall = 0.09137055837563451
