f1 = 0.8353702372393961
loss = 0.18530389592051505
precision = 0.810320781032078
recall = 0.8620178041543026
