f1 = 0.06804374240583233
loss = 0.5989916980266571
precision = 0.06047516198704104
recall = 0.07777777777777778
