f1 = 0.7283049472830494
loss = 0.326909114420414
precision = 0.7093206951026856
recall = 0.7483333333333333
