f1 = 0.8494711147274207
loss = 0.15488071367144585
precision = 0.8298887122416534
recall = 0.87
