f1 = 0.6912000000000001
loss = 0.2993474751710892
precision = 0.6409495548961425
recall = 0.75
