f1 = 0.017569546120058562
loss = 0.9773343652486801
precision = 0.015189873417721518
recall = 0.020833333333333332
