f1 = 0.6866141732283464
loss = 0.2670384757220745
precision = 0.6282420749279539
recall = 0.7569444444444444
