f1 = 0.8110465116279071
loss = 0.1313734158873558
precision = 0.7870239774330042
recall = 0.8365817091454273
