f1 = 0.7346938775510202
loss = 0.2795878410339355
precision = 0.7134146341463414
recall = 0.7572815533980582
