f1 = 0.10540725530458592
loss = 0.483183753490448
precision = 0.09783989834815757
recall = 0.1142433234421365
