f1 = 0.6929133858267716
loss = 0.2403726987540722
precision = 0.6340057636887608
recall = 0.7638888888888888
