f1 = 0.6696362286562731
loss = 0.22822290062904357
precision = 0.6701337295690936
recall = 0.6691394658753709
