f1 = 0.7669291338582678
loss = 0.22412043809890747
precision = 0.7469325153374233
recall = 0.7880258899676376
