f1 = 0.47852760736196326
loss = 0.11357570216059684
precision = 0.7222222222222222
recall = 0.3577981651376147
