f1 = 0.582441113490364
loss = 0.4573780417442322
precision = 0.8143712574850299
recall = 0.4533333333333333
