f1 = 0.9004594180704442
loss = 0.07974956333637237
precision = 0.8802395209580839
recall = 0.9216300940438872
