f1 = 0.7741935483870966
loss = 0.09567454159259796
precision = 0.7777777777777778
recall = 0.7706422018348624
