f1 = 0.8430873621713317
loss = 0.16397300064563752
precision = 0.8583765112262521
recall = 0.8283333333333334
