f1 = 0.7320061255742727
loss = 0.21483940482139588
precision = 0.7155688622754491
recall = 0.7492163009404389
