f1 = 0.4481792717086835
loss = 0.5232976377010345
precision = 0.5
recall = 0.40609137055837563
