f1 = 0.3365744203440538
loss = 0.4154733598232269
precision = 0.3129346314325452
recall = 0.3640776699029126
