f1 = 0.75
loss = 0.09348185285925865
precision = 0.7304347826086957
recall = 0.7706422018348624
