f1 = 0.734527687296417
loss = 0.21261909008026122
precision = 0.7181528662420382
recall = 0.7516666666666667
