f1 = 0.7919463087248323
loss = 0.19883511066436768
precision = 0.7662337662337663
recall = 0.8194444444444444
