f1 = 0.6419098143236074
loss = 0.4571659117937088
precision = 0.6722222222222223
recall = 0.6142131979695431
