f1 = 0.04196816208393632
loss = 1.1025085926055909
precision = 0.03795811518324607
recall = 0.04692556634304207
