f1 = 0.5594594594594594
loss = 0.2927791327238083
precision = 0.5024271844660194
recall = 0.6310975609756098
