f1 = 0.8198269079464988
loss = 0.2563107043504715
precision = 0.7978560490045942
recall = 0.843042071197411
