f1 = 0.7630878438331855
loss = 0.26393029689788816
precision = 0.8447937131630648
recall = 0.6957928802588996
