f1 = 0.8438228438228438
loss = 0.17960600107908248
precision = 0.8116591928251121
recall = 0.8786407766990292
