f1 = 0.8531855955678671
loss = 0.14158191829919814
precision = 0.8
recall = 0.913946587537092
