f1 = 0.2890322580645161
loss = 0.46526217460632324
precision = 0.2505592841163311
recall = 0.34146341463414637
