f1 = 0.6980392156862745
loss = 0.20743328779935838
precision = 0.6592592592592592
recall = 0.7416666666666667
