f1 = 0.5614849187935034
loss = 0.35772078931331636
precision = 0.5377777777777778
recall = 0.587378640776699
