f1 = 0.8341708542713568
loss = 0.19739872068166733
precision = 0.89568345323741
recall = 0.780564263322884
