f1 = 0.6830723340790454
loss = 0.3287359237670898
precision = 0.6334716459197787
recall = 0.7411003236245954
