f1 = 0.8816326530612244
loss = 0.12916334494948387
precision = 0.864
recall = 0.9
