f1 = 0.38912133891213385
loss = 0.46521008014678955
precision = 0.3671052631578947
recall = 0.413946587537092
