f1 = 0.7331189710610932
loss = 0.3087462745606899
precision = 0.6826347305389222
recall = 0.7916666666666666
