f1 = 0.4629213483146068
loss = 0.6905478000640869
precision = 0.7573529411764706
recall = 0.3333333333333333
