f1 = 0.025525525525525526
loss = 1.053994071483612
precision = 0.023809523809523808
recall = 0.02750809061488673
