f1 = 0.8101460415065335
loss = 0.13154193311929702
precision = 0.7948717948717948
recall = 0.8260188087774295
