f1 = 0.9094858797972484
loss = 0.0831859290599823
precision = 0.8795518207282913
recall = 0.9415292353823088
