f1 = 0.7806267806267805
loss = 0.19670759588479997
precision = 0.8011695906432749
recall = 0.7611111111111111
