f1 = 0.9015317286652078
loss = 0.1268095575273037
precision = 0.8778409090909091
recall = 0.9265367316341829
