f1 = 0.7142440447253281
loss = 0.19796049828622855
precision = 0.6976258309591643
recall = 0.7316733067729083
