f1 = 0.23544303797468352
loss = 0.7869234979152679
precision = 0.8017241379310345
recall = 0.13798219584569732
