f1 = 0.6926829268292682
loss = 0.09409550838172435
precision = 0.7395833333333334
recall = 0.6513761467889908
