f1 = 0.795144157814871
loss = 0.2109987646341324
precision = 0.8136645962732919
recall = 0.7774480712166172
