f1 = 0.05070955534531693
loss = 1.125991045259962
precision = 0.5056603773584906
recall = 0.026693227091633465
