f1 = 0.9170506912442397
loss = 0.09777657240629196
precision = 0.8990963855421686
recall = 0.9357366771159875
