f1 = 0.35078534031413616
loss = 0.6086220964789391
precision = 0.7127659574468085
recall = 0.2326388888888889
