f1 = 0.012640449438202249
loss = 0.8812960624694824
precision = 0.011889035667107
recall = 0.013493253373313344
