f1 = 0.751131221719457
loss = 0.09821932911872863
precision = 0.7410714285714286
recall = 0.7614678899082569
