f1 = 0.32169576059850374
loss = 0.3636840254068375
precision = 0.2918552036199095
recall = 0.35833333333333334
