f1 = 0.9082969432314411
loss = 0.10507636815309525
precision = 0.8826025459688827
recall = 0.9355322338830585
