f1 = 0.7217391304347825
loss = 0.3365202322602272
precision = 0.6878453038674033
recall = 0.7591463414634146
