f1 = 0.9194167306216423
loss = 0.07578688338398934
precision = 0.9007518796992481
recall = 0.9388714733542319
