f1 = 0.6311557788944724
loss = 0.37970689237117766
precision = 0.8795518207282913
recall = 0.49216300940438873
