f1 = 0.8323793949304987
loss = 0.16296107247471808
precision = 0.8170144462279294
recall = 0.8483333333333334
