f1 = 0.7333333333333334
loss = 0.3031528368592262
precision = 0.6988950276243094
recall = 0.7713414634146342
