f1 = 0.8562351072279587
loss = 0.18333615809679032
precision = 0.8408736349453978
recall = 0.872168284789644
