f1 = 0.49014084507042255
loss = 0.443335622549057
precision = 0.5506329113924051
recall = 0.4416243654822335
