f1 = 0.037267080745341616
loss = 0.9277865886688232
precision = 0.033707865168539325
recall = 0.041666666666666664
