f1 = 0.08682406702208682
loss = 0.7129401326179504
precision = 0.07994389901823282
recall = 0.095
