f1 = 0.04020100502512563
loss = 0.8814578413963318
precision = 0.03669724770642202
recall = 0.044444444444444446
