f1 = 0.7485549132947977
loss = 0.2226425975561142
precision = 0.7801204819277109
recall = 0.7194444444444444
