f1 = 0.8018867924528301
loss = 0.0796534240245819
precision = 0.8252427184466019
recall = 0.7798165137614679
