f1 = 0.8161434977578476
loss = 0.11981638222932815
precision = 0.7982456140350878
recall = 0.8348623853211009
