f1 = 0.5741142443962401
loss = 0.298377925157547
precision = 0.5189542483660131
recall = 0.6423948220064725
