f1 = 0.8251192368839427
loss = 0.18009403496980667
precision = 0.8781725888324873
recall = 0.7781109445277361
