f1 = 0.42367601246105924
loss = 0.5597286522388458
precision = 0.5483870967741935
recall = 0.34517766497461927
