f1 = 0.01702127659574468
loss = 0.8944103479385376
precision = 0.1935483870967742
recall = 0.008902077151335312
