f1 = 0.9307805596465392
loss = 0.08501415476202964
precision = 0.914616497829233
recall = 0.9475262368815592
