f1 = 0.8480509148766906
loss = 0.16416393890976905
precision = 0.8341158059467919
recall = 0.8624595469255664
