f1 = 0.058679706601467
loss = 0.7368117570877075
precision = 0.05660377358490566
recall = 0.06091370558375635
