f1 = 0.1234567901234568
loss = 0.9927810549736023
precision = 0.8181818181818182
recall = 0.06676557863501484
