f1 = 0.7060518731988472
loss = 0.3115888498723507
precision = 0.6693989071038251
recall = 0.7469512195121951
