f1 = 0.7342143906020558
loss = 0.30041416734457016
precision = 0.7082152974504249
recall = 0.7621951219512195
