f1 = 0.8384991843393148
loss = 0.15264072194695472
precision = 0.8210862619808307
recall = 0.8566666666666667
