f1 = 0.25225225225225223
loss = 0.7759941935539245
precision = 0.6666666666666666
recall = 0.15555555555555556
