f1 = 0.21575342465753425
loss = 0.41218697279691696
precision = 0.21283783783783783
recall = 0.21875
