f1 = 0.7924016282225237
loss = 0.19232170060276985
precision = 0.7745358090185677
recall = 0.8111111111111111
