f1 = 0.9416974169741698
loss = 0.07527297288179398
precision = 0.9273255813953488
recall = 0.9565217391304348
