f1 = 0.6615620214395099
loss = 0.2839665859937668
precision = 0.5917808219178082
recall = 0.75
