f1 = 0.1
loss = 0.2798554107546806
precision = 0.5454545454545454
recall = 0.05504587155963303
