f1 = 0.33526011560693636
loss = 0.7528134107589721
precision = 0.7591623036649214
recall = 0.21513353115727002
