f1 = 0.8607975921745674
loss = 0.19327277094125747
precision = 0.8732824427480916
recall = 0.8486646884272997
