f1 = 0.006868131868131868
loss = 1.0493114590644836
precision = 0.00639386189258312
recall = 0.00741839762611276
