f1 = 0.8136439267886855
loss = 0.1884828180074692
precision = 0.914018691588785
recall = 0.7331334332833583
