f1 = 0.7015706806282722
loss = 0.12224317565560341
precision = 0.8170731707317073
recall = 0.6146788990825688
