f1 = 0.8173418621179814
loss = 0.23948619216680528
precision = 0.7844474761255116
recall = 0.8531157270029673
