f1 = 0.13100436681222707
loss = 0.22596468776464462
precision = 0.125
recall = 0.13761467889908258
