f1 = 0.5396039603960395
loss = 0.4071400761604309
precision = 0.5265700483091788
recall = 0.5532994923857868
