f1 = 0.6555555555555556
loss = 0.43678219616413116
precision = 0.7239263803680982
recall = 0.5989847715736041
