f1 = 0.36363636363636365
loss = 0.7040496349334717
precision = 0.7192118226600985
recall = 0.24333333333333335
