f1 = 0.10526315789473685
loss = 0.1289573572576046
precision = 0.14516129032258066
recall = 0.08256880733944955
