f1 = 0.8631875881523272
loss = 0.16420026868581772
precision = 0.8225806451612904
recall = 0.9080118694362018
