f1 = 0.8716119828815978
loss = 0.18019871711730956
precision = 0.8392857142857143
recall = 0.9065281899109793
