f1 = 0.8575478384124734
loss = 0.21280108839273454
precision = 0.8208955223880597
recall = 0.8976261127596439
