f1 = 0.6794380587484036
loss = 0.2550558567047119
precision = 0.6288416075650118
recall = 0.7388888888888889
