f1 = 0.03412462908011869
loss = 1.2445897817611695
precision = 0.031506849315068496
recall = 0.0372168284789644
