f1 = 0.08166089965397923
loss = 0.6451993107795715
precision = 0.07583547557840617
recall = 0.08845577211394302
