f1 = 0.707874682472481
loss = 0.30531115233898165
precision = 0.8244575936883629
recall = 0.6201780415430267
