f1 = 0.746268656716418
loss = 0.28721909075975416
precision = 0.7251908396946565
recall = 0.7686084142394822
