f1 = 0.6098741529525653
loss = 0.3922984659671783
precision = 0.860655737704918
recall = 0.47226386806596704
