f1 = 0.6772655007949125
loss = 0.26471759006381035
precision = 0.624633431085044
recall = 0.7395833333333334
