f1 = 0.8256374913852516
loss = 0.17434486746788025
precision = 0.7709137709137709
recall = 0.8887240356083086
