f1 = 0.02282453637660485
loss = 1.1385428428649902
precision = 0.02040816326530612
recall = 0.025889967637540454
