f1 = 0.32181425485961124
loss = 0.3860560208559036
precision = 0.5912698412698413
recall = 0.22106824925816024
