f1 = 0.37073170731707317
loss = 0.5629741176962852
precision = 0.6229508196721312
recall = 0.2638888888888889
