f1 = 0.5350877192982455
loss = 0.11968571916222573
precision = 0.5126050420168067
recall = 0.5596330275229358
