f1 = 0.8433734939759036
loss = 0.1041766032576561
precision = 0.8115942028985508
recall = 0.877742946708464
