f1 = 0.0026990553306342783
loss = 1.2942962944507599
precision = 0.002421307506053269
recall = 0.003048780487804878
