f1 = 0.8467274233637118
loss = 0.1847397767007351
precision = 0.841845140032949
recall = 0.8516666666666667
