f1 = 0.3707995365005793
loss = 0.2991382390260696
precision = 0.31809145129224653
recall = 0.4444444444444444
