f1 = 0.7572463768115942
loss = 0.23955501466989518
precision = 0.8293650793650794
recall = 0.6966666666666667
