f1 = 0.01801801801801802
loss = 0.24317784309387208
precision = 0.5
recall = 0.009174311926605505
