f1 = 0.2889733840304182
loss = 0.8682388961315155
precision = 0.5757575757575758
recall = 0.19289340101522842
