f1 = 0.046948356807511735
loss = 0.99866201877594
precision = 0.04424778761061947
recall = 0.05
