f1 = 0.7699680511182108
loss = 0.22860265895724297
precision = 0.7130177514792899
recall = 0.8368055555555556
