f1 = 0.6228571428571429
loss = 0.3498549088835716
precision = 0.5860215053763441
recall = 0.6646341463414634
