f1 = 0.7554945054945055
loss = 0.11878026276826859
precision = 0.697084917617237
recall = 0.8245877061469266
