f1 = 0.8566721581548601
loss = 0.11660954430699348
precision = 0.8469055374592834
recall = 0.8666666666666667
