f1 = 0.0906344410876133
loss = 0.7539526075124741
precision = 0.08021390374331551
recall = 0.10416666666666667
