f1 = 0.7011406844106464
loss = 0.221464591473341
precision = 0.6809453471196455
recall = 0.7225705329153606
