f1 = 0.9286239882266373
loss = 0.08760020509362221
precision = 0.911849710982659
recall = 0.9460269865067467
