f1 = 0.7592592592592593
loss = 0.07688751518726349
precision = 0.7663551401869159
recall = 0.7522935779816514
