f1 = 0.04282315622521808
loss = 1.2023856520652771
precision = 0.04084720121028744
recall = 0.045
