f1 = 0.046511627906976744
loss = 1.0126889646053314
precision = 0.2777777777777778
recall = 0.025380710659898477
