f1 = 0.8210180623973727
loss = 0.16085473001003264
precision = 0.8090614886731392
recall = 0.8333333333333334
