f1 = 0.7338651196519217
loss = 0.16421776860952378
precision = 0.7106741573033708
recall = 0.7586206896551724
