f1 = 0.05722460658082976
loss = 1.296570098400116
precision = 0.8
recall = 0.02967359050445104
