f1 = 0.7115384615384616
loss = 0.24074327945709229
precision = 0.6607142857142857
recall = 0.7708333333333334
