f1 = 0.6912650602409639
loss = 0.21866934821009637
precision = 0.7018348623853211
recall = 0.6810089020771514
