f1 = 0.13008130081300814
loss = 0.2573600187897682
precision = 0.5714285714285714
recall = 0.07339449541284404
