f1 = 0.778846153846154
loss = 0.11995308473706245
precision = 0.8181818181818182
recall = 0.7431192660550459
