f1 = 0.8097484276729561
loss = 0.2580691441893578
precision = 0.7874617737003058
recall = 0.8333333333333334
