f1 = 0.5042735042735043
loss = 0.5675910770893097
precision = 0.8773234200743495
recall = 0.3538230884557721
