f1 = 0.9269372693726938
loss = 0.09334626644849778
precision = 0.9127906976744186
recall = 0.9415292353823088
