f1 = 0.3090909090909091
loss = 0.3850222408771515
precision = 0.39260969976905313
recall = 0.25487256371814093
