f1 = 0.8460918614020951
loss = 0.16542597562074662
precision = 0.9146341463414634
recall = 0.7871064467766117
