f1 = 0.11290322580645162
loss = 0.25161056518554686
precision = 0.4666666666666667
recall = 0.06422018348623854
