f1 = 0.019999999999999997
loss = 1.003614991903305
precision = 0.6666666666666666
recall = 0.01015228426395939
