f1 = 0.02542372881355932
loss = 0.7432986915111541
precision = 0.2647058823529412
recall = 0.013353115727002967
