f1 = 0.904019688269073
loss = 0.1097849640995264
precision = 0.8901453957996769
recall = 0.9183333333333333
