f1 = 0.03836317135549872
loss = 0.9127444744110107
precision = 0.035545023696682464
recall = 0.041666666666666664
