f1 = 0.025936599423631124
loss = 0.4895150363445282
precision = 0.45
recall = 0.013353115727002967
