f1 = 0.7844228094575798
loss = 0.16498177200555803
precision = 0.7382198952879581
recall = 0.8367952522255193
