f1 = 0.43575418994413406
loss = 0.46050655245780947
precision = 0.41160949868073876
recall = 0.4629080118694362
