f1 = 0.8829875518672199
loss = 0.1404269255697727
precision = 0.8793388429752066
recall = 0.8866666666666667
