f1 = 0.8037542662116043
loss = 0.2306445337831974
precision = 0.8820224719101124
recall = 0.7382445141065831
