f1 = 0.7710843373493975
loss = 0.22662726491689683
precision = 0.7441860465116279
recall = 0.8
