f1 = 0.7899159663865547
loss = 0.19239639043807982
precision = 0.748191027496382
recall = 0.8365695792880259
