f1 = 0.134950720242608
loss = 0.8533869504928588
precision = 0.13069016152716592
recall = 0.13949843260188088
