f1 = 0.2890262751159196
loss = 0.5703457474708558
precision = 0.26945244956772335
recall = 0.31166666666666665
