f1 = 0.8751902587519025
loss = 0.10745363160967827
precision = 0.8505917159763313
recall = 0.9012539184952978
