f1 = 0.8675733715103794
loss = 0.222735433280468
precision = 0.8381742738589212
recall = 0.8991097922848664
