f1 = 0.7401574803149608
loss = 0.20669782608747483
precision = 0.7014925373134329
recall = 0.7833333333333333
