f1 = 0.656
loss = 0.39208316802978516
precision = 0.6910112359550562
recall = 0.6243654822335025
