f1 = 0.33419023136246784
loss = 0.6465776264667511
precision = 0.3385416666666667
recall = 0.3299492385786802
