f1 = 0.23437500000000003
loss = 0.9059581756591797
precision = 0.5084745762711864
recall = 0.15228426395939088
