f1 = 0.7889655172413792
loss = 0.2246687412261963
precision = 0.7835616438356164
recall = 0.7944444444444444
