f1 = 0.6635802469135802
loss = 0.26715458184480667
precision = 0.5972222222222222
recall = 0.7465277777777778
