f1 = 0.5925925925925926
loss = 0.4862011969089508
precision = 0.6187845303867403
recall = 0.5685279187817259
