f1 = 0.04816223067173637
loss = 0.7725597262382508
precision = 0.04428904428904429
recall = 0.05277777777777778
