f1 = 0.7567567567567567
loss = 0.2209882102906704
precision = 0.6979472140762464
recall = 0.8263888888888888
