f1 = 0.8392715756136183
loss = 0.2003220647573471
precision = 0.8217054263565892
recall = 0.8576051779935275
