f1 = 0.7027027027027027
loss = 0.08753554075956345
precision = 0.6902654867256637
recall = 0.7155963302752294
