f1 = 0.9063604240282686
loss = 0.09863267784827508
precision = 0.8933823529411765
recall = 0.9197211155378486
