f1 = 0.8705526116578349
loss = 0.10647324919700622
precision = 0.8418740849194729
recall = 0.9012539184952978
