f1 = 0.9135802469135802
loss = 0.0886115550994873
precision = 0.9024390243902439
recall = 0.925
