f1 = 0.7347480106100797
loss = 0.22701260447502136
precision = 0.7030456852791879
recall = 0.7694444444444445
