f1 = 0.629121540312876
loss = 0.40558940990298403
precision = 0.7945288753799392
recall = 0.5207171314741036
