f1 = 0.6747905559786748
loss = 0.2656476736068726
precision = 0.6562962962962963
recall = 0.6943573667711599
