f1 = 0.8251192368839427
loss = 0.2267201855778694
precision = 0.8109375
recall = 0.8398058252427184
