f1 = 0.024353120243531205
loss = 0.8863165527582169
precision = 0.02168021680216802
recall = 0.027777777777777776
