f1 = 0.9279628195197522
loss = 0.08184299245476723
precision = 0.9173047473200613
recall = 0.9388714733542319
