f1 = 0.4
loss = 0.4972933977842331
precision = 0.44936708860759494
recall = 0.3604060913705584
