f1 = 0.5388828039430449
loss = 0.48530455827713015
precision = 0.7859424920127795
recall = 0.41
