f1 = 0.24749163879598662
loss = 0.5589413046836853
precision = 0.3627450980392157
recall = 0.18781725888324874
