f1 = 0.9074380165289256
loss = 0.09663488045334816
precision = 0.9
recall = 0.915
