f1 = 0.24603174603174602
loss = 0.7718959152698517
precision = 0.5636363636363636
recall = 0.15736040609137056
