f1 = 0.7019230769230769
loss = 0.26183028891682625
precision = 0.6517857142857143
recall = 0.7604166666666666
