f1 = 0.8684025334271639
loss = 0.20489978939294815
precision = 0.8259705488621151
recall = 0.9154302670623146
