f1 = 0.7545454545454546
loss = 0.11350373141467571
precision = 0.7477477477477478
recall = 0.7614678899082569
