f1 = 0.7981651376146789
loss = 0.11172051355242729
precision = 0.7981651376146789
recall = 0.7981651376146789
