f1 = 0.8147632311977715
loss = 0.12198734879493714
precision = 0.7607282184655396
recall = 0.8770614692653673
