f1 = 0.8438948995363215
loss = 0.10878507494926452
precision = 0.8323170731707317
recall = 0.8557993730407524
