f1 = 0.8922381311228335
loss = 0.1009531632065773
precision = 0.8592162554426706
recall = 0.9278996865203761
