f1 = 0.21739130434782608
loss = 0.1251232609152794
precision = 0.2066115702479339
recall = 0.22935779816513763
