f1 = 0.21671826625386997
loss = 0.5968669056892395
precision = 0.2777777777777778
recall = 0.17766497461928935
