f1 = 0.9153656532456861
loss = 0.09012893810868264
precision = 0.9027552674230146
recall = 0.9283333333333333
