f1 = 0.30275229357798167
loss = 0.45920981764793395
precision = 0.2796610169491525
recall = 0.33
