f1 = 0.6740331491712708
loss = 0.44515421986579895
precision = 0.7393939393939394
recall = 0.6192893401015228
