f1 = 0.8775948460987831
loss = 0.1833376668393612
precision = 0.8478561549100968
recall = 0.9094955489614244
