f1 = 0.7296511627906976
loss = 0.30380191281437874
precision = 0.6972222222222222
recall = 0.7652439024390244
