f1 = 0.7234726688102894
loss = 0.2596918009221554
precision = 0.6736526946107785
recall = 0.78125
