f1 = 0.830318690783807
loss = 0.17754071801900864
precision = 0.8591800356506238
recall = 0.8033333333333333
