f1 = 0.44096728307254623
loss = 0.42350560426712036
precision = 0.41333333333333333
recall = 0.4725609756097561
