f1 = 0.11673699015471167
loss = 0.768695867061615
precision = 0.10993377483443709
recall = 0.12443778110944528
