f1 = 0.15671641791044777
loss = 0.8067303419113159
precision = 0.14957264957264957
recall = 0.164576802507837
