f1 = 0.8278145695364238
loss = 0.22434949427843093
precision = 0.8771929824561403
recall = 0.7836990595611285
