f1 = 0.8829863603732951
loss = 0.17445053085684775
precision = 0.8553546592489569
recall = 0.9124629080118695
