f1 = 0.9044481054365733
loss = 0.09243656918406487
precision = 0.8941368078175895
recall = 0.915
