f1 = 0.08059701492537313
loss = 1.4841854572296143
precision = 0.5192307692307693
recall = 0.043689320388349516
