f1 = 0.12517006802721087
loss = 0.9393514513969421
precision = 0.7540983606557377
recall = 0.06824925816023739
