f1 = 0.1726027397260274
loss = 0.5055766701698303
precision = 0.15889029003783103
recall = 0.1889055472263868
