f1 = 0.7147044917257683
loss = 0.18902473122465843
precision = 0.6802880288028803
recall = 0.752788844621514
