f1 = 0.18154761904761904
loss = 0.7720861315727234
precision = 0.17280453257790368
recall = 0.19122257053291536
