f1 = 0.9132020423048869
loss = 0.10243241786956787
precision = 0.8892045454545454
recall = 0.9385307346326837
