f1 = 0.6337662337662338
loss = 0.4320390820503235
precision = 0.648936170212766
recall = 0.6192893401015228
