f1 = 0.8241992882562278
loss = 0.21568393409252168
precision = 0.7920656634746922
recall = 0.8590504451038575
