f1 = 0.7851373182552503
loss = 0.21796229109168053
precision = 0.7341389728096677
recall = 0.84375
