f1 = 0.40259740259740256
loss = 0.15658067017793656
precision = 0.6888888888888889
recall = 0.28440366972477066
