f1 = 0.7175324675324676
loss = 0.32437509670853615
precision = 0.7673611111111112
recall = 0.6737804878048781
