f1 = 0.6037735849056604
loss = 0.09036172293126583
precision = 0.6213592233009708
recall = 0.5871559633027523
