f1 = 0.624
loss = 0.48833124339580536
precision = 0.6573033707865169
recall = 0.5939086294416244
