f1 = 0.8765743073047859
loss = 0.1111167885363102
precision = 0.883248730964467
recall = 0.87
