f1 = 0.8611803823773898
loss = 0.17913752049207687
precision = 0.9168141592920354
recall = 0.8119122257053292
