f1 = 0.6614420062695925
loss = 0.3403255082666874
precision = 0.6806451612903226
recall = 0.6432926829268293
