f1 = 0.8110599078341013
loss = 0.09800602197647094
precision = 0.8148148148148148
recall = 0.8073394495412844
