f1 = 0.06884811802534518
loss = 1.4424661199251811
precision = 0.6816479400749064
recall = 0.036254980079681275
