f1 = 0.6298342541436464
loss = 0.44241897761821747
precision = 0.6909090909090909
recall = 0.5786802030456852
