f1 = 0.8249400479616307
loss = 0.22692212611436843
precision = 0.8151658767772512
recall = 0.8349514563106796
