f1 = 0.6451612903225807
loss = 0.10957623533904552
precision = 0.7792207792207793
recall = 0.5504587155963303
