f1 = 0.9244505494505495
loss = 0.07342205219046104
precision = 0.9108662026295437
recall = 0.9384462151394423
