f1 = 0.6352201257861635
loss = 0.3575267642736435
precision = 0.5804597701149425
recall = 0.7013888888888888
