f1 = 0.1865671641791045
loss = 0.5093002080917358
precision = 0.16891891891891891
recall = 0.20833333333333334
