f1 = 0.8735632183908045
loss = 0.16422610282897948
precision = 0.8467966573816156
recall = 0.9020771513353115
