f1 = 0.08411214953271028
loss = 1.4124223589897156
precision = 0.5294117647058824
recall = 0.04568527918781726
