f1 = 0.4138634046890928
loss = 0.47460859417915346
precision = 0.6612377850162866
recall = 0.30118694362017806
