f1 = 0.5229885057471265
loss = 0.45161469280719757
precision = 0.6026490066225165
recall = 0.4619289340101523
