f1 = 0.9373829010945666
loss = 0.07059529560273421
precision = 0.9281390353446592
recall = 0.946812749003984
