f1 = 0.29192546583850937
loss = 0.5898233890533447
precision = 0.27325581395348836
recall = 0.31333333333333335
