f1 = 0.020356234096692113
loss = 0.7802244573831558
precision = 0.06153846153846154
recall = 0.012195121951219513
