f1 = 0.7665198237885462
loss = 0.13023069500923157
precision = 0.7372881355932204
recall = 0.7981651376146789
