f1 = 0.7909967845659163
loss = 0.27030827701091764
precision = 0.8631578947368421
recall = 0.7299703264094956
