f1 = 0.8466257668711655
loss = 0.12289570271968842
precision = 0.8288288288288288
recall = 0.8652037617554859
