f1 = 0.5090909090909093
loss = 0.13304070010781288
precision = 0.75
recall = 0.3853211009174312
