f1 = 0.6174819566960706
loss = 0.33645024001598356
precision = 0.5950540958268934
recall = 0.6416666666666667
