f1 = 0.40268456375838924
loss = 0.12446812465786934
precision = 0.75
recall = 0.27522935779816515
