f1 = 0.6996098829648895
loss = 0.2595107913017273
precision = 0.6577017114914425
recall = 0.7472222222222222
