f1 = 0.7267645003494061
loss = 0.19301740527153016
precision = 0.680628272251309
recall = 0.7796101949025487
