f1 = 0.4454828660436137
loss = 0.39198717176914216
precision = 0.41812865497076024
recall = 0.4766666666666667
