f1 = 0.8837592745259686
loss = 0.14392853826284407
precision = 0.8743882544861338
recall = 0.8933333333333333
