f1 = 0.07729468599033816
loss = 1.0763804614543915
precision = 0.8
recall = 0.04060913705583756
