f1 = 0.4006622516556292
loss = 0.37151193246245384
precision = 0.4384057971014493
recall = 0.36890243902439024
