f1 = 0.749271137026239
loss = 0.31932424008846283
precision = 0.7178770949720671
recall = 0.7835365853658537
