f1 = 0.8082191780821918
loss = 0.13246939331293106
precision = 0.7855029585798816
recall = 0.8322884012539185
