f1 = 0.023391812865497078
loss = 1.2440500259399414
precision = 0.8
recall = 0.011869436201780416
