f1 = 0.009749303621169917
loss = 1.1890065550804139
precision = 0.009186351706036745
recall = 0.010385756676557863
