f1 = 0.8858654572940287
loss = 0.09757518470287323
precision = 0.8554744525547445
recall = 0.9184952978056427
