f1 = 0.6851424172440338
loss = 0.29291911125183107
precision = 0.6534508076358296
recall = 0.7200647249190939
