f1 = 0.6125874125874127
loss = 0.27883693277835847
precision = 0.5793650793650794
recall = 0.6498516320474778
