f1 = 0.6510204081632652
loss = 0.34052868485450744
precision = 0.8394736842105263
recall = 0.5316666666666666
