f1 = 0.8256130790190735
loss = 0.1680048957467079
precision = 0.8101604278074866
recall = 0.8416666666666667
