f1 = 0.29479768786127164
loss = 0.47469202280044553
precision = 0.26631853785900783
recall = 0.3300970873786408
