f1 = 0.916682964991199
loss = 0.09248563683336126
precision = 0.9003073376872839
recall = 0.9336653386454183
