f1 = 0.9261447562776957
loss = 0.0906505286693573
precision = 0.9126637554585153
recall = 0.9400299850074962
