f1 = 0.2690582959641255
loss = 0.1450458824634552
precision = 0.2631578947368421
recall = 0.27522935779816515
