f1 = 0.3626271970397779
loss = 0.9122875619168375
precision = 0.8021828103683493
recall = 0.2342629482071713
