f1 = 0.870195794053662
loss = 0.09804914072155953
precision = 0.8426966292134831
recall = 0.8995502248875562
