f1 = 0.05106382978723404
loss = 0.7618989944458008
precision = 0.04845222072678331
recall = 0.053973013493253376
