f1 = 0.8379096545615589
loss = 0.14678112044930458
precision = 0.8941398865784499
recall = 0.7883333333333333
