f1 = 0.8639760837070254
loss = 0.11411581337451934
precision = 0.8257142857142857
recall = 0.9059561128526645
