f1 = 0.03266331658291457
loss = 0.7963879108428955
precision = 0.02981651376146789
recall = 0.03611111111111111
