f1 = 0.6944444444444443
loss = 0.0901622500270605
precision = 0.7009345794392523
recall = 0.6880733944954128
