f1 = 0.9019305019305021
loss = 0.10534916222095489
precision = 0.8888888888888888
recall = 0.9153605015673981
