f1 = 0.01907556859867938
loss = 1.2144459247589112
precision = 0.0174496644295302
recall = 0.021035598705501618
