f1 = 0.7706422018348624
loss = 0.06575035601854325
precision = 0.7706422018348624
recall = 0.7706422018348624
