f1 = 0.0356234096692112
loss = 0.7600924134254455
precision = 0.03286384976525822
recall = 0.03888888888888889
