f1 = 0.8428470754052149
loss = 0.17375207096338272
precision = 0.8026845637583893
recall = 0.887240356083086
