f1 = 0.7990867579908677
loss = 0.14411816000938416
precision = 0.7766272189349113
recall = 0.822884012539185
