f1 = 0.171875
loss = 0.6928333342075348
precision = 0.15
recall = 0.20121951219512196
