f1 = 0.05504587155963303
loss = 0.9135989248752594
precision = 0.2857142857142857
recall = 0.030456852791878174
