f1 = 0.8591749644381225
loss = 0.22305622547864914
precision = 0.825136612021858
recall = 0.8961424332344213
