f1 = 0.04819277108433735
loss = 0.7490561306476593
precision = 0.045871559633027525
recall = 0.050761421319796954
