f1 = 0.775244299674267
loss = 0.2108233764767647
precision = 0.7579617834394905
recall = 0.7933333333333333
