f1 = 0.025316455696202528
loss = 0.9855382442474365
precision = 0.025252525252525252
recall = 0.025380710659898477
