f1 = 0.16323731138545952
loss = 0.7156535089015961
precision = 0.15178571428571427
recall = 0.17655786350148367
