f1 = 0.0995475113122172
loss = 1.1946844458580017
precision = 0.4583333333333333
recall = 0.05583756345177665
