f1 = 0.2997658079625293
loss = 0.44720381796360015
precision = 0.28193832599118945
recall = 0.32
