f1 = 0.8405673456329316
loss = 0.17637967405950322
precision = 0.9045214597199909
recall = 0.7850597609561752
