f1 = 0.7321937321937322
loss = 0.3140364997088909
precision = 0.6871657754010695
recall = 0.7835365853658537
