f1 = 0.8095238095238095
loss = 0.27528920471668245
precision = 0.794392523364486
recall = 0.8252427184466019
