f1 = 0.8868194842406878
loss = 0.1732901379466057
precision = 0.8573407202216067
recall = 0.9183976261127597
