f1 = 0.9171779141104295
loss = 0.08947383612394333
precision = 0.8978978978978979
recall = 0.9373040752351097
