f1 = 0.03614457831325301
loss = 0.7003999650478363
precision = 0.031914893617021274
recall = 0.041666666666666664
