f1 = 0.5486725663716815
loss = 0.11448321789503098
precision = 0.5299145299145299
recall = 0.5688073394495413
