f1 = 0.6687069625095639
loss = 0.2444544441998005
precision = 0.6532137518684604
recall = 0.6849529780564263
