f1 = 0.6356589147286822
loss = 0.5016990900039673
precision = 0.6473684210526316
recall = 0.6243654822335025
