f1 = 0.7951482479784368
loss = 0.1874242141842842
precision = 0.7722513089005235
recall = 0.8194444444444444
