f1 = 0.6593406593406593
loss = 0.27828724682331085
precision = 0.6017191977077364
recall = 0.7291666666666666
