f1 = 0.03768318213538032
loss = 0.543811959028244
precision = 0.03524804177545692
recall = 0.04047976011994003
