f1 = 0.020573108008817044
loss = 1.2172455787658691
precision = 0.018842530282637954
recall = 0.022653721682847898
