f1 = 0.5544147843942505
loss = 0.39177628606557846
precision = 0.678391959798995
recall = 0.46875
