f1 = 0.7806451612903226
loss = 0.21197692304849625
precision = 0.7289156626506024
recall = 0.8402777777777778
