f1 = 0.8775020016012809
loss = 0.15920110642910004
precision = 0.8684627575277337
recall = 0.8867313915857605
