f1 = 0.7196347031963471
loss = 0.2968816041946411
precision = 0.8259958071278826
recall = 0.6375404530744336
