f1 = 0.6424474187380498
loss = 0.42268980145454405
precision = 0.8235294117647058
recall = 0.5266457680250783
