f1 = 0.6614987080103358
loss = 0.3665119558572769
precision = 0.6736842105263158
recall = 0.649746192893401
