f1 = 0.7737704918032786
loss = 0.2078356109559536
precision = 0.7329192546583851
recall = 0.8194444444444444
