f1 = 0.16329588014981275
loss = 0.7588545799255371
precision = 0.1563845050215208
recall = 0.17084639498432602
