f1 = 0.38756476683937824
loss = 0.5925209820270538
precision = 0.6426116838487973
recall = 0.2774480712166172
