f1 = 0.48437500000000006
loss = 0.5391580611467361
precision = 0.49732620320855614
recall = 0.4720812182741117
