f1 = 0.604012671594509
loss = 0.35568573474884035
precision = 0.8242074927953891
recall = 0.4766666666666667
