f1 = 0.8821603927986907
loss = 0.10441455617547035
precision = 0.8665594855305466
recall = 0.8983333333333333
