f1 = 0.3851351351351351
loss = 0.683076947927475
precision = 0.5757575757575758
recall = 0.2893401015228426
