f1 = 0.8967032967032967
loss = 0.11646659299731255
precision = 0.8767908309455588
recall = 0.9175412293853074
