f1 = 0.5591397849462366
loss = 0.11871574297547341
precision = 0.6753246753246753
recall = 0.47706422018348627
