f1 = 0.7783595113438044
loss = 0.2436125248670578
precision = 0.8779527559055118
recall = 0.6990595611285266
