f1 = 0.4450867052023122
loss = 0.5564102381467819
precision = 0.5167785234899329
recall = 0.39086294416243655
