f1 = 0.7567567567567568
loss = 0.09371368093416095
precision = 0.7433628318584071
recall = 0.7706422018348624
