f1 = 0.1763888888888889
loss = 0.5198936641216279
precision = 0.16429495472186287
recall = 0.1904047976011994
