f1 = 0.5724770642201834
loss = 0.4455663934350014
precision = 0.6070038910505836
recall = 0.5416666666666666
