f1 = 0.8012326656394453
loss = 0.23696098029613494
precision = 0.8333333333333334
recall = 0.771513353115727
