f1 = 0.32451093210586884
loss = 0.6198795437812805
precision = 0.7230769230769231
recall = 0.20919881305637983
