f1 = 0.8132260947274351
loss = 0.1985097885131836
precision = 0.8766859344894027
recall = 0.7583333333333333
