f1 = 0.7405247813411078
loss = 0.3169379383325577
precision = 0.7094972067039106
recall = 0.774390243902439
