f1 = 0.5318681318681318
loss = 0.5281764686107635
precision = 0.8897058823529411
recall = 0.3793103448275862
