f1 = 0.3309859154929577
loss = 0.6194882690906525
precision = 0.5402298850574713
recall = 0.23857868020304568
