f1 = 0.921681780708986
loss = 0.0850002147257328
precision = 0.9119086460032626
recall = 0.9316666666666666
