f1 = 0.03231458049445201
loss = 1.6879052274367388
precision = 0.7094017094017094
recall = 0.016533864541832668
