f1 = 0.7122507122507122
loss = 0.27727922797203064
precision = 0.6684491978609626
recall = 0.7621951219512195
