f1 = 0.37974683544303794
loss = 0.7117797136306763
precision = 0.3787878787878788
recall = 0.38071065989847713
