f1 = 0.5585851142225498
loss = 0.23074507415294648
precision = 0.5271210013908206
recall = 0.5940438871473355
