f1 = 0.02402402402402402
loss = 0.68696129322052
precision = 0.021164021164021163
recall = 0.027777777777777776
