f1 = 0.18489767113620326
loss = 0.7078722834587097
precision = 0.17466666666666666
recall = 0.19640179910044978
