f1 = 0.8678977272727273
loss = 0.19401215761899948
precision = 0.832425068119891
recall = 0.9065281899109793
