f1 = 0.14925373134328357
loss = 0.6423110067844391
precision = 0.28169014084507044
recall = 0.10152284263959391
