f1 = 0.11055276381909547
loss = 0.8506924211978912
precision = 0.10945273631840796
recall = 0.1116751269035533
