f1 = 0.03787878787878788
loss = 1.2109062194824218
precision = 0.03561253561253561
recall = 0.040453074433656956
