f1 = 0.009999999999999998
loss = 1.1692129969596863
precision = 0.3333333333333333
recall = 0.005076142131979695
