f1 = 0.6106870229007634
loss = 0.3796838760375977
precision = 0.8398950131233596
recall = 0.47976011994003
