f1 = 0.12977099236641224
loss = 0.7872407734394073
precision = 0.26153846153846155
recall = 0.08629441624365482
