f1 = 0.8287461773700306
loss = 0.09745471104979515
precision = 0.808955223880597
recall = 0.8495297805642633
