f1 = 0.3024390243902439
loss = 0.6950519323348999
precision = 0.8104575163398693
recall = 0.18590704647676162
