f1 = 0.511873350923483
loss = 0.5432154685258865
precision = 0.532967032967033
recall = 0.49238578680203043
