f1 = 0.6953748006379585
loss = 0.31062713265419006
precision = 0.6430678466076696
recall = 0.7569444444444444
