f1 = 0.005284015852047556
loss = 1.4463270753622055
precision = 0.004662004662004662
recall = 0.006097560975609756
