f1 = 0.7439353099730458
loss = 0.23296552747488022
precision = 0.7225130890052356
recall = 0.7666666666666667
