f1 = 0.03404255319148936
loss = 1.020255208015442
precision = 0.03230148048452221
recall = 0.035982008995502246
