f1 = 0.14516129032258066
loss = 0.2072057992219925
precision = 0.6
recall = 0.08256880733944955
