f1 = 0.6512667660208644
loss = 0.25178052186965943
precision = 0.6035911602209945
recall = 0.7071197411003236
