f1 = 0.5879265091863518
loss = 0.5181509852409363
precision = 0.6086956521739131
recall = 0.5685279187817259
