f1 = 0.6397849462365591
loss = 0.4688042104244232
precision = 0.68
recall = 0.6040609137055838
