f1 = 0.05241379310344827
loss = 0.9349850416183472
precision = 0.04896907216494845
recall = 0.05637982195845697
