f1 = 0.03255484784147204
loss = 0.9874414563179016
precision = 0.030831099195710455
recall = 0.034482758620689655
