f1 = 0.7980613893376414
loss = 0.25442020297050477
precision = 0.7967741935483871
recall = 0.7993527508090615
