f1 = 0.20740740740740743
loss = 0.2134319871664047
precision = 0.5384615384615384
recall = 0.12844036697247707
