f1 = 0.8079365079365081
loss = 0.2787604510784149
precision = 0.7928348909657321
recall = 0.8236245954692557
