f1 = 0.7129629629629629
loss = 0.07002950981259345
precision = 0.719626168224299
recall = 0.7064220183486238
