f1 = 0.4580152671755725
loss = 0.5591103136539459
precision = 0.45918367346938777
recall = 0.45685279187817257
