f1 = 0.8498349834983498
loss = 0.1678827404975891
precision = 0.8415032679738562
recall = 0.8583333333333333
