f1 = 0.9130074565037284
loss = 0.10401396453380585
precision = 0.9077429983525536
recall = 0.9183333333333333
