f1 = 0.018181818181818184
loss = 0.3386851727962494
precision = 1.0
recall = 0.009174311926605505
