f1 = 0.22295081967213112
loss = 0.5377842932939529
precision = 0.3148148148148148
recall = 0.17258883248730963
