f1 = 0.29694323144104806
loss = 0.15626919716596605
precision = 0.2833333333333333
recall = 0.3119266055045872
