f1 = 0.5110876451953537
loss = 0.553216177225113
precision = 0.8642857142857143
recall = 0.36281859070464767
