f1 = 0.38285291943828526
loss = 0.38797912299633025
precision = 0.3622377622377622
recall = 0.4059561128526646
