f1 = 0.7902208201892744
loss = 0.25871225744485854
precision = 0.7707692307692308
recall = 0.8106796116504854
