f1 = 0.04484304932735426
loss = 0.6788242757320404
precision = 0.19230769230769232
recall = 0.025380710659898477
