f1 = 0.05555555555555556
loss = 0.9555061161518097
precision = 0.3157894736842105
recall = 0.030456852791878174
