f1 = 0.34558823529411764
loss = 0.8451117277145386
precision = 0.6266666666666667
recall = 0.23857868020304568
