f1 = 0.6342804766269478
loss = 0.29739123582839966
precision = 0.829736211031175
recall = 0.5133531157270029
