f1 = 0.6228070175438596
loss = 0.12198403775691986
precision = 0.5966386554621849
recall = 0.6513761467889908
