f1 = 0.19759036144578315
loss = 0.6295965611934662
precision = 0.18807339449541285
recall = 0.20812182741116753
