f1 = 0.7396889790398918
loss = 0.19518606066703797
precision = 0.6795031055900621
recall = 0.8115727002967359
