f1 = 0.7619047619047618
loss = 0.12692577615380288
precision = 0.7469879518072289
recall = 0.7774294670846394
