f1 = 0.2670807453416149
loss = 0.5716657340526581
precision = 0.344
recall = 0.2182741116751269
