f1 = 0.6601941747572815
loss = 0.31085746735334396
precision = 0.6181818181818182
recall = 0.7083333333333334
