f1 = 0.9244314013206162
loss = 0.08912640474736691
precision = 0.9051724137931034
recall = 0.9445277361319341
