f1 = 0.6840052015604681
loss = 0.21186598539352416
precision = 0.6430317848410758
recall = 0.7305555555555555
