f1 = 0.27497062279670975
loss = 0.6287636041641236
precision = 0.6610169491525424
recall = 0.17359050445103857
