f1 = 0.023426061493411424
loss = 1.0532408207654953
precision = 0.020253164556962026
recall = 0.027777777777777776
