f1 = 0.8203017832647462
loss = 0.19353678077459335
precision = 0.8102981029810298
recall = 0.8305555555555556
