f1 = 0.9022185702547246
loss = 0.08991755358874798
precision = 0.8897893030794165
recall = 0.915
