f1 = 0.6319758672699849
loss = 0.25548368096351626
precision = 0.6090116279069767
recall = 0.6567398119122257
