f1 = 0.9262634631317315
loss = 0.09745934195816516
precision = 0.9209225700164745
recall = 0.9316666666666666
