f1 = 0.8742994395516415
loss = 0.1777270570397377
precision = 0.8652931854199684
recall = 0.883495145631068
