f1 = 0.9249793899422919
loss = 0.09661427102982997
precision = 0.9151712887438825
recall = 0.935
