f1 = 0.5471264367816092
loss = 0.25764116644859314
precision = 0.4666666666666667
recall = 0.6611111111111111
