f1 = 0.8356729975227085
loss = 0.11601110473275185
precision = 0.8281505728314239
recall = 0.8433333333333334
