f1 = 0.4567099567099566
loss = 0.6495441794395447
precision = 0.8210116731517509
recall = 0.31634182908545727
