f1 = 0.6822289156626505
loss = 0.23698427826166152
precision = 0.6926605504587156
recall = 0.672106824925816
