f1 = 0.5992063492063492
loss = 0.4811849892139435
precision = 0.7743589743589744
recall = 0.4886731391585761
