f1 = 0.15315315315315314
loss = 1.3816730380058289
precision = 0.68
recall = 0.08629441624365482
