f1 = 0.8755020080321285
loss = 0.19538554102182387
precision = 0.8692185007974481
recall = 0.8818770226537217
