f1 = 0.17378497790868924
loss = 0.9182077288627625
precision = 0.1638888888888889
recall = 0.18495297805642633
