f1 = 0.6203703703703703
loss = 0.3169752210378647
precision = 0.5583333333333333
recall = 0.6979166666666666
