f1 = 0.03864734299516908
loss = 1.1027192771434784
precision = 0.4
recall = 0.02030456852791878
