f1 = 0.9213813372520206
loss = 0.08412709236145019
precision = 0.9034582132564841
recall = 0.9400299850074962
