f1 = 0.9134099616858238
loss = 0.08450780659914017
precision = 0.8935532233883059
recall = 0.9341692789968652
