f1 = 0.903225806451613
loss = 0.08485084250569344
precision = 0.8855421686746988
recall = 0.9216300940438872
