f1 = 0.8444802578565672
loss = 0.16063509061932563
precision = 0.8689883913764511
recall = 0.8213166144200627
