f1 = 0.3189655172413793
loss = 0.6861992537975311
precision = 0.7115384615384616
recall = 0.20555555555555555
