f1 = 0.7970335675253708
loss = 0.13362529932283887
precision = 0.7811782708492732
recall = 0.8135458167330677
