f1 = 0.7255216693418941
loss = 0.27900028973817825
precision = 0.6746268656716418
recall = 0.7847222222222222
