f1 = 0.8150289017341039
loss = 0.18165764212608337
precision = 0.7560321715817694
recall = 0.8840125391849529
