f1 = 0.6376811594202899
loss = 0.09470143765211106
precision = 0.673469387755102
recall = 0.6055045871559633
