f1 = 0.47350771294433275
loss = 0.26213194727897643
precision = 0.4320685434516524
recall = 0.5237388724035609
