f1 = 0.8201892744479495
loss = 0.239242784678936
precision = 0.8
recall = 0.8414239482200647
