f1 = 0.6304347826086957
loss = 0.10268511325120926
precision = 0.7733333333333333
recall = 0.5321100917431193
