f1 = 0.8508196721311475
loss = 0.15561011135578157
precision = 0.8370967741935483
recall = 0.865
