f1 = 0.7577639751552795
loss = 0.23336600065231322
precision = 0.7283582089552239
recall = 0.7896440129449838
