f1 = 0.21700879765395895
loss = 0.6743661463260651
precision = 0.2569444444444444
recall = 0.18781725888324874
