f1 = 0.39037433155080214
loss = 0.4799804538488388
precision = 0.4124293785310734
recall = 0.37055837563451777
