f1 = 0.5921146953405019
loss = 0.2530464857816696
precision = 0.5673076923076923
recall = 0.6191904047976012
