f1 = 0.7807017543859649
loss = 0.26206671819090843
precision = 0.75
recall = 0.8140243902439024
