f1 = 0.8955650929899857
loss = 0.15807059407234192
precision = 0.8646408839779005
recall = 0.9287833827893175
