f1 = 0.3943661971830987
loss = 0.12722985744476317
precision = 0.8484848484848485
recall = 0.25688073394495414
