f1 = 0.9134897360703813
loss = 0.1208326756954193
precision = 0.8938307030129125
recall = 0.9340329835082459
