f1 = 0.019704433497536946
loss = 1.2227773070335388
precision = 0.3333333333333333
recall = 0.01015228426395939
