f1 = 0.4484304932735426
loss = 0.10247836261987686
precision = 0.43859649122807015
recall = 0.45871559633027525
