f1 = 0.7046109510086456
loss = 0.20389233380556107
precision = 0.6782246879334258
recall = 0.7331334332833583
