f1 = 0.013458950201884255
loss = 1.4769594222307205
precision = 0.012048192771084338
recall = 0.01524390243902439
