f1 = 0.017937219730941707
loss = 0.7544694542884827
precision = 0.015748031496062992
recall = 0.020833333333333332
