f1 = 0.7713004484304933
loss = 0.09457813277840614
precision = 0.7543859649122807
recall = 0.7889908256880734
