f1 = 0.37234042553191493
loss = 0.1010576456785202
precision = 0.4430379746835443
recall = 0.3211009174311927
