f1 = 0.6509519492293744
loss = 0.413942813873291
precision = 0.8368298368298368
recall = 0.5326409495548962
