f1 = 0.05263157894736843
loss = 0.3256041377782822
precision = 0.6
recall = 0.027522935779816515
