f1 = 0.8480321746624532
loss = 0.14022588009909526
precision = 0.8165222201733358
recall = 0.8820717131474104
