f1 = 0.5223880597014926
loss = 0.3019165754318237
precision = 0.47297297297297297
recall = 0.5833333333333334
