f1 = 0.49796582587469496
loss = 0.3201621174812317
precision = 0.5513513513513514
recall = 0.4540059347181009
