f1 = 0.7155172413793104
loss = 0.11170645654201508
precision = 0.6747967479674797
recall = 0.7614678899082569
