f1 = 0.878186968838527
loss = 0.1671203188598156
precision = 0.8401084010840109
recall = 0.9198813056379822
