f1 = 0.733044733044733
loss = 0.34551746398210526
precision = 0.6958904109589041
recall = 0.774390243902439
