f1 = 0.8986784140969163
loss = 0.11716850399971009
precision = 0.8805755395683453
recall = 0.9175412293853074
