f1 = 0.005865102639296188
loss = 1.2815405964851379
precision = 0.25
recall = 0.002967359050445104
