f1 = 0.7761627906976745
loss = 0.2727462723851204
precision = 0.7416666666666667
recall = 0.8140243902439024
