f1 = 0.920263350402341
loss = 0.08557835221290588
precision = 0.8985714285714286
recall = 0.9430284857571214
