f1 = 0.5146198830409358
loss = 0.48761478066444397
precision = 0.6068965517241379
recall = 0.4467005076142132
