f1 = 0.6455026455026455
loss = 0.510132297873497
precision = 0.6740331491712708
recall = 0.6192893401015228
