f1 = 0.8519968676585747
loss = 0.18324000686407088
precision = 0.8254931714719271
recall = 0.8802588996763754
