f1 = 0.7523809523809524
loss = 0.11158928275108337
precision = 0.7821782178217822
recall = 0.7247706422018348
