f1 = 0.14111261872455902
loss = 0.631775963306427
precision = 0.8253968253968254
recall = 0.0771513353115727
