f1 = 0.034999999999999996
loss = 0.96357461810112
precision = 0.034482758620689655
recall = 0.03553299492385787
