f1 = 0.39470517448856796
loss = 0.7217511415481568
precision = 0.8497409326424871
recall = 0.25705329153605017
