f1 = 0.751060820367751
loss = 0.21338478326797486
precision = 0.7175675675675676
recall = 0.787833827893175
