f1 = 0.5158045977011494
loss = 0.2896683573722839
precision = 0.49517241379310345
recall = 0.5382308845577212
