f1 = 0.9236227456391051
loss = 0.08555158651998841
precision = 0.9139847864248098
recall = 0.9334661354581674
