f1 = 0.0589041095890411
loss = 0.9191262483596802
precision = 0.054707379134860054
recall = 0.06379821958456973
