f1 = 0.9405722670579604
loss = 0.07053657732903958
precision = 0.9209770114942529
recall = 0.9610194902548725
