f1 = 0.10385756676557863
loss = 0.6167909204959869
precision = 0.09067357512953368
recall = 0.12152777777777778
