f1 = 0.3932584269662922
loss = 0.6774882912635803
precision = 0.8101851851851852
recall = 0.2596439169139466
