f1 = 0.8278757346767422
loss = 0.2147778630256653
precision = 0.891500904159132
recall = 0.7727272727272727
