f1 = 0.9111842105263157
loss = 0.1010304756462574
precision = 0.8993506493506493
recall = 0.9233333333333333
