f1 = 0.021382751247327157
loss = 0.8993160009384156
precision = 0.020380434782608696
recall = 0.022488755622188907
