f1 = 0.4069767441860465
loss = 0.12845564708113671
precision = 0.5555555555555556
recall = 0.3211009174311927
