f1 = 0.4984984984984985
loss = 0.5185790359973907
precision = 0.6535433070866141
recall = 0.4029126213592233
