f1 = 0.7003460207612456
loss = 0.21731788963079451
precision = 0.6562905317769131
recall = 0.7507418397626113
