f1 = 0.45996860282574575
loss = 0.3538308620452881
precision = 0.43471810089020774
recall = 0.48833333333333334
