f1 = 0.7558139534883721
loss = 0.24489255249500275
precision = 0.7222222222222222
recall = 0.7926829268292683
