f1 = 0.6771159874608151
loss = 0.3208463154733181
precision = 0.6171428571428571
recall = 0.75
