f1 = 0.9041322314049587
loss = 0.1005836259573698
precision = 0.8967213114754098
recall = 0.9116666666666666
