f1 = 0.7989203778677463
loss = 0.1837706074118614
precision = 0.7769028871391076
recall = 0.8222222222222222
