f1 = 0.40184757505773666
loss = 0.7209766447544098
precision = 0.7631578947368421
recall = 0.2727272727272727
