f1 = 0.17474302496328928
loss = 0.48815577626228335
precision = 0.15994623655913978
recall = 0.1925566343042071
