f1 = 0.6882183908045977
loss = 0.1908589668571949
precision = 0.6671309192200557
recall = 0.7106824925816023
