f1 = 0.9212656364974245
loss = 0.09610471054911614
precision = 0.9046242774566474
recall = 0.9385307346326837
