f1 = 0.5
loss = 0.4077531695365906
precision = 0.49261083743842365
recall = 0.5076142131979695
