f1 = 0.1121771217712177
loss = 1.0663618683815002
precision = 0.10599721059972106
recall = 0.11912225705329153
