f1 = 0.7571884984025559
loss = 0.2356422170996666
precision = 0.7011834319526628
recall = 0.8229166666666666
