f1 = 0.5026455026455027
loss = 0.45929473638534546
precision = 0.5248618784530387
recall = 0.48223350253807107
