f1 = 0.37727272727272726
loss = 0.7051390588283539
precision = 0.8058252427184466
recall = 0.24629080118694363
