f1 = 0.8710852148579752
loss = 0.09844996258616448
precision = 0.8470254957507082
recall = 0.896551724137931
