f1 = 0.16702663786897048
loss = 0.3395633727312088
precision = 0.15446071904127828
recall = 0.18181818181818182
