f1 = 0.8729361091170137
loss = 0.17986057698726654
precision = 0.8456189151599444
recall = 0.9020771513353115
