f1 = 0.842798353909465
loss = 0.14594246819615364
precision = 0.832520325203252
recall = 0.8533333333333334
