f1 = 0.9394387001477105
loss = 0.08163003399968147
precision = 0.925764192139738
recall = 0.9535232383808095
