f1 = 0.5339506172839507
loss = 0.3605007864534855
precision = 0.48055555555555557
recall = 0.6006944444444444
