f1 = 0.2556591211717709
loss = 0.3946709632873535
precision = 0.20734341252699784
recall = 0.3333333333333333
