f1 = 0.3916083916083916
loss = 0.1834282986819744
precision = 0.8235294117647058
recall = 0.25688073394495414
