f1 = 0.6041666666666666
loss = 0.4611818939447403
precision = 0.6203208556149733
recall = 0.5888324873096447
