f1 = 0.032138442521631644
loss = 0.9201400995254516
precision = 0.028953229398663696
recall = 0.03611111111111111
