f1 = 0.7863247863247863
loss = 0.20818280875682832
precision = 0.7563527653213752
recall = 0.8187702265372169
