f1 = 0.217753120665742
loss = 0.4787234365940094
precision = 0.20258064516129032
recall = 0.2353823088455772
