f1 = 0.05472636815920399
loss = 0.536603219807148
precision = 0.14864864864864866
recall = 0.03353658536585366
