f1 = 0.7412898443291327
loss = 0.17821972966194152
precision = 0.7407407407407407
recall = 0.7418397626112759
