f1 = 0.6174142480211082
loss = 0.49696576595306396
precision = 0.6428571428571429
recall = 0.5939086294416244
