f1 = 0.7211538461538463
loss = 0.1016190767288208
precision = 0.7575757575757576
recall = 0.6880733944954128
