f1 = 0.2796208530805687
loss = 0.41045591831207273
precision = 0.6666666666666666
recall = 0.17691154422788605
