f1 = 0.8809182209469154
loss = 0.18371880203485488
precision = 0.8527777777777777
recall = 0.9109792284866469
