f1 = 0.07239819004524886
loss = 1.2123094201087952
precision = 0.3333333333333333
recall = 0.04060913705583756
