f1 = 0.7420814479638009
loss = 0.1228510394692421
precision = 0.7321428571428571
recall = 0.7522935779816514
