f1 = 0.46874999999999994
loss = 0.7366443052887917
precision = 0.6521739130434783
recall = 0.36585365853658536
