f1 = 0.02980392156862745
loss = 1.2473999977111816
precision = 0.028148148148148148
recall = 0.03166666666666667
