f1 = 0.4113263785394933
loss = 0.2955466479063034
precision = 0.39204545454545453
recall = 0.43260188087774293
