f1 = 0.6410256410256411
loss = 0.4890204966068268
precision = 0.6476683937823834
recall = 0.6345177664974619
