f1 = 0.4444444444444444
loss = 0.5664453953504562
precision = 0.6666666666666666
recall = 0.3333333333333333
