f1 = 0.8251748251748252
loss = 0.18862659782171248
precision = 0.7937219730941704
recall = 0.8592233009708737
