f1 = 0.8329177057356608
loss = 0.19525419175624847
precision = 0.8564102564102564
recall = 0.8106796116504854
