f1 = 0.8385345997286294
loss = 0.17278664112091063
precision = 0.8196286472148541
recall = 0.8583333333333333
