f1 = 0.7320954907161803
loss = 0.3287574708461761
precision = 0.8070175438596491
recall = 0.6699029126213593
