f1 = 0.46067415730337086
loss = 0.5481400787830353
precision = 0.5157232704402516
recall = 0.41624365482233505
