f1 = 0.7208333333333333
loss = 0.1809222474694252
precision = 0.6471321695760599
recall = 0.8134796238244514
