f1 = 0.578005115089514
loss = 0.4941947013139725
precision = 0.5824742268041238
recall = 0.5736040609137056
