f1 = 0.6504992867332382
loss = 0.35692262649536133
precision = 0.6112600536193029
recall = 0.6951219512195121
