f1 = 0.7160493827160493
loss = 0.1773920152336359
precision = 0.6444444444444445
recall = 0.8055555555555556
