f1 = 0.7759815242494226
loss = 0.26631071865558625
precision = 0.7400881057268722
recall = 0.8155339805825242
