f1 = 0.06384558277654045
loss = 0.5515349924564361
precision = 0.06064880112834979
recall = 0.06739811912225706
