f1 = 0.7357237715803453
loss = 0.1897176682949066
precision = 0.7048346055979644
recall = 0.7694444444444445
