f1 = 0.00881057268722467
loss = 1.2521814465522767
precision = 0.42857142857142855
recall = 0.004451038575667656
