f1 = 0.9320987654320988
loss = 0.06957850381731986
precision = 0.9179331306990881
recall = 0.9467084639498433
