f1 = 0.9152542372881356
loss = 0.091831374168396
precision = 0.9
recall = 0.9310344827586207
