f1 = 0.9100219458668618
loss = 0.12321793437004089
precision = 0.8885714285714286
recall = 0.9325337331334332
