f1 = 0.9026162790697673
loss = 0.11300760209560394
precision = 0.8758815232722144
recall = 0.9310344827586207
