f1 = 0.7395498392282959
loss = 0.27246143370866777
precision = 0.7142857142857143
recall = 0.7666666666666667
