f1 = 0.40924092409240925
loss = 0.6725845634937286
precision = 0.5849056603773585
recall = 0.3147208121827411
