f1 = 0.7286821705426356
loss = 0.21072324365377426
precision = 0.6811594202898551
recall = 0.7833333333333333
