f1 = 0.8253731343283582
loss = 0.15234003067016602
precision = 0.7877492877492878
recall = 0.8667711598746082
