f1 = 0.3747870528109029
loss = 0.35308319330215454
precision = 0.4247104247104247
recall = 0.3353658536585366
