f1 = 0.2780337941628265
loss = 0.5739336133003234
precision = 0.25783475783475784
recall = 0.3016666666666667
