f1 = 0.7149321266968326
loss = 0.09145887643098831
precision = 0.7053571428571429
recall = 0.7247706422018348
