f1 = 0.5939086294416244
loss = 0.4526272416114807
precision = 0.5939086294416244
recall = 0.5939086294416244
