f1 = 0.7865168539325844
loss = 0.20623648539185524
precision = 0.7313432835820896
recall = 0.8506944444444444
