f1 = 0.9030837004405287
loss = 0.1087551973760128
precision = 0.8848920863309353
recall = 0.9220389805097451
