f1 = 0.8589743589743589
loss = 0.23760184347629548
precision = 0.826027397260274
recall = 0.8946587537091988
