f1 = 0.8781645569620254
loss = 0.16978586465120316
precision = 0.8591331269349846
recall = 0.8980582524271845
