f1 = 0.6630727762803234
loss = 0.37455546855926514
precision = 0.7068965517241379
recall = 0.6243654822335025
