f1 = 0.2835249042145594
loss = 0.9115656018257141
precision = 0.578125
recall = 0.18781725888324874
