f1 = 0.5691056910569106
loss = 0.4402707815170288
precision = 0.6104651162790697
recall = 0.5329949238578681
