f1 = 0.7718832891246685
loss = 0.1957075610756874
precision = 0.7385786802030457
recall = 0.8083333333333333
