f1 = 0.5194805194805195
loss = 0.4547109603881836
precision = 0.5319148936170213
recall = 0.5076142131979695
