f1 = 0.42771084337349397
loss = 0.3242590308189392
precision = 0.4115942028985507
recall = 0.445141065830721
