f1 = 0.00276243093922652
loss = 1.2403768748044968
precision = 0.0025252525252525255
recall = 0.003048780487804878
