f1 = 0.8609053497942387
loss = 0.15452306643128394
precision = 0.9064124783362218
recall = 0.8197492163009404
