f1 = 0.875629043853343
loss = 0.1749272406101227
precision = 0.8493723849372385
recall = 0.9035608308605341
