f1 = 0.8766086298258896
loss = 0.09414547234773636
precision = 0.8477306002928258
recall = 0.9075235109717869
