f1 = 0.725689404934688
loss = 0.3254077360033989
precision = 0.6925207756232687
recall = 0.7621951219512195
