f1 = 0.4169184290030211
loss = 0.34546637907624245
precision = 0.3689839572192513
recall = 0.4791666666666667
