f1 = 0.5198412698412698
loss = 0.4122153162956238
precision = 0.6717948717948717
recall = 0.42394822006472493
