f1 = 0.7058823529411765
loss = 0.08598074987530709
precision = 0.6964285714285714
recall = 0.7155963302752294
