f1 = 0.5185185185185185
loss = 0.37314892187714577
precision = 0.45219638242894056
recall = 0.6076388888888888
