f1 = 0.5473684210526316
loss = 0.5708176642656326
precision = 0.5683060109289617
recall = 0.5279187817258884
