f1 = 0.9038322487346349
loss = 0.11472400575876236
precision = 0.8729050279329609
recall = 0.9370314842578711
