f1 = 0.40266963292547275
loss = 0.7228826999664306
precision = 0.8044444444444444
recall = 0.2685459940652819
