f1 = 0.035303146584804296
loss = 1.1241509556770324
precision = 0.032716927453769556
recall = 0.03833333333333333
