f1 = 0.697411003236246
loss = 0.21662030816078187
precision = 0.6776729559748428
recall = 0.7183333333333334
