f1 = 0.782542113323124
loss = 0.15530562922358512
precision = 0.7649700598802395
recall = 0.8009404388714734
