f1 = 0.7326440177252584
loss = 0.3086887001991272
precision = 0.7106017191977078
recall = 0.7560975609756098
