f1 = 0.9300956585724798
loss = 0.08590069487690925
precision = 0.9132947976878613
recall = 0.9475262368815592
