f1 = 0.35439560439560436
loss = 0.2798858374357224
precision = 0.35054347826086957
recall = 0.35833333333333334
