f1 = 0.18581907090464547
loss = 1.0115159898996353
precision = 0.4691358024691358
recall = 0.11585365853658537
