f1 = 0.6137566137566137
loss = 0.4612348824739456
precision = 0.6408839779005525
recall = 0.5888324873096447
