f1 = 0.0032310177705977385
loss = 0.5616346538066864
precision = 1.0
recall = 0.0016181229773462784
