f1 = 0.21367521367521367
loss = 1.1977095007896423
precision = 0.6756756756756757
recall = 0.12690355329949238
