f1 = 0.31737560822476846
loss = 0.9385430643371507
precision = 0.7483345669874167
recall = 0.20139442231075697
