f1 = 0.42469879518072295
loss = 0.3981890380382538
precision = 0.375
recall = 0.4895833333333333
