f1 = 0.4230769230769231
loss = 0.4458928555250168
precision = 0.4018264840182648
recall = 0.4467005076142132
