f1 = 0.003951788184153329
loss = 1.54407623351789
precision = 0.24390243902439024
recall = 0.00199203187250996
