f1 = 0.8201634877384196
loss = 0.17798267751932145
precision = 0.8048128342245989
recall = 0.8361111111111111
