f1 = 0.2192982456140351
loss = 0.16896265745162964
precision = 0.21008403361344538
recall = 0.22935779816513763
