f1 = 0.8737704918032786
loss = 0.1605161227285862
precision = 0.8596774193548387
recall = 0.8883333333333333
