f1 = 0.37831021437578816
loss = 0.4154581785202026
precision = 0.3464203233256351
recall = 0.4166666666666667
