f1 = 0.7313195548489667
loss = 0.19101101160049438
precision = 0.6744868035190615
recall = 0.7986111111111112
