f1 = 0.9359823399558499
loss = 0.08587125465273857
precision = 0.9190751445086706
recall = 0.9535232383808095
