f1 = 0.29898403483309144
loss = 0.4223676174879074
precision = 0.256857855361596
recall = 0.3576388888888889
