f1 = 0.7392739273927392
loss = 0.2855425104498863
precision = 0.7044025157232704
recall = 0.7777777777777778
