f1 = 0.8076616121308857
loss = 0.24122451692819596
precision = 0.7968503937007874
recall = 0.8187702265372169
