f1 = 0.6089238845144357
loss = 0.4546515494585037
precision = 0.6304347826086957
recall = 0.5888324873096447
