f1 = 0.8281543274244004
loss = 0.15339695077900792
precision = 0.8689277899343545
recall = 0.7910358565737052
