f1 = 0.6666666666666666
loss = 0.09750560112297535
precision = 0.6548672566371682
recall = 0.6788990825688074
