f1 = 0.7246835443037973
loss = 0.26927536353468895
precision = 0.6656976744186046
recall = 0.7951388888888888
