f1 = 0.22622107969151672
loss = 0.7213168144226074
precision = 0.22916666666666666
recall = 0.2233502538071066
