f1 = 0.10249307479224376
loss = 0.3469024658203125
precision = 0.44047619047619047
recall = 0.05799373040752351
