f1 = 0.42021276595744683
loss = 0.5699012577533722
precision = 0.441340782122905
recall = 0.4010152284263959
