f1 = 0.21818181818181817
loss = 0.5989022254943848
precision = 0.2706766917293233
recall = 0.18274111675126903
