f1 = 0.7627906976744188
loss = 0.07767068035900593
precision = 0.7735849056603774
recall = 0.7522935779816514
