f1 = 0.7612732095490715
loss = 0.2187416136264801
precision = 0.7284263959390863
recall = 0.7972222222222223
