f1 = 0.43862068965517237
loss = 0.4277532398700714
precision = 0.4005037783375315
recall = 0.4847560975609756
