f1 = 0.002772002772002772
loss = 1.075015950202942
precision = 0.002600780234070221
recall = 0.002967359050445104
