f1 = 0.4175257731958763
loss = 0.5818746984004974
precision = 0.42408376963350786
recall = 0.41116751269035534
