f1 = 0.717628705148206
loss = 0.2062286138534546
precision = 0.6515580736543909
recall = 0.7986111111111112
