f1 = 0.145320197044335
loss = 0.6111226260662079
precision = 0.13053097345132744
recall = 0.1638888888888889
