f1 = 0.8315132605304212
loss = 0.19688564091920852
precision = 0.802710843373494
recall = 0.8624595469255664
