f1 = 0.45938375350140054
loss = 0.49682633578777313
precision = 0.5125
recall = 0.41624365482233505
