f1 = 0.01227830832196453
loss = 0.9628166317939758
precision = 0.011363636363636364
recall = 0.013353115727002967
