f1 = 0.6834645669291338
loss = 0.23930231109261513
precision = 0.6253602305475504
recall = 0.7534722222222222
