f1 = 0.7242921013412816
loss = 0.3175584152340889
precision = 0.7084548104956269
recall = 0.7408536585365854
