f1 = 0.4114285714285714
loss = 0.7566046714782715
precision = 0.47058823529411764
recall = 0.36548223350253806
