f1 = 0.8801916932907349
loss = 0.18317726254463196
precision = 0.8690851735015773
recall = 0.8915857605177994
