f1 = 0.6791907514450868
loss = 0.34770961105823517
precision = 0.6456043956043956
recall = 0.7164634146341463
