f1 = 0.008771929824561405
loss = 0.23114838004112243
precision = 0.008403361344537815
recall = 0.009174311926605505
