f1 = 0.8126482213438735
loss = 0.25240590423345566
precision = 0.794435857805255
recall = 0.8317152103559871
