f1 = 0.3760092272202999
loss = 0.6399391710758209
precision = 0.844559585492228
recall = 0.24183976261127596
