f1 = 0.7604871447902571
loss = 0.2162528306245804
precision = 0.741424802110818
recall = 0.7805555555555556
