f1 = 0.7978436657681942
loss = 0.1706088326871395
precision = 0.774869109947644
recall = 0.8222222222222222
