f1 = 0.7917329093799682
loss = 0.2678999036550522
precision = 0.778125
recall = 0.8058252427184466
