f1 = 0.021148036253776432
loss = 1.0196387469768524
precision = 0.01871657754010695
recall = 0.024305555555555556
