f1 = 0.8006354249404288
loss = 0.25783640891313553
precision = 0.7862714508580343
recall = 0.8155339805825242
