f1 = 0.256198347107438
loss = 0.992581045627594
precision = 0.7380952380952381
recall = 0.155
