f1 = 0.42011834319526625
loss = 0.43587077260017393
precision = 0.39775910364145656
recall = 0.445141065830721
