f1 = 0.8634739099356683
loss = 0.2088460683822632
precision = 0.833103448275862
recall = 0.8961424332344213
