f1 = 0.9044117647058824
loss = 0.11070064380764962
precision = 0.8874458874458875
recall = 0.9220389805097451
