f1 = 0.9338235294117647
loss = 0.0726108942180872
precision = 0.9163059163059163
recall = 0.952023988005997
