f1 = 0.8018018018018018
loss = 0.10208062827587128
precision = 0.7876106194690266
recall = 0.8165137614678899
