f1 = 0.5741811175337187
loss = 0.4451135754585266
precision = 0.8186813186813187
recall = 0.4421364985163205
