f1 = 0.9148056244830439
loss = 0.0881143320351839
precision = 0.9080459770114943
recall = 0.9216666666666666
