f1 = 0.7724358974358975
loss = 0.2789776064455509
precision = 0.7172619047619048
recall = 0.8368055555555556
