f1 = 0.7298578199052133
loss = 0.10029792785644531
precision = 0.7549019607843137
recall = 0.7064220183486238
