f1 = 0.5031645569620252
loss = 0.32768550515174866
precision = 0.4622093023255814
recall = 0.5520833333333334
