f1 = 0.01762114537444934
loss = 0.2735472694039345
precision = 0.01694915254237288
recall = 0.01834862385321101
