f1 = 0.6923076923076923
loss = 0.2636694610118866
precision = 0.7105263157894737
recall = 0.675
