f1 = 0.8237129485179406
loss = 0.1702771306037903
precision = 0.7951807228915663
recall = 0.8543689320388349
