f1 = 0.5789830508474577
loss = 0.24393007457256316
precision = 0.5284653465346535
recall = 0.6401799100449775
