f1 = 0.7926267281105991
loss = 0.199103444814682
precision = 0.7543859649122807
recall = 0.8349514563106796
