f1 = 0.05217391304347826
loss = 0.31273711621761324
precision = 0.5
recall = 0.027522935779816515
