f1 = 0.29958391123439665
loss = 0.4213474802672863
precision = 0.2748091603053435
recall = 0.32926829268292684
