f1 = 0.39354342813220605
loss = 0.5314444482326508
precision = 0.37481698389458273
recall = 0.41423948220064727
