f1 = 0.732899022801303
loss = 0.27634359523653984
precision = 0.6901840490797546
recall = 0.78125
