f1 = 0.025974025974025976
loss = 0.2699087306857109
precision = 0.02459016393442623
recall = 0.027522935779816515
