f1 = 0.9351032448377582
loss = 0.08362844064831734
precision = 0.9201741654571843
recall = 0.9505247376311844
