f1 = 0.7345207803223069
loss = 0.2800606578588486
precision = 0.7718360071301248
recall = 0.7006472491909385
