f1 = 0.6934189406099518
loss = 0.34348684549331665
precision = 0.7322033898305085
recall = 0.6585365853658537
