f1 = 0.18571428571428572
loss = 0.6466257870197296
precision = 0.17488789237668162
recall = 0.19796954314720813
