f1 = 0.14165497896213183
loss = 0.609269517660141
precision = 0.13306982872200263
recall = 0.15142428785607195
