f1 = 0.650537634408602
loss = 0.454613134264946
precision = 0.6914285714285714
recall = 0.6142131979695431
