f1 = 0.9447310243183493
loss = 0.08422094583511353
precision = 0.9289855072463769
recall = 0.9610194902548725
