f1 = 0.5620253164556962
loss = 0.40954580903053284
precision = 0.5606060606060606
recall = 0.5634517766497462
