f1 = 0.8806818181818181
loss = 0.14306095987558365
precision = 0.8446866485013624
recall = 0.9198813056379822
