f1 = 0.029096477794793258
loss = 1.0581830263137817
precision = 0.027616279069767442
recall = 0.030744336569579287
