f1 = 0.034682080924855495
loss = 1.1794214963912963
precision = 0.6666666666666666
recall = 0.017804154302670624
