f1 = 0.648171500630517
loss = 0.23238768726587294
precision = 0.5935334872979214
recall = 0.7138888888888889
