f1 = 0.7473684210526317
loss = 0.23137516975402833
precision = 0.71
recall = 0.7888888888888889
