f1 = 0.6309859154929578
loss = 0.40004248917102814
precision = 0.7088607594936709
recall = 0.5685279187817259
