f1 = 0.8818897637795275
loss = 0.21920816153287886
precision = 0.8520055325034578
recall = 0.913946587537092
