f1 = 0.7767857142857142
loss = 0.10782459825277328
precision = 0.7565217391304347
recall = 0.7981651376146789
