f1 = 0.1762114537444934
loss = 1.239117980003357
precision = 0.6666666666666666
recall = 0.10152284263959391
