f1 = 0.8207705192629816
loss = 0.20304881781339645
precision = 0.8812949640287769
recall = 0.768025078369906
