f1 = 0.8882562277580072
loss = 0.18897636979818344
precision = 0.853625170998632
recall = 0.9258160237388724
