f1 = 0.8136399682791435
loss = 0.24485667496919633
precision = 0.7978227060653188
recall = 0.8300970873786407
