f1 = 0.7635869565217392
loss = 0.2485531598329544
precision = 0.7473404255319149
recall = 0.7805555555555556
