f1 = 0.6822308690012969
loss = 0.258462193608284
precision = 0.6399026763990268
recall = 0.7305555555555555
