f1 = 0.38709677419354843
loss = 0.13385308682918548
precision = 0.4675324675324675
recall = 0.3302752293577982
