f1 = 0.009389671361502346
loss = 0.8305532336235046
precision = 0.0625
recall = 0.005076142131979695
