f1 = 0.8551034975017844
loss = 0.2104232281446457
precision = 0.8239339752407153
recall = 0.8887240356083086
