f1 = 0.9096252755326966
loss = 0.07984591163694858
precision = 0.8919308357348703
recall = 0.9280359820089955
