f1 = 0.17191977077363896
loss = 0.6570086598396301
precision = 0.1646090534979424
recall = 0.17991004497751126
