f1 = 0.0027155465037338768
loss = 1.3310830354690553
precision = 0.0025031289111389237
recall = 0.002967359050445104
