f1 = 0.9456521739130436
loss = 0.059311503544449806
precision = 0.936923076923077
recall = 0.9545454545454546
