f1 = 0.2588235294117647
loss = 0.5178736090660095
precision = 0.24254215304798962
recall = 0.2774480712166172
