f1 = 0.856257264626114
loss = 0.11666018775134694
precision = 0.8333333333333334
recall = 0.8804780876494024
