f1 = 0.6755555555555556
loss = 0.11744278892874718
precision = 0.6551724137931034
recall = 0.6972477064220184
