f1 = 0.9257898603967671
loss = 0.0775786068290472
precision = 0.9077809798270894
recall = 0.9445277361319341
