f1 = 0.3064935064935065
loss = 0.6296983510255814
precision = 0.6082474226804123
recall = 0.2048611111111111
