f1 = 0.6865248226950355
loss = 0.288492102175951
precision = 0.6419098143236074
recall = 0.7378048780487805
