f1 = 0.9089574155653452
loss = 0.122478449344635
precision = 0.8906474820143885
recall = 0.9280359820089955
