f1 = 0.6346749226006192
loss = 0.2707695811986923
precision = 0.5726256983240223
recall = 0.7118055555555556
