f1 = 0.008202323991797676
loss = 1.012636923789978
precision = 0.0076045627376425855
recall = 0.008902077151335312
