f1 = 0.6805111821086262
loss = 0.3997662737965584
precision = 0.714765100671141
recall = 0.649390243902439
