f1 = 0.8750872295882763
loss = 0.1761526882648468
precision = 0.8260869565217391
recall = 0.93026706231454
