f1 = 0.46036161335187764
loss = 0.3731217086315155
precision = 0.43324607329842935
recall = 0.4910979228486647
