f1 = 0.7296937416777629
loss = 0.22781679183244705
precision = 0.7007672634271099
recall = 0.7611111111111111
