f1 = 0.41501103752759383
loss = 0.6128836750984192
precision = 0.8103448275862069
recall = 0.2789317507418398
