f1 = 0.37181996086105673
loss = 0.5050678253173828
precision = 0.6291390728476821
recall = 0.2638888888888889
