f1 = 0.8640132669983417
loss = 0.13794091790914537
precision = 0.8597359735973598
recall = 0.8683333333333333
