f1 = 0.7948936170212767
loss = 0.21023341864347458
precision = 0.8384201077199281
recall = 0.7556634304207119
