f1 = 0.6336173508907823
loss = 0.354796302318573
precision = 0.6077265973254086
recall = 0.6618122977346278
