f1 = 0.49509433962264154
loss = 0.2912640035152435
precision = 0.5038402457757296
recall = 0.486646884272997
