f1 = 0.3203592814371257
loss = 0.4707409590482712
precision = 0.28157894736842104
recall = 0.3715277777777778
