f1 = 0.7935222672064778
loss = 0.19439909905195235
precision = 0.7716535433070866
recall = 0.8166666666666667
