f1 = 0.43959469992205763
loss = 0.3784156173467636
precision = 0.4128843338213763
recall = 0.47
