f1 = 0.40486725663716805
loss = 0.5166664361953736
precision = 0.7956521739130434
recall = 0.271513353115727
