f1 = 0.7238372093023255
loss = 0.3003040812909603
precision = 0.6916666666666667
recall = 0.7591463414634146
