f1 = 0.8222222222222222
loss = 0.2367589682340622
precision = 0.8068535825545171
recall = 0.8381877022653722
