f1 = 0.15643802647412755
loss = 0.546067190170288
precision = 0.13800424628450106
recall = 0.18055555555555555
