f1 = 0.9021406727828746
loss = 0.10271032750606537
precision = 0.8805970149253731
recall = 0.9247648902821317
