f1 = 0.8358714043993233
loss = 0.17452232390642167
precision = 0.9080882352941176
recall = 0.774294670846395
