f1 = 0.05730659025787965
loss = 1.1711268663406371
precision = 0.8333333333333334
recall = 0.02967359050445104
