f1 = 0.5977695167286246
loss = 0.2804308205842972
precision = 0.5529573590096286
recall = 0.6504854368932039
