f1 = 0.1920374707259953
loss = 0.8908677577972413
precision = 0.6119402985074627
recall = 0.11388888888888889
