f1 = 0.7309236947791165
loss = 0.23461491167545317
precision = 0.7054263565891473
recall = 0.7583333333333333
