f1 = 0.7831932773109244
loss = 0.2520992159843445
precision = 0.758957654723127
recall = 0.8090277777777778
