f1 = 0.5973333333333333
loss = 0.4830721467733383
precision = 0.6292134831460674
recall = 0.5685279187817259
