f1 = 0.33668341708542715
loss = 0.5100987702608109
precision = 0.3333333333333333
recall = 0.3401015228426396
