f1 = 0.8294635708566853
loss = 0.2460181877017021
precision = 0.820919175911252
recall = 0.8381877022653722
