f1 = 0.8581661891117479
loss = 0.24656114280223845
precision = 0.8296398891966759
recall = 0.8887240356083086
