f1 = 0.8519525937439285
loss = 0.14483033652033875
precision = 0.8314372392870686
recall = 0.8735059760956175
