f1 = 0.6724262059035278
loss = 0.23783859610557556
precision = 0.646814404432133
recall = 0.7001499250374813
