f1 = 0.8512585812356981
loss = 0.13488895148038865
precision = 0.8291233283803864
recall = 0.8746081504702194
