f1 = 0.6459627329192547
loss = 0.27596813142299653
precision = 0.6208955223880597
recall = 0.6731391585760518
