f1 = 0.9243203526818516
loss = 0.08736291974782943
precision = 0.9063400576368876
recall = 0.9430284857571214
