f1 = 0.023809523809523815
loss = 1.0421523690223693
precision = 0.02203856749311295
recall = 0.025889967637540454
