f1 = 0.0661215783860647
loss = 0.7569938483191472
precision = 0.3069306930693069
recall = 0.03705179282868526
