f1 = 0.46373626373626375
loss = 0.5372682213783264
precision = 0.8683127572016461
recall = 0.31634182908545727
