f1 = 0.7068965517241378
loss = 0.3051811084151268
precision = 0.6684782608695652
recall = 0.75
