f1 = 0.523719165085389
loss = 0.5990311875939369
precision = 0.6934673366834171
recall = 0.42073170731707316
