f1 = 0.044247787610619475
loss = 0.27250362038612364
precision = 0.042735042735042736
recall = 0.045871559633027525
