f1 = 0.4272445820433437
loss = 0.32324086129665375
precision = 0.3854748603351955
recall = 0.4791666666666667
