f1 = 0.8731466227347612
loss = 0.14115481302142144
precision = 0.8631921824104235
recall = 0.8833333333333333
