f1 = 0.6682134570765661
loss = 0.2730295121669769
precision = 0.64
recall = 0.6990291262135923
