f1 = 0.5894736842105264
loss = 0.47639575600624084
precision = 0.6942148760330579
recall = 0.5121951219512195
