f1 = 0.5420944558521561
loss = 0.376677542924881
precision = 0.6633165829145728
recall = 0.4583333333333333
