f1 = 0.8780082987551868
loss = 0.1458188660442829
precision = 0.8743801652892562
recall = 0.8816666666666667
