f1 = 0.7000000000000001
loss = 0.2602090984582901
precision = 0.6363636363636364
recall = 0.7777777777777778
