f1 = 0.27322404371584696
loss = 0.5444765567779541
precision = 0.25316455696202533
recall = 0.29673590504451036
