f1 = 0.7943706020328382
loss = 0.23699108958244325
precision = 0.8396694214876033
recall = 0.7537091988130564
