f1 = 0.030395136778115502
loss = 0.8728643655776978
precision = 0.02702702702702703
recall = 0.034722222222222224
