f1 = 0.03878116343490305
loss = 0.5843904688954353
precision = 0.21212121212121213
recall = 0.021341463414634148
