f1 = 0.7429305912596402
loss = 0.20952763110399247
precision = 0.6913875598086124
recall = 0.8027777777777778
