f1 = 0.03355704697986577
loss = 1.2480408251285553
precision = 0.5
recall = 0.017361111111111112
