f1 = 0.03137254901960784
loss = 1.2301018953323364
precision = 0.02962962962962963
recall = 0.03333333333333333
