f1 = 0.02396804260985353
loss = 1.4093609899282455
precision = 0.02127659574468085
recall = 0.027439024390243903
