f1 = 0.03669724770642201
loss = 0.7479603886604309
precision = 0.19047619047619047
recall = 0.02030456852791878
