f1 = 0.75
loss = 0.10929702520370484
precision = 0.7878787878787878
recall = 0.7155963302752294
