f1 = 0.9265785609397944
loss = 0.08865097537636757
precision = 0.9079136690647482
recall = 0.9460269865067467
