f1 = 0.3950870010235415
loss = 0.6075568258762359
precision = 0.636963696369637
recall = 0.28635014836795253
