f1 = 0.23622047244094488
loss = 0.5785579979419708
precision = 0.24456521739130435
recall = 0.22842639593908629
