f1 = 0.8145800316957211
loss = 0.25591897815465925
precision = 0.7981366459627329
recall = 0.8317152103559871
