f1 = 0.33451957295373663
loss = 0.6471907496452332
precision = 0.5595238095238095
recall = 0.23857868020304568
