f1 = 0.7378640776699028
loss = 0.22708926647901534
precision = 0.7368421052631579
recall = 0.7388888888888889
