f1 = 0.858986896147076
loss = 0.11897868646180951
precision = 0.8436419515943142
recall = 0.8749003984063745
