f1 = 0.8948170731707317
loss = 0.08934947326779366
precision = 0.870919881305638
recall = 0.9200626959247649
