f1 = 0.6206373292867983
loss = 0.2697605609893799
precision = 0.5842857142857143
recall = 0.6618122977346278
