f1 = 0.7192513368983958
loss = 0.21597627699375152
precision = 0.6932989690721649
recall = 0.7472222222222222
