f1 = 0.2635135135135135
loss = 0.5331879109144211
precision = 0.3939393939393939
recall = 0.19796954314720813
