f1 = 0.4879356568364612
loss = 0.5250618010759354
precision = 0.5170454545454546
recall = 0.4619289340101523
