f1 = 0.7438825448613376
loss = 0.3101862072944641
precision = 0.7015384615384616
recall = 0.7916666666666666
