f1 = 0.9288448326626755
loss = 0.07687140450477326
precision = 0.9154575353066358
recall = 0.9426294820717132
