f1 = 0.7076461769115442
loss = 0.3030448593199253
precision = 0.696165191740413
recall = 0.7195121951219512
