f1 = 0.7568075117370893
loss = 0.2738552808761597
precision = 0.8666666666666667
recall = 0.6716666666666666
