f1 = 0.7780748663101603
loss = 0.19184156507253647
precision = 0.75
recall = 0.8083333333333333
