f1 = 0.6967340590979784
loss = 0.2668946832418442
precision = 0.6309859154929578
recall = 0.7777777777777778
