f1 = 0.6648648648648648
loss = 0.42774075269699097
precision = 0.7109826589595376
recall = 0.6243654822335025
