f1 = 0.8998482549317148
loss = 0.08466234058141708
precision = 0.8720588235294118
recall = 0.9294670846394985
