f1 = 0.24397163120567378
loss = 0.9975971102714538
precision = 0.819047619047619
recall = 0.14333333333333334
