f1 = 0.8166371312415303
loss = 0.16746518965445312
precision = 0.8565493111742838
recall = 0.7802788844621514
