f1 = 0.4528301886792453
loss = 0.6107343137264252
precision = 0.4827586206896552
recall = 0.4263959390862944
