f1 = 0.8804034582132565
loss = 0.19359622597694398
precision = 0.8557422969187675
recall = 0.9065281899109793
