f1 = 0.8326724821570183
loss = 0.22915880531072616
precision = 0.8164852255054432
recall = 0.8495145631067961
