f1 = 0.05459057071960297
loss = 0.9560268223285675
precision = 0.05339805825242718
recall = 0.05583756345177665
