f1 = 0.37596302003081666
loss = 0.30010982155799865
precision = 0.42214532871972316
recall = 0.3388888888888889
