f1 = 0.8547008547008548
loss = 0.1920080676674843
precision = 0.821917808219178
recall = 0.8902077151335311
