f1 = 0.782193958664547
loss = 0.2380107432603836
precision = 0.76875
recall = 0.7961165048543689
