f1 = 0.2537313432835821
loss = 0.2178102344274521
precision = 0.68
recall = 0.1559633027522936
