f1 = 0.026073619631901843
loss = 1.1052854645485972
precision = 0.3469387755102041
recall = 0.013545816733067729
