f1 = 0.4039829302987198
loss = 0.42288711071014407
precision = 0.38430311231393777
recall = 0.4257871064467766
