f1 = 0.17543859649122806
loss = 0.6155770123004913
precision = 0.2840909090909091
recall = 0.12690355329949238
