f1 = 0.7376830892143809
loss = 0.2055687963962555
precision = 0.7084398976982097
recall = 0.7694444444444445
