f1 = 0.3914590747330961
loss = 0.695253849029541
precision = 0.6547619047619048
recall = 0.27918781725888325
