f1 = 0.7089430894308941
loss = 0.285907831043005
precision = 0.6666666666666666
recall = 0.7569444444444444
