f1 = 0.44370860927152317
loss = 0.634780079126358
precision = 0.638095238095238
recall = 0.3401015228426396
