f1 = 0.7254335260115607
loss = 0.2995706647634506
precision = 0.6895604395604396
recall = 0.7652439024390244
