f1 = 0.01780415430267062
loss = 0.41547236442565916
precision = 0.8571428571428571
recall = 0.008995502248875561
