f1 = 0.5132475397426192
loss = 0.27738171219825747
precision = 0.49633967789165445
recall = 0.5313479623824452
