f1 = 0.5297504798464491
loss = 0.6195545084774494
precision = 0.7150259067357513
recall = 0.42073170731707316
