f1 = 0.019099590723055934
loss = 1.0513125360012054
precision = 0.01728395061728395
recall = 0.021341463414634148
