f1 = 0.875270367700072
loss = 0.19966523498296737
precision = 0.8513323983169705
recall = 0.900593471810089
