f1 = 0.8413028413028413
loss = 0.21889570057392121
precision = 0.7893368010403121
recall = 0.900593471810089
