f1 = 0.3983228511530398
loss = 0.7409127503633499
precision = 0.6375838926174496
recall = 0.2896341463414634
