f1 = 0.5441860465116278
loss = 0.35914756655693053
precision = 0.5223214285714286
recall = 0.5679611650485437
