f1 = 0.365
loss = 0.6478715389966965
precision = 0.6517857142857143
recall = 0.2534722222222222
