f1 = 0.7358490566037735
loss = 0.10010050423443317
precision = 0.7572815533980582
recall = 0.7155963302752294
