f1 = 0.16710182767624018
loss = 0.4117070659995079
precision = 0.3368421052631579
recall = 0.1111111111111111
