f1 = 0.9358251755166618
loss = 0.06418283514629401
precision = 0.9291183978009032
recall = 0.9426294820717132
