f1 = 0.9264705882352942
loss = 0.09850372299551964
precision = 0.9090909090909091
recall = 0.9445277361319341
