f1 = 0.9137803979366249
loss = 0.09183693006634712
precision = 0.8985507246376812
recall = 0.9295352323838081
