f1 = 0.819047619047619
loss = 0.1929119810461998
precision = 0.8026666666666666
recall = 0.8361111111111111
