f1 = 0.7031963470319634
loss = 0.08006871789693833
precision = 0.7
recall = 0.7064220183486238
