f1 = 0.7981366459627329
loss = 0.17641790807247162
precision = 0.7671641791044777
recall = 0.8317152103559871
