f1 = 0.7084761251999085
loss = 0.3208500271042188
precision = 0.8304767005891805
recall = 0.6177290836653386
