f1 = 0.2948517940717629
loss = 0.8852375950299057
precision = 0.6798561151079137
recall = 0.18824701195219123
