f1 = 0.7496062992125985
loss = 0.2812835767865181
precision = 0.7986577181208053
recall = 0.7062314540059347
