f1 = 0.2081447963800905
loss = 0.48193584084510804
precision = 0.19008264462809918
recall = 0.23
