f1 = 0.6834319526627219
loss = 0.2928745299577713
precision = 0.6637931034482759
recall = 0.7042682926829268
