f1 = 0.7808417997097242
loss = 0.13068168610334396
precision = 0.727027027027027
recall = 0.8432601880877743
