f1 = 0.10381679389312977
loss = 0.754284942150116
precision = 0.09577464788732394
recall = 0.11333333333333333
