f1 = 0.59846547314578
loss = 0.46044012904167175
precision = 0.6030927835051546
recall = 0.5939086294416244
