f1 = 0.18103448275862072
loss = 0.9766072034835815
precision = 0.6
recall = 0.1065989847715736
