f1 = 0.8671556642216789
loss = 0.13160284236073494
precision = 0.9032258064516129
recall = 0.8338557993730408
