f1 = 0.7023622047244095
loss = 0.25098779425024986
precision = 0.6426512968299711
recall = 0.7743055555555556
