f1 = 0.9221732745961821
loss = 0.08268937468528748
precision = 0.9035971223021583
recall = 0.9415292353823088
