f1 = 0.6165803108808291
loss = 0.46523861587047577
precision = 0.6296296296296297
recall = 0.6040609137055838
