f1 = 0.41873278236914596
loss = 0.6070730090141296
precision = 0.4578313253012048
recall = 0.38578680203045684
