f1 = 0.7219796215429403
loss = 0.29607418552041054
precision = 0.6908077994428969
recall = 0.7560975609756098
