f1 = 0.8111553784860559
loss = 0.14234353527426719
precision = 0.7770992366412214
recall = 0.8483333333333334
