f1 = 0.012430939226519336
loss = 0.989526116847992
precision = 0.011627906976744186
recall = 0.013353115727002967
