f1 = 0.9010989010989011
loss = 0.11017371788620949
precision = 0.8810888252148997
recall = 0.9220389805097451
