f1 = 0.015130674002751034
loss = 1.2085602402687072
precision = 0.014102564102564103
recall = 0.016320474777448073
