f1 = 0.43533123028391163
loss = 0.3149787962436676
precision = 0.41317365269461076
recall = 0.46
