f1 = 0.4953560371517028
loss = 0.31045999750494957
precision = 0.44692737430167595
recall = 0.5555555555555556
