f1 = 0.5989583333333333
loss = 0.43133918941020966
precision = 0.6149732620320856
recall = 0.583756345177665
