f1 = 0.09523809523809525
loss = 0.5720029771327972
precision = 0.17105263157894737
recall = 0.06598984771573604
