f1 = 0.8605042016806722
loss = 0.16135016232728958
precision = 0.8677966101694915
recall = 0.8533333333333334
