f1 = 0.05576488319517709
loss = 0.8283385276794434
precision = 0.05218617771509168
recall = 0.059870550161812294
