f1 = 0.05957446808510638
loss = 0.22189686745405196
precision = 0.05555555555555555
recall = 0.06422018348623854
