f1 = 0.16560509554140126
loss = 0.4657318443059921
precision = 0.2727272727272727
recall = 0.11890243902439024
