f1 = 0.7196401799100449
loss = 0.2770335301756859
precision = 0.7079646017699115
recall = 0.7317073170731707
