f1 = 0.6848920863309353
loss = 0.3155016414821148
precision = 0.6485013623978202
recall = 0.725609756097561
