f1 = 0.033409263477600606
loss = 1.2176455974578857
precision = 0.031473533619456366
recall = 0.03559870550161812
