f1 = 0.9123669123669124
loss = 0.09360717236995697
precision = 0.8969404186795491
recall = 0.9283333333333333
