f1 = 0.296760710553814
loss = 0.45178518295288084
precision = 0.5017667844522968
recall = 0.21068249258160238
