f1 = 0.4440298507462686
loss = 0.46946039199829104
precision = 0.6761363636363636
recall = 0.33055555555555555
