f1 = 0.07106598984771574
loss = 0.9052722454071045
precision = 0.07106598984771574
recall = 0.07106598984771574
