f1 = 0.7282463186077643
loss = 0.2198173150420189
precision = 0.7028423772609819
recall = 0.7555555555555555
