f1 = 0.8771084337349399
loss = 0.17101678550243377
precision = 0.8708133971291866
recall = 0.883495145631068
