f1 = 0.8407960199004973
loss = 0.20023246258497238
precision = 0.8926056338028169
recall = 0.7946708463949843
