f1 = 0.2046783625730994
loss = 0.8014992475509644
precision = 0.6481481481481481
recall = 0.12152777777777778
