f1 = 0.06388206388206388
loss = 0.7798727452754974
precision = 0.06190476190476191
recall = 0.06598984771573604
