f1 = 0.8276422764227643
loss = 0.1756282076239586
precision = 0.9040852575488455
recall = 0.7631184407796102
