f1 = 0.6359516616314199
loss = 0.2683908700942993
precision = 0.6137026239067055
recall = 0.6598746081504702
