f1 = 0.6632653061224489
loss = 0.2633016467094421
precision = 0.6132075471698113
recall = 0.7222222222222222
