f1 = 0.8596491228070176
loss = 0.1042767658829689
precision = 0.8388017118402282
recall = 0.881559220389805
