f1 = 0.776
loss = 0.19601602852344513
precision = 0.7461538461538462
recall = 0.8083333333333333
