f1 = 0.4421052631578947
loss = 0.4031250476837158
precision = 0.38992042440318303
recall = 0.5104166666666666
