f1 = 0.9276218611521418
loss = 0.07706180749536383
precision = 0.9172346640701071
recall = 0.9382470119521913
