f1 = 0.796488427773344
loss = 0.279823362827301
precision = 0.8618307426597582
recall = 0.7403560830860534
