f1 = 0.3162518301610542
loss = 0.4516858831048012
precision = 0.27341772151898736
recall = 0.375
