f1 = 0.8947804473902237
loss = 0.13203575015068053
precision = 0.8896210873146623
recall = 0.9
