f1 = 0.8705321683876092
loss = 0.18194444924592973
precision = 0.8549141965678627
recall = 0.8867313915857605
