f1 = 0.922737306843267
loss = 0.08203107006847858
precision = 0.9060693641618497
recall = 0.9400299850074962
