f1 = 0.3837638376383764
loss = 0.8320153057575226
precision = 0.7027027027027027
recall = 0.2639593908629442
