f1 = 0.9060205580029368
loss = 0.11047962605953217
precision = 0.8877697841726618
recall = 0.9250374812593704
