f1 = 0.8781183178902352
loss = 0.21104180812835693
precision = 0.8449931412894376
recall = 0.913946587537092
