f1 = 0.04790419161676646
loss = 0.13653875887393951
precision = 0.06896551724137931
recall = 0.03669724770642202
