f1 = 0.558974358974359
loss = 0.48418985307216644
precision = 0.5647668393782384
recall = 0.5532994923857868
