f1 = 0.9074889867841409
loss = 0.09115024209022522
precision = 0.8892086330935252
recall = 0.9265367316341829
