f1 = 0.782608695652174
loss = 0.07934511080384254
precision = 0.826530612244898
recall = 0.7431192660550459
