f1 = 0.8801711840228246
loss = 0.17073821201920508
precision = 0.8475274725274725
recall = 0.9154302670623146
