f1 = 0.0404040404040404
loss = 1.1820539355278015
precision = 0.7368421052631579
recall = 0.020771513353115726
