f1 = 0.11299435028248588
loss = 0.42130811512470245
precision = 0.30303030303030304
recall = 0.06944444444444445
