f1 = 0.9237875288683602
loss = 0.09269794523715973
precision = 0.9077155824508321
recall = 0.9404388714733543
