f1 = 0.9137222678718159
loss = 0.08759309016168118
precision = 0.9011345218800648
recall = 0.9266666666666666
