f1 = 0.7436241610738256
loss = 0.23174421936273576
precision = 0.7194805194805195
recall = 0.7694444444444445
