f1 = 0.7582417582417583
loss = 0.29649110734462736
precision = 0.7362804878048781
recall = 0.7815533980582524
