f1 = 0.7403846153846154
loss = 0.27040133997797966
precision = 0.6875
recall = 0.8020833333333334
