f1 = 0.4077328646748682
loss = 0.4044718384742737
precision = 0.49256900212314225
recall = 0.34782608695652173
