f1 = 0.0416024653312789
loss = 0.9838566899299621
precision = 0.03868194842406877
recall = 0.045
