f1 = 0.9108049311094997
loss = 0.09892583787441253
precision = 0.8820224719101124
recall = 0.9415292353823088
