f1 = 0.50231124807396
loss = 0.33459534496068954
precision = 0.4515235457063712
recall = 0.5659722222222222
