f1 = 0.0003950227138060439
loss = 0.9093277197258145
precision = 0.023255813953488372
recall = 0.00019920318725099602
