f1 = 0.56158940397351
loss = 0.30836282297968864
precision = 0.4964871194379391
recall = 0.6463414634146342
