f1 = 0.71671388101983
loss = 0.33596721291542053
precision = 0.6693121693121693
recall = 0.7713414634146342
