f1 = 0.6862745098039216
loss = 0.3929005891084671
precision = 0.859375
recall = 0.5712166172106825
