f1 = 0.22
loss = 0.6617887616157532
precision = 0.21674876847290642
recall = 0.2233502538071066
