f1 = 0.326241134751773
loss = 0.15623213574290276
precision = 0.71875
recall = 0.21100917431192662
