f1 = 0.7833733013589128
loss = 0.2545963525772095
precision = 0.7740916271721959
recall = 0.7928802588996764
