f1 = 0.821587783363369
loss = 0.1487365761502445
precision = 0.784175267065001
recall = 0.8627490039840637
