f1 = 0.7231955150665732
loss = 0.19549806118011476
precision = 0.6852589641434262
recall = 0.7655786350148368
