f1 = 0.6569230769230769
loss = 0.21858686804771424
precision = 0.626099706744868
recall = 0.6909385113268608
