f1 = 0.043701799485861184
loss = 0.6258732497692108
precision = 0.04066985645933014
recall = 0.04722222222222222
