f1 = 0.06896551724137931
loss = 0.20814240872859954
precision = 0.06504065040650407
recall = 0.07339449541284404
