f1 = 0.5891891891891892
loss = 0.5520457029342651
precision = 0.630057803468208
recall = 0.5532994923857868
