f1 = 0.7165354330708661
loss = 0.18597976118326187
precision = 0.6791044776119403
recall = 0.7583333333333333
