f1 = 0.033310201249132546
loss = 0.6950892925262451
precision = 0.03129074315514994
recall = 0.03560830860534125
