f1 = 0.007100591715976332
loss = 1.6147139212664436
precision = 0.36
recall = 0.0035856573705179283
