f1 = 0.4021995286724273
loss = 0.3751925528049469
precision = 0.3803863298662704
recall = 0.4266666666666667
