f1 = 0.7041847041847042
loss = 0.206201933324337
precision = 0.6853932584269663
recall = 0.7240356083086054
