f1 = 0.5656401944894651
loss = 0.2666770309209824
precision = 0.6232142857142857
recall = 0.5178041543026706
