f1 = 0.6398537477148081
loss = 0.2635098546743393
precision = 0.6756756756756757
recall = 0.6076388888888888
