f1 = 0.9162995594713657
loss = 0.07238692976534367
precision = 0.897841726618705
recall = 0.9355322338830585
