f1 = 0.7682119205298013
loss = 0.20367425978183745
precision = 0.7341772151898734
recall = 0.8055555555555556
