f1 = 0.6900958466453674
loss = 0.2295408919453621
precision = 0.6390532544378699
recall = 0.75
