f1 = 0.856071964017991
loss = 0.18278497755527495
precision = 0.8651515151515151
recall = 0.8471810089020771
