f1 = 0.018154311649016642
loss = 0.8864306211471558
precision = 0.0160857908847185
recall = 0.020833333333333332
