f1 = 0.03508771929824561
loss = 0.31543550193309783
precision = 0.4
recall = 0.01834862385321101
