f1 = 0.12903225806451613
loss = 1.4198994636535645
precision = 0.7
recall = 0.07106598984771574
