f1 = 0.375
loss = 0.59404416680336
precision = 0.8526315789473684
recall = 0.2403560830860534
