f1 = 0.7194928684627576
loss = 0.24292869865894318
precision = 0.6618075801749271
recall = 0.7881944444444444
