f1 = 0.7983870967741935
loss = 0.19613046795129777
precision = 0.7734375
recall = 0.825
