f1 = 0.47928994082840237
loss = 0.6845592260360718
precision = 0.574468085106383
recall = 0.41116751269035534
