f1 = 0.020289855072463767
loss = 1.1812501668930053
precision = 0.4375
recall = 0.010385756676557863
