f1 = 0.4824120603015076
loss = 0.11983959153294563
precision = 0.5333333333333333
recall = 0.44036697247706424
