f1 = 0.12260536398467432
loss = 0.5371822714805603
precision = 0.11347517730496454
recall = 0.13333333333333333
