f1 = 0.6836879432624113
loss = 0.31634221225976944
precision = 0.6392572944297082
recall = 0.7347560975609756
