f1 = 0.7810276679841899
loss = 0.26127777993679047
precision = 0.7635239567233385
recall = 0.7993527508090615
