f1 = 0.6576819407008087
loss = 0.46829475462436676
precision = 0.7011494252873564
recall = 0.6192893401015228
