f1 = 0.8654311039484286
loss = 0.17877450063824654
precision = 0.8619582664526485
recall = 0.8689320388349514
