f1 = 0.029268292682926828
loss = 1.277774691581726
precision = 0.375
recall = 0.015228426395939087
