f1 = 0.32214765100671144
loss = 0.1399400442838669
precision = 0.6
recall = 0.22018348623853212
