f1 = 0.05699481865284974
loss = 1.0730102062225342
precision = 0.0582010582010582
recall = 0.05583756345177665
