f1 = 0.4423617619493908
loss = 0.349437615275383
precision = 0.6005089058524173
recall = 0.35014836795252224
