f1 = 0.9242089771891097
loss = 0.07952236458659172
precision = 0.9075144508670521
recall = 0.9415292353823088
