f1 = 0.793918918918919
loss = 0.21613312512636185
precision = 0.7730263157894737
recall = 0.8159722222222222
