f1 = 0.30745341614906835
loss = 0.4756336808204651
precision = 0.2877906976744186
recall = 0.33
