f1 = 0.4763636363636363
loss = 0.5384368658065796
precision = 0.6894736842105263
recall = 0.3638888888888889
