f1 = 0.008968609865470852
loss = 0.2734497547149658
precision = 0.008771929824561403
recall = 0.009174311926605505
