f1 = 0.9117647058823529
loss = 0.09082451239228248
precision = 0.8946608946608947
recall = 0.9295352323838081
