f1 = 0.09315455187014819
loss = 0.7824930310249328
precision = 0.088
recall = 0.09895052473763119
