f1 = 0.6813186813186813
loss = 0.2549362741410732
precision = 0.6217765042979942
recall = 0.7534722222222222
