f1 = 0.6158940397350993
loss = 0.4089384004473686
precision = 0.6739130434782609
recall = 0.5670731707317073
