f1 = 0.8481824661439772
loss = 0.1993539348244667
precision = 0.8161865569272977
recall = 0.8827893175074184
