f1 = 0.014634146341463415
loss = 0.6688204109668732
precision = 0.014084507042253521
recall = 0.015228426395939087
