f1 = 0.6718266253869969
loss = 0.24291617795825005
precision = 0.6061452513966481
recall = 0.7534722222222222
