f1 = 0.6878612716763006
loss = 0.30197880044579506
precision = 0.6538461538461539
recall = 0.725609756097561
