f1 = 0.9353821907013397
loss = 0.07256104501692451
precision = 0.9251753702260327
recall = 0.9458167330677291
