f1 = 0.8752672843905916
loss = 0.1598202720284462
precision = 0.8422496570644719
recall = 0.9109792284866469
