f1 = 0.8168249660786975
loss = 0.19750387817621232
precision = 0.7984084880636605
recall = 0.8361111111111111
