f1 = 0.25777777777777783
loss = 0.16550616323947906
precision = 0.25
recall = 0.26605504587155965
