f1 = 0.8828382838283829
loss = 0.1386380188167095
precision = 0.8741830065359477
recall = 0.8916666666666667
