f1 = 0.07556675062972293
loss = 0.8053471744060516
precision = 0.075
recall = 0.07614213197969544
