f1 = 0.38666666666666666
loss = 0.5984417200088501
precision = 0.5631067961165048
recall = 0.29441624365482233
