f1 = 0.5622593068035944
loss = 0.2904674530029297
precision = 0.522673031026253
recall = 0.6083333333333333
