f1 = 0.8332040341349884
loss = 0.20496855229139327
precision = 0.8731707317073171
recall = 0.7967359050445104
