f1 = 0.4702702702702703
loss = 0.5345494896173477
precision = 0.5028901734104047
recall = 0.4416243654822335
