f1 = 0.7503410641200546
loss = 0.2378989800810814
precision = 0.7372654155495979
recall = 0.7638888888888888
