f1 = 0.7259729944400319
loss = 0.3257492780685425
precision = 0.6934749620637329
recall = 0.7616666666666667
