f1 = 0.008097165991902832
loss = 1.245728075504303
precision = 0.007263922518159807
recall = 0.009146341463414634
