f1 = 0.9107289107289107
loss = 0.10407404899597168
precision = 0.895330112721417
recall = 0.9266666666666666
