f1 = 0.034402783146501734
loss = 1.1223891424197776
precision = 0.577922077922078
recall = 0.017729083665338645
