f1 = 0.5801104972375691
loss = 0.4489133805036545
precision = 0.6363636363636364
recall = 0.5329949238578681
