f1 = 0.9344141488577745
loss = 0.07928811609745026
precision = 0.9188405797101449
recall = 0.9505247376311844
