f1 = 0.7791411042944786
loss = 0.1649230770766735
precision = 0.7627627627627628
recall = 0.7962382445141066
