f1 = 0.36208991494532194
loss = 0.6973372817039489
precision = 0.8054054054054054
recall = 0.2335423197492163
