f1 = 0.7483660130718954
loss = 0.2573588564991951
precision = 0.7067901234567902
recall = 0.7951388888888888
