f1 = 0.5930232558139534
loss = 0.13580495044589042
precision = 0.8095238095238095
recall = 0.46788990825688076
