f1 = 0.9032786885245901
loss = 0.10857074409723282
precision = 0.8887096774193548
recall = 0.9183333333333333
