f1 = 0.7706122448979592
loss = 0.28303773403167726
precision = 0.8566243194192378
recall = 0.7002967359050445
