f1 = 0.4448598130841121
loss = 0.3912247121334076
precision = 0.601010101010101
recall = 0.35311572700296734
