f1 = 0.9326424870466322
loss = 0.08661644756793976
precision = 0.9210526315789473
recall = 0.9445277361319341
