f1 = 0.615146831530139
loss = 0.26110801845788956
precision = 0.5543175487465181
recall = 0.6909722222222222
