f1 = 0.22388059701492538
loss = 0.32500436902046204
precision = 0.24193548387096775
recall = 0.20833333333333334
