f1 = 0.12740384615384615
loss = 0.4882145881652832
precision = 0.11228813559322035
recall = 0.14722222222222223
