f1 = 0.8659058487874465
loss = 0.22602460235357286
precision = 0.8337912087912088
recall = 0.900593471810089
