f1 = 0.41821946169772256
loss = 0.267069473862648
precision = 0.3874680306905371
recall = 0.4542728635682159
