f1 = 0.8320373250388804
loss = 0.16182751208543777
precision = 0.8008982035928144
recall = 0.8656957928802589
