f1 = 0.8639736191261337
loss = 0.1493523970246315
precision = 0.8548123980424144
recall = 0.8733333333333333
