f1 = 0.765079365079365
loss = 0.24957188069820405
precision = 0.7507788161993769
recall = 0.7799352750809061
