f1 = 0.7558139534883721
loss = 0.24001171737909316
precision = 0.8584905660377359
recall = 0.6750741839762612
