f1 = 0.9081885856079405
loss = 0.09960962533950805
precision = 0.9014778325123153
recall = 0.915
