f1 = 0.7989130434782609
loss = 0.2058219626545906
precision = 0.7819148936170213
recall = 0.8166666666666667
