f1 = 0.8407224958949098
loss = 0.15522316992282867
precision = 0.8284789644012945
recall = 0.8533333333333334
