f1 = 0.0027750247770069376
loss = 1.2164717456873726
precision = 0.28
recall = 0.0013944223107569722
