f1 = 0.8491537895511406
loss = 0.085306715965271
precision = 0.8338150289017341
recall = 0.8650674662668666
