f1 = 0.8320251177394035
loss = 0.18965669199824334
precision = 0.8079268292682927
recall = 0.8576051779935275
