f1 = 0.6788432267884322
loss = 0.26755092293024063
precision = 0.6043360433604336
recall = 0.7743055555555556
