f1 = 0.9383259911894273
loss = 0.08558264449238777
precision = 0.9194244604316547
recall = 0.9580209895052474
