f1 = 0.4195804195804196
loss = 0.7903941507432976
precision = 0.8289241622574955
recall = 0.28087649402390436
