f1 = 0.7534883720930232
loss = 0.08193924501538277
precision = 0.7641509433962265
recall = 0.7431192660550459
