f1 = 0.7363636363636364
loss = 0.09478940814733505
precision = 0.7297297297297297
recall = 0.7431192660550459
