f1 = 0.01224411708436962
loss = 0.764811786366444
precision = 0.15458937198067632
recall = 0.006374501992031873
