f1 = 0.6926070038910506
loss = 0.25456092655658724
precision = 0.6496350364963503
recall = 0.7416666666666667
