f1 = 0.9310850439882697
loss = 0.07170121558010578
precision = 0.9110473457675753
recall = 0.952023988005997
