f1 = 0.3546666666666667
loss = 0.49406155198812485
precision = 0.31516587677725116
recall = 0.4054878048780488
