f1 = 0.03292181069958848
loss = 0.28014418929815293
precision = 0.029850746268656716
recall = 0.03669724770642202
