f1 = 0.7414634146341462
loss = 0.280791562050581
precision = 0.6972477064220184
recall = 0.7916666666666666
