f1 = 0.7242647058823529
loss = 0.32346253395080565
precision = 0.8382978723404255
recall = 0.6375404530744336
