f1 = 0.4371308016877637
loss = 0.39384875893592836
precision = 0.5
recall = 0.38830584707646176
