f1 = 0.37862950058072015
loss = 0.6566429495811462
precision = 0.8402061855670103
recall = 0.24437781109445278
