f1 = 0.8170631665299427
loss = 0.1900309443473816
precision = 0.8045234248788369
recall = 0.83
