f1 = 0.9131437355880093
loss = 0.09279603809118271
precision = 0.8959276018099548
recall = 0.9310344827586207
