f1 = 0.13661202185792348
loss = 0.3878364562988281
precision = 0.12547051442910917
recall = 0.14992503748125938
