f1 = 0.058394160583941604
loss = 0.629086822271347
precision = 0.1038961038961039
recall = 0.04060913705583756
