f1 = 0.29023746701846964
loss = 0.6764799058437347
precision = 0.6043956043956044
recall = 0.1909722222222222
