f1 = 0.6687116564417178
loss = 0.26227565854787827
precision = 0.5989010989010989
recall = 0.7569444444444444
