f1 = 0.31223628691983124
loss = 0.6971927940845489
precision = 0.6491228070175439
recall = 0.20555555555555555
