f1 = 0.02786377708978328
loss = 1.0833479315042496
precision = 0.025139664804469275
recall = 0.03125
