f1 = 0.7423014586709885
loss = 0.25101225450634956
precision = 0.6960486322188449
recall = 0.7951388888888888
