f1 = 0.6760563380281689
loss = 0.3603729873895645
precision = 0.7413127413127413
recall = 0.6213592233009708
