f1 = 0.023936170212765957
loss = 0.8506260216236115
precision = 0.02122641509433962
recall = 0.027439024390243903
