f1 = 0.7179856115107914
loss = 0.1738133981823921
precision = 0.690179806362379
recall = 0.7481259370314842
