f1 = 0.8937908496732027
loss = 0.09881351590156555
precision = 0.8766025641025641
recall = 0.9116666666666666
