f1 = 0.8013029315960912
loss = 0.2400805115699768
precision = 0.8065573770491803
recall = 0.7961165048543689
