f1 = 0.41364605543710026
loss = 0.4054902851581573
precision = 0.3932432432432432
recall = 0.4362818590704648
