f1 = 0.12585499316005472
loss = 1.046509861946106
precision = 0.8070175438596491
recall = 0.06824925816023739
