f1 = 0.04522613065326633
loss = 0.9143732786178589
precision = 0.04128440366972477
recall = 0.05
