f1 = 0.7238979118329466
loss = 0.2764210939407349
precision = 0.6933333333333334
recall = 0.7572815533980582
