f1 = 0.04239212717638153
loss = 1.183737850189209
precision = 0.03982930298719772
recall = 0.045307443365695796
