f1 = 0.6845637583892618
loss = 0.3032925993204117
precision = 0.8814814814814815
recall = 0.5595611285266457
