f1 = 0.16331658291457285
loss = 0.6239305555820465
precision = 0.5327868852459017
recall = 0.09643916913946587
