f1 = 0.8833087149187593
loss = 0.11617696061730384
precision = 0.8704512372634643
recall = 0.896551724137931
