f1 = 0.03597122302158273
loss = 1.1517626285552978
precision = 0.03238341968911917
recall = 0.040453074433656956
