f1 = 0.8929159802306424
loss = 0.10684664845466614
precision = 0.8827361563517915
recall = 0.9033333333333333
