f1 = 0.5833333333333334
loss = 0.4301932007074356
precision = 0.6441717791411042
recall = 0.5329949238578681
