f1 = 0.8683834048640915
loss = 0.21260174214839936
precision = 0.8383977900552486
recall = 0.900593471810089
