f1 = 0.8839506172839507
loss = 0.13633136153221131
precision = 0.8731707317073171
recall = 0.895
