f1 = 0.6248216833095577
loss = 0.36842484772205353
precision = 0.5871313672922251
recall = 0.6676829268292683
