f1 = 0.7811075550383086
loss = 0.14131520451137833
precision = 0.7611037611037611
recall = 0.802191235059761
