f1 = 0.05224022878932317
loss = 1.5294738961201089
precision = 0.6088888888888889
recall = 0.027290836653386455
