f1 = 0.8825256975036709
loss = 0.0973185233771801
precision = 0.8647482014388489
recall = 0.9010494752623688
