f1 = 0.5798816568047338
loss = 0.13751654103398323
precision = 0.8166666666666667
recall = 0.44954128440366975
