f1 = 0.7627530364372469
loss = 0.2145690515637398
precision = 0.7417322834645669
recall = 0.785
