f1 = 0.6355810616929698
loss = 0.23197536766529084
precision = 0.609353507565337
recall = 0.664167916041979
