f1 = 0.86482661004954
loss = 0.16472927033901213
precision = 0.8267929634641408
recall = 0.9065281899109793
