f1 = 0.7518355359765051
loss = 0.32969486713409424
precision = 0.7252124645892352
recall = 0.7804878048780488
