f1 = 0.891072891072891
loss = 0.1076066605746746
precision = 0.8760064412238325
recall = 0.9066666666666666
