f1 = 0.9191685912240185
loss = 0.0835676982998848
precision = 0.903177004538578
recall = 0.9357366771159875
