f1 = 0.05849802371541502
loss = 1.082694685459137
precision = 0.055639097744360905
recall = 0.06166666666666667
