f1 = 0.8132530120481928
loss = 0.11001488864421845
precision = 0.782608695652174
recall = 0.8463949843260188
