f1 = 0.6679574056147145
loss = 0.3322179764509201
precision = 0.8734177215189873
recall = 0.5407523510971787
