f1 = 0.6955128205128205
loss = 0.2858859524130821
precision = 0.6458333333333334
recall = 0.7534722222222222
