f1 = 0.8545861297539149
loss = 0.18406452089548112
precision = 0.8590704647676162
recall = 0.8501483679525222
