f1 = 0.1248097412480974
loss = 1.3716480255126953
precision = 0.7192982456140351
recall = 0.06833333333333333
