f1 = 0.19448275862068967
loss = 0.6925602734088898
precision = 0.18170103092783504
recall = 0.20919881305637983
