f1 = 0.6705202312138729
loss = 0.23218395560979843
precision = 0.7532467532467533
recall = 0.6041666666666666
