f1 = 0.6649214659685863
loss = 0.38347549736499786
precision = 0.6864864864864865
recall = 0.6446700507614214
