f1 = 0.7106325706594885
loss = 0.25568356215953825
precision = 0.6892950391644909
recall = 0.7333333333333333
