f1 = 0.018181818181818184
loss = 0.30733576118946077
precision = 1.0
recall = 0.009174311926605505
