f1 = 0.7463106113843991
loss = 0.24345466643571853
precision = 0.7089452603471295
recall = 0.787833827893175
