f1 = 0.5195618153364633
loss = 0.29021115228533745
precision = 0.47293447293447294
recall = 0.5763888888888888
