f1 = 0.2
loss = 0.24541910141706466
precision = 0.6190476190476191
recall = 0.11926605504587157
