f1 = 0.8139557359621146
loss = 0.16893775912923922
precision = 0.7905012201989863
recall = 0.8388446215139442
