f1 = 0.8846737481031866
loss = 0.10200881361961364
precision = 0.8573529411764705
recall = 0.9137931034482759
