f1 = 0.6578947368421053
loss = 0.40705031156539917
precision = 0.6830601092896175
recall = 0.6345177664974619
