f1 = 0.21204819277108436
loss = 0.5059025585651398
precision = 0.2018348623853211
recall = 0.2233502538071066
