f1 = 0.6952526799387443
loss = 0.28247500360012057
precision = 0.6598837209302325
recall = 0.7346278317152104
