f1 = 0.025641025641025644
loss = 0.28244274854660034
precision = 0.024
recall = 0.027522935779816515
