f1 = 0.29959514170040485
loss = 0.8181813061237335
precision = 0.74
recall = 0.18781725888324874
