f1 = 0.39154616240266965
loss = 0.7455639123916626
precision = 0.7822222222222223
recall = 0.26112759643916916
