f1 = 0.7169811320754718
loss = 0.1068768672645092
precision = 0.7378640776699029
recall = 0.6972477064220184
