f1 = 0.7861538461538461
loss = 0.18520123213529588
precision = 0.749266862170088
recall = 0.8268608414239482
