f1 = 0.659142702116115
loss = 0.2538747076018184
precision = 0.7239570917759237
recall = 0.6049800796812749
