f1 = 0.8502340093603744
loss = 0.16042238771915435
precision = 0.8861788617886179
recall = 0.8170914542728636
