f1 = 0.6412884333821376
loss = 0.29527704790234566
precision = 0.6169014084507042
recall = 0.6676829268292683
