f1 = 0.673567977915804
loss = 0.1907645955681801
precision = 0.6296774193548387
recall = 0.7240356083086054
