f1 = 0.9042709867452137
loss = 0.12590791881084443
precision = 0.8885672937771346
recall = 0.9205397301349325
