f1 = 0.7275985663082437
loss = 0.23642374873161315
precision = 0.9042316258351893
recall = 0.6086956521739131
