f1 = 0.8814285714285715
loss = 0.1762214183807373
precision = 0.849862258953168
recall = 0.9154302670623146
