f1 = 0.6341463414634146
loss = 0.4824364632368088
precision = 0.6802325581395349
recall = 0.5939086294416244
