f1 = 0.3
loss = 0.2167852997779846
precision = 0.6774193548387096
recall = 0.1926605504587156
