f1 = 0.9155033063923586
loss = 0.08497462719678879
precision = 0.8976945244956772
recall = 0.9340329835082459
