f1 = 0.016937191249117856
loss = 0.8613599419593811
precision = 0.016
recall = 0.017991004497751123
