f1 = 0.5287187039764359
loss = 0.2885084003210068
precision = 0.4851351351351351
recall = 0.580906148867314
