f1 = 0.6647509578544062
loss = 0.42731662690639494
precision = 0.854679802955665
recall = 0.5438871473354232
