f1 = 0.6325515280739161
loss = 0.30191826820373535
precision = 0.5640050697084917
recall = 0.7200647249190939
