f1 = 0.9085318985395849
loss = 0.07319358959794045
precision = 0.8914027149321267
recall = 0.9263322884012539
