f1 = 0.036585365853658534
loss = 0.6292513757944107
precision = 0.03260869565217391
recall = 0.041666666666666664
