f1 = 0.009769713886950453
loss = 1.0427155017852783
precision = 0.00922266139657444
recall = 0.010385756676557863
