f1 = 0.11605937921727394
loss = 1.0533544063568114
precision = 0.6417910447761194
recall = 0.06379821958456973
