f1 = 0.48360655737704916
loss = 0.37879985198378563
precision = 0.4381188118811881
recall = 0.5396341463414634
