f1 = 0.873469387755102
loss = 0.096724221855402
precision = 0.856
recall = 0.8916666666666667
