f1 = 0.7023121387283237
loss = 0.3130752146244049
precision = 0.6675824175824175
recall = 0.7408536585365854
