f1 = 0.2875354107648725
loss = 0.49675596356391905
precision = 0.25566750629722923
recall = 0.3284789644012945
