f1 = 0.759170653907496
loss = 0.19906111434102058
precision = 0.7020648967551623
recall = 0.8263888888888888
