f1 = 0.7791986359761296
loss = 0.2118147075176239
precision = 0.8234234234234235
recall = 0.7394822006472492
