f1 = 0.6864951768488746
loss = 0.16555298045277594
precision = 0.6630434782608695
recall = 0.7116666666666667
