f1 = 0.7660256410256412
loss = 0.19544826075434685
precision = 0.7113095238095238
recall = 0.8298611111111112
