f1 = 0.5972396486825596
loss = 0.2170719623565674
precision = 0.5446224256292906
recall = 0.6611111111111111
