f1 = 0.029808374733853796
loss = 1.0085752487182618
precision = 0.02830188679245283
recall = 0.031484257871064465
