f1 = 0.6449864498644987
loss = 0.4507589042186737
precision = 0.6918604651162791
recall = 0.6040609137055838
