f1 = 0.11716621253405993
loss = 1.0123315334320069
precision = 0.7166666666666667
recall = 0.06379821958456973
