f1 = 0.37389530931339227
loss = 0.41663154363632204
precision = 0.3450439146800502
recall = 0.40801186943620177
