f1 = 0.024883359253499222
loss = 0.8573947548866272
precision = 0.022535211267605635
recall = 0.027777777777777776
