f1 = 0.4558277654046028
loss = 0.3549949049949646
precision = 0.4330042313117066
recall = 0.48119122257053293
