f1 = 0.4183006535947712
loss = 0.3006455600261688
precision = 0.5173210161662818
recall = 0.3510971786833856
