f1 = 0.20370370370370372
loss = 0.5533867031335831
precision = 0.25984251968503935
recall = 0.16751269035532995
