f1 = 0.7325428194993413
loss = 0.23759742677211762
precision = 0.6967418546365914
recall = 0.7722222222222223
