f1 = 0.12927756653992395
loss = 1.0991732776165009
precision = 0.25757575757575757
recall = 0.08629441624365482
