f1 = 0.7945205479452055
loss = 0.09876818731427192
precision = 0.7909090909090909
recall = 0.7981651376146789
