f1 = 0.0374414976599064
loss = 1.128197431564331
precision = 0.03519061583577713
recall = 0.04
