f1 = 0.8828571428571429
loss = 0.16824334412813186
precision = 0.8512396694214877
recall = 0.9169139465875371
