f1 = 0.8632075471698114
loss = 0.18091457784175874
precision = 0.8394495412844036
recall = 0.8883495145631068
