f1 = 0.23170731707317074
loss = 0.557734340429306
precision = 0.2900763358778626
recall = 0.19289340101522842
