f1 = 0.9163081736409856
loss = 0.09618688602737772
precision = 0.8997695852534562
recall = 0.9334661354581674
