f1 = 0.04292929292929292
loss = 0.715406346321106
precision = 0.03935185185185185
recall = 0.04722222222222222
