f1 = 0.39726387792686135
loss = 0.41227077152214797
precision = 0.5848179705654531
recall = 0.300796812749004
