f1 = 0.6679673210584075
loss = 0.37765734832660824
precision = 0.8610499842816725
recall = 0.5456175298804781
