f1 = 0.8735795454545454
loss = 0.16831113398075104
precision = 0.837874659400545
recall = 0.9124629080118695
