f1 = 0.6702702702702703
loss = 0.47114700078964233
precision = 0.7167630057803468
recall = 0.6294416243654822
