f1 = 0.7149321266968326
loss = 0.08045666962862015
precision = 0.7053571428571429
recall = 0.7247706422018348
