f1 = 0.037209302325581395
loss = 1.0225059688091278
precision = 0.2222222222222222
recall = 0.02030456852791878
