f1 = 0.8578161822466615
loss = 0.18460115194320678
precision = 0.833587786259542
recall = 0.883495145631068
