f1 = 0.017167381974248927
loss = 0.2531767666339874
precision = 0.016129032258064516
recall = 0.01834862385321101
