f1 = 0.8835516739446869
loss = 0.14260599613189698
precision = 0.8585572842998586
recall = 0.9100449775112444
