f1 = 0.8753581661891118
loss = 0.20842778384685517
precision = 0.8462603878116344
recall = 0.9065281899109793
