f1 = 0.8005390835579514
loss = 0.21484162509441376
precision = 0.7774869109947644
recall = 0.825
