f1 = 0.4547945205479452
loss = 0.4297666773200035
precision = 0.4129353233830846
recall = 0.5060975609756098
