f1 = 0.7661205327201303
loss = 0.1545179923813717
precision = 0.7380468894221894
recall = 0.7964143426294821
