f1 = 0.8847023360964582
loss = 0.1057420551776886
precision = 0.8519593613933236
recall = 0.9200626959247649
