f1 = 0.5076142131979695
loss = 0.41912742257118224
precision = 0.6493506493506493
recall = 0.4166666666666667
