f1 = 0.6169665809768637
loss = 0.4555499106645584
precision = 0.625
recall = 0.6091370558375635
