f1 = 0.6919275123558484
loss = 0.36558590829372406
precision = 0.7526881720430108
recall = 0.6402439024390244
