f1 = 0.8189723320158102
loss = 0.25924679189920424
precision = 0.8006182380216383
recall = 0.8381877022653722
