f1 = 0.8714285714285714
loss = 0.19422135800123214
precision = 0.8402203856749312
recall = 0.9050445103857567
