f1 = 0.32392894461859983
loss = 0.3464269757270813
precision = 0.5477031802120141
recall = 0.22997032640949555
