f1 = 0.6085825747724317
loss = 0.22304109781980513
precision = 0.5721271393643031
recall = 0.65
