f1 = 0.00291970802919708
loss = 1.0799752920866013
precision = 0.0025188916876574307
recall = 0.003472222222222222
