f1 = 0.5445026178010471
loss = 0.4246474504470825
precision = 0.5621621621621622
recall = 0.5279187817258884
