f1 = 0.743119266055046
loss = 0.08876629024744034
precision = 0.7431192660550459
recall = 0.7431192660550459
