f1 = 0.019900497512437807
loss = 1.1691745519638062
precision = 0.5
recall = 0.01015228426395939
