f1 = 0.3584720861900098
loss = 0.4246343016624451
precision = 0.5169491525423728
recall = 0.27436281859070466
