f1 = 0.5767195767195766
loss = 0.42958787083625793
precision = 0.6022099447513812
recall = 0.5532994923857868
