f1 = 0.38639455782312926
loss = 0.4968312382698059
precision = 0.3488943488943489
recall = 0.4329268292682927
