f1 = 0.9210727969348659
loss = 0.07523460611701012
precision = 0.9010494752623688
recall = 0.9420062695924765
