f1 = 0.6037735849056604
loss = 0.5289837568998337
precision = 0.6436781609195402
recall = 0.5685279187817259
