f1 = 0.9221732745961821
loss = 0.1120167963206768
precision = 0.9035971223021583
recall = 0.9415292353823088
