f1 = 0.4574468085106383
loss = 0.54420967400074
precision = 0.48044692737430167
recall = 0.4365482233502538
