f1 = 0.06562054208273893
loss = 1.1677730083465576
precision = 0.8518518518518519
recall = 0.03412462908011869
