f1 = 0.2925430210325048
loss = 0.34418107867240905
precision = 0.4112903225806452
recall = 0.22700296735905046
