f1 = 0.87168458781362
loss = 0.2239935964345932
precision = 0.8432732316227461
recall = 0.9020771513353115
