f1 = 0.19590481460985057
loss = 0.40901607333445084
precision = 0.32065217391304346
recall = 0.14103585657370518
