f1 = 0.8879668049792532
loss = 0.1449762500822544
precision = 0.8842975206611571
recall = 0.8916666666666667
