f1 = 0.9127218934911242
loss = 0.10779255330562591
precision = 0.9007299270072993
recall = 0.9250374812593704
