f1 = 0.7136563876651982
loss = 0.2837412916123867
precision = 0.6883852691218131
recall = 0.7408536585365854
