f1 = 0.857823669579031
loss = 0.13884500041604042
precision = 0.9121621621621622
recall = 0.8095952023988006
