f1 = 0.9400584795321638
loss = 0.0670615341514349
precision = 0.9172610556348074
recall = 0.9640179910044977
