f1 = 0.20087336244541484
loss = 0.15971636697649955
precision = 0.19166666666666668
recall = 0.21100917431192662
