f1 = 0.05691056910569107
loss = 0.7847228348255157
precision = 0.14285714285714285
recall = 0.03553299492385787
