f1 = 0.48293963254593175
loss = 0.5632288455963135
precision = 0.5
recall = 0.467005076142132
