f1 = 0.6084724005134787
loss = 0.23816469460725784
precision = 0.5656324582338902
recall = 0.6583333333333333
