f1 = 0.5741626794258373
loss = 0.22471762597560882
precision = 0.5042016806722689
recall = 0.6666666666666666
