f1 = 0.6841294298921418
loss = 0.2705979533493519
precision = 0.6149584487534626
recall = 0.7708333333333334
