f1 = 0.6149732620320856
loss = 0.4632073789834976
precision = 0.6497175141242938
recall = 0.583756345177665
