f1 = 0.9037472446730345
loss = 0.08499570824205875
precision = 0.8861671469740634
recall = 0.9220389805097451
