f1 = 0.9127105666156202
loss = 0.07885803282260895
precision = 0.8922155688622755
recall = 0.9341692789968652
