f1 = 0.36900369003690037
loss = 0.6657592356204987
precision = 0.6756756756756757
recall = 0.25380710659898476
