f1 = 0.4518272425249169
loss = 0.5364561527967453
precision = 0.6538461538461539
recall = 0.34517766497461927
