f1 = 0.4339152119700748
loss = 0.5416340082883835
precision = 0.4264705882352941
recall = 0.4416243654822335
