f1 = 0.5541561712846349
loss = 0.4579094499349594
precision = 0.55
recall = 0.5583756345177665
