f1 = 0.6966292134831461
loss = 0.23954388871788979
precision = 0.6477611940298508
recall = 0.7534722222222222
