f1 = 0.5973254086181278
loss = 0.3416937068104744
precision = 0.5826086956521739
recall = 0.6128048780487805
