f1 = 0.7547169811320755
loss = 0.09808961711823941
precision = 0.7766990291262136
recall = 0.7339449541284404
