f1 = 0.9056603773584906
loss = 0.0971805214881897
precision = 0.8917609046849758
recall = 0.92
