f1 = 0.010810810810810811
loss = 1.4463766664266586
precision = 0.009708737864077669
recall = 0.012195121951219513
