f1 = 0.8079051383399211
loss = 0.21522184163331987
precision = 0.8646362098138748
recall = 0.7581602373887241
