f1 = 0.1288343558282209
loss = 0.9203444272279739
precision = 0.5526315789473685
recall = 0.07291666666666667
