f1 = 0.37271619975639464
loss = 0.6833889722824097
precision = 0.8360655737704918
recall = 0.23981191222570533
