f1 = 0.015325670498084289
loss = 0.715168297290802
precision = 0.03125
recall = 0.01015228426395939
