f1 = 0.0851393188854489
loss = 0.8976080060005188
precision = 0.07947976878612717
recall = 0.09166666666666666
