f1 = 0.2874251497005988
loss = 0.8938505053520203
precision = 0.35036496350364965
recall = 0.2436548223350254
