f1 = 0.8908424908424909
loss = 0.12060250639915467
precision = 0.8710601719197708
recall = 0.9115442278860569
