f1 = 0.030964109781843774
loss = 0.8011881947517395
precision = 0.029177718832891247
recall = 0.03298350824587706
