f1 = 0.051502145922746774
loss = 1.2483648538589478
precision = 0.72
recall = 0.026706231454005934
