f1 = 0.7629139072847682
loss = 0.2044197365641594
precision = 0.7291139240506329
recall = 0.8
