f1 = 0.8823948681397006
loss = 0.17486535459756852
precision = 0.8491083676268861
recall = 0.9183976261127597
