f1 = 0.4913043478260869
loss = 0.5201349377632141
precision = 0.8932806324110671
recall = 0.33883058470764615
