f1 = 0.6240713224368499
loss = 0.224555504322052
precision = 0.5932203389830508
recall = 0.658307210031348
