f1 = 0.03524229074889868
loss = 0.24836557656526564
precision = 0.03389830508474576
recall = 0.03669724770642202
