f1 = 0.034139402560455195
loss = 0.9647067666053772
precision = 0.41379310344827586
recall = 0.017804154302670624
