f1 = 0.8495297805642634
loss = 0.17246071845293046
precision = 0.8237082066869301
recall = 0.8770226537216829
