f1 = 0.5379464285714286
loss = 0.6008920311927796
precision = 0.8141891891891891
recall = 0.40166666666666667
