f1 = 0.07017543859649124
loss = 0.8347311615943909
precision = 0.06930693069306931
recall = 0.07106598984771574
