f1 = 0.5774278215223098
loss = 0.4693511724472046
precision = 0.5978260869565217
recall = 0.5583756345177665
