f1 = 0.5961538461538461
loss = 0.4258366525173187
precision = 0.6681034482758621
recall = 0.5381944444444444
