f1 = 0.8905349794238683
loss = 0.111562966927886
precision = 0.8796747967479674
recall = 0.9016666666666666
