f1 = 0.17951668584579977
loss = 0.6203320026397705
precision = 0.3107569721115538
recall = 0.1262135922330097
