f1 = 0.5911458333333334
loss = 0.2363369956612587
precision = 0.5563725490196079
recall = 0.6305555555555555
