f1 = 0.8773055332798717
loss = 0.17042650580406188
precision = 0.8696343402225755
recall = 0.8851132686084142
