f1 = 0.9191176470588235
loss = 0.08351723589003086
precision = 0.9018759018759018
recall = 0.9370314842578711
