f1 = 0.06571428571428571
loss = 0.6717217326164245
precision = 0.8846153846153846
recall = 0.03412462908011869
