f1 = 0.6464507236388698
loss = 0.2165742427110672
precision = 0.5982142857142857
recall = 0.7031484257871065
