f1 = 0.45325779036827196
loss = 0.4594517946243286
precision = 0.5128205128205128
recall = 0.40609137055837563
