f1 = 0.7958366693354686
loss = 0.24243599623441697
precision = 0.7876386687797148
recall = 0.8042071197411004
