f1 = 0.11666666666666668
loss = 0.2928106889128685
precision = 0.6363636363636364
recall = 0.06422018348623854
