f1 = 0.7358062074186222
loss = 0.17381250858306885
precision = 0.7115666178623719
recall = 0.7617554858934169
