f1 = 0.6825775656324582
loss = 0.20520848780870438
precision = 0.6529680365296804
recall = 0.715
