f1 = 0.5
loss = 0.6247893333435058
precision = 0.8350877192982457
recall = 0.3568215892053973
