f1 = 0.39622641509433965
loss = 0.6635538041591644
precision = 0.6176470588235294
recall = 0.2916666666666667
