f1 = 0.8105789849892779
loss = 0.20608677119016647
precision = 0.7820689655172414
recall = 0.841246290801187
