f1 = 0.18006430868167206
loss = 0.5348701179027557
precision = 0.24561403508771928
recall = 0.14213197969543148
