f1 = 0.7935483870967741
loss = 0.2076336219906807
precision = 0.7409638554216867
recall = 0.8541666666666666
