f1 = 0.926720947446336
loss = 0.08831874281167984
precision = 0.9152046783625731
recall = 0.9385307346326837
