f1 = 0.4350205198358413
loss = 0.4702127166092396
precision = 0.3945409429280397
recall = 0.4847560975609756
