f1 = 0.152954808806489
loss = 0.5564017295837402
precision = 0.2509505703422053
recall = 0.11
