f1 = 0.05741626794258374
loss = 0.6122298240661621
precision = 0.05429864253393665
recall = 0.06091370558375635
