f1 = 0.780907668231612
loss = 0.21198622584342958
precision = 0.7560606060606061
recall = 0.8074433656957929
