f1 = 0.5025746652935118
loss = 0.45775869488716125
precision = 0.6912181303116147
recall = 0.3948220064724919
