f1 = 0.87893864013267
loss = 0.1453550711274147
precision = 0.8745874587458746
recall = 0.8833333333333333
