f1 = 0.7569141193595342
loss = 0.27766747772693634
precision = 0.724233983286908
recall = 0.7926829268292683
