f1 = 0.6613162118780096
loss = 0.3033786974847317
precision = 0.6149253731343284
recall = 0.7152777777777778
