f1 = 0.3376963350785341
loss = 0.4093968868255615
precision = 0.2958715596330275
recall = 0.3932926829268293
