f1 = 0.005532503457814661
loss = 1.2123282253742218
precision = 0.005063291139240506
recall = 0.006097560975609756
