f1 = 0.8596705308114704
loss = 0.15328115334405618
precision = 0.8780639800581637
recall = 0.8420318725099601
