f1 = 0.39282930631332813
loss = 0.3992790818214417
precision = 0.3689604685212299
recall = 0.42
