f1 = 0.04295942720763723
loss = 0.9278260946273804
precision = 0.0410958904109589
recall = 0.045
