f1 = 0.5918189730200174
loss = 0.3531769871711731
precision = 0.7157894736842105
recall = 0.5044510385756676
