f1 = 0.881578947368421
loss = 0.11055625341832638
precision = 0.8701298701298701
recall = 0.8933333333333333
