f1 = 0.5445026178010471
loss = 0.473760187625885
precision = 0.5621621621621622
recall = 0.5279187817258884
