f1 = 0.8379888268156425
loss = 0.19189359992742538
precision = 0.8959044368600683
recall = 0.7871064467766117
