f1 = 0.56047197640118
loss = 0.44900941848754883
precision = 0.6690140845070423
recall = 0.48223350253807107
