f1 = 0.46842105263157896
loss = 0.5424420684576035
precision = 0.48633879781420764
recall = 0.4517766497461929
