f1 = 0.819644369178662
loss = 0.19512891843914987
precision = 0.8913443830570903
recall = 0.7586206896551724
