f1 = 0.2580645161290323
loss = 0.5587640166282654
precision = 0.24242424242424243
recall = 0.27586206896551724
