f1 = 0.6423927178153445
loss = 0.21268897950649263
precision = 0.6039119804400978
recall = 0.6861111111111111
