f1 = 0.8303362001563721
loss = 0.1882142037153244
precision = 0.8033282904689864
recall = 0.8592233009708737
