f1 = 0.4835164835164836
loss = 0.5702316999435425
precision = 0.8088235294117647
recall = 0.3448275862068966
