f1 = 0.8624376336421953
loss = 0.22359537631273269
precision = 0.8299039780521262
recall = 0.8976261127596439
