f1 = 0.726984126984127
loss = 0.2706597335636616
precision = 0.6695906432748538
recall = 0.7951388888888888
