f1 = 0.5772357723577236
loss = 0.3249272257089615
precision = 0.5195121951219512
recall = 0.649390243902439
