f1 = 0.008849557522123894
loss = 0.22611404210329056
precision = 0.008547008547008548
recall = 0.009174311926605505
