f1 = 0.11492537313432835
loss = 0.9751231431961059
precision = 0.10968660968660969
recall = 0.1206896551724138
