f1 = 0.8794835007173601
loss = 0.20459984093904496
precision = 0.8513888888888889
recall = 0.9094955489614244
