f1 = 0.018181818181818184
loss = 0.32373412102460863
precision = 1.0
recall = 0.009174311926605505
