f1 = 0.7615176151761518
loss = 0.2389745980501175
precision = 0.7433862433862434
recall = 0.7805555555555556
