f1 = 0.422623723487824
loss = 0.3637715518474579
precision = 0.399702823179792
recall = 0.4483333333333333
