f1 = 0.9005751848808544
loss = 0.11081962771713734
precision = 0.8881685575364667
recall = 0.9133333333333333
