f1 = 0.8477011494252874
loss = 0.21957473903894426
precision = 0.8217270194986073
recall = 0.8753709198813057
