f1 = 0.16129032258064513
loss = 1.0789377689361572
precision = 0.39215686274509803
recall = 0.10152284263959391
