f1 = 0.33183856502242154
loss = 0.8435512334108353
precision = 0.6271186440677966
recall = 0.22560975609756098
