f1 = 0.7513089005235603
loss = 0.2001655399799347
precision = 0.7103960396039604
recall = 0.7972222222222223
