f1 = 0.6310160427807486
loss = 0.45333752036094666
precision = 0.6666666666666666
recall = 0.5989847715736041
