f1 = 0.0029585798816568047
loss = 1.1584604620933532
precision = 0.5
recall = 0.001483679525222552
