f1 = 0.20995962314939437
loss = 0.8692028045654296
precision = 0.7428571428571429
recall = 0.12225705329153605
