f1 = 0.7930107526881719
loss = 0.1992781087756157
precision = 0.7682291666666666
recall = 0.8194444444444444
