f1 = 0.3417447728911319
loss = 0.39776669442653656
precision = 0.301143583227446
recall = 0.395
