f1 = 0.8391836734693878
loss = 0.16529256105422974
precision = 0.8224
recall = 0.8566666666666667
