f1 = 0.5067264573991032
loss = 0.28639077842235566
precision = 0.48428571428571426
recall = 0.5313479623824452
