f1 = 0.5302593659942363
loss = 0.4404100477695465
precision = 0.6133333333333333
recall = 0.467005076142132
