f1 = 0.48648648648648646
loss = 0.4938235878944397
precision = 0.5202312138728323
recall = 0.45685279187817257
