f1 = 0.32023289665211063
loss = 0.3378259003162384
precision = 0.29891304347826086
recall = 0.3448275862068966
