f1 = 0.6288951841359774
loss = 0.34760045260190964
precision = 0.5873015873015873
recall = 0.676829268292683
