f1 = 0.6318758815232721
loss = 0.32531436532735825
precision = 0.5879265091863517
recall = 0.6829268292682927
