f1 = 0.8910303928836175
loss = 0.12106653451919555
precision = 0.8812316715542522
recall = 0.9010494752623688
