f1 = 0.36279898974892294
loss = 0.7844487761749941
precision = 0.7136177673874927
recall = 0.24322709163346615
