f1 = 0.878969957081545
loss = 0.1158385492861271
precision = 0.9061946902654867
recall = 0.8533333333333334
