f1 = 0.6933534743202417
loss = 0.2955940991640091
precision = 0.6501416430594901
recall = 0.7427184466019418
