f1 = 0.8253968253968255
loss = 0.1383863866329193
precision = 0.8412942989214176
recall = 0.8100890207715133
