f1 = 0.8295081967213114
loss = 0.16262661814689636
precision = 0.8161290322580645
recall = 0.8433333333333334
