f1 = 0.028528528528528527
loss = 1.0938357830047607
precision = 0.02661064425770308
recall = 0.030744336569579287
