f1 = 0.7137954701441318
loss = 0.18479222655296326
precision = 0.6641123882503193
recall = 0.771513353115727
