f1 = 0.6948356807511736
loss = 0.2518687844276428
precision = 0.6324786324786325
recall = 0.7708333333333334
