f1 = 0.8397070789259562
loss = 0.1480589896440506
precision = 0.9181494661921709
recall = 0.7736131934032984
