f1 = 0.8909348441926346
loss = 0.18501145988702775
precision = 0.8523035230352304
recall = 0.9332344213649851
