f1 = 0.16071428571428573
loss = 1.4018049240112305
precision = 0.6666666666666666
recall = 0.09137055837563451
