f1 = 0.04558011049723757
loss = 0.8687739253044129
precision = 0.04263565891472868
recall = 0.04896142433234421
