f1 = 0.8192182410423452
loss = 0.26243472695350645
precision = 0.8245901639344262
recall = 0.813915857605178
