f1 = 0.20512820512820515
loss = 0.13856675177812577
precision = 0.192
recall = 0.22018348623853212
