f1 = 0.6734867860187553
loss = 0.35879431664943695
precision = 0.7915831663326653
recall = 0.586053412462908
