f1 = 0.7218628719275548
loss = 0.2012812852859497
precision = 0.6755447941888619
recall = 0.775
