f1 = 0.7808219178082192
loss = 0.21004719734191896
precision = 0.7702702702702703
recall = 0.7916666666666666
