f1 = 0.4525386313465783
loss = 0.613546895980835
precision = 0.8577405857740585
recall = 0.3073463268365817
