f1 = 0.6410256410256411
loss = 0.4834696054458618
precision = 0.6476683937823834
recall = 0.6345177664974619
