f1 = 0.02136752136752137
loss = 0.8132694959640503
precision = 0.0203527815468114
recall = 0.022488755622188907
