f1 = 0.8791366906474821
loss = 0.18610663563013077
precision = 0.8533519553072626
recall = 0.9065281899109793
