f1 = 0.9337260677466863
loss = 0.07335103526711464
precision = 0.9175108538350217
recall = 0.9505247376311844
