f1 = 0.13616398243045388
loss = 0.6552443742752075
precision = 0.12433155080213903
recall = 0.15048543689320387
