f1 = 0.7434402332361516
loss = 0.31028301641345024
precision = 0.7122905027932961
recall = 0.7774390243902439
