f1 = 0.7465437788018434
loss = 0.09807682558894157
precision = 0.75
recall = 0.7431192660550459
