f1 = 0.04926108374384237
loss = 1.0987941026687622
precision = 0.8333333333333334
recall = 0.025380710659898477
