f1 = 0.7315634218289085
loss = 0.3360670730471611
precision = 0.7085714285714285
recall = 0.7560975609756098
