f1 = 0.5928449744463372
loss = 0.42578740417957306
precision = 0.7665198237885462
recall = 0.48333333333333334
