f1 = 0.3212435233160622
loss = 0.542388278245926
precision = 0.30434782608695654
recall = 0.3401253918495298
