f1 = 0.47358121330724073
loss = 0.6911775022745132
precision = 0.6612021857923497
recall = 0.36890243902439024
