f1 = 0.6153846153846154
loss = 0.126533405482769
precision = 0.7671232876712328
recall = 0.5137614678899083
