f1 = 0.7443946188340809
loss = 0.1035167932510376
precision = 0.7280701754385965
recall = 0.7614678899082569
