f1 = 0.2256867112100965
loss = 0.8521737456321716
precision = 0.2143864598025388
recall = 0.23824451410658307
