f1 = 0.9108910891089109
loss = 0.09375412687659264
precision = 0.9019607843137255
recall = 0.92
