f1 = 0.7692307692307692
loss = 0.11106359735131263
precision = 0.7589285714285714
recall = 0.7798165137614679
