f1 = 0.8954248366013071
loss = 0.09786988832056523
precision = 0.8782051282051282
recall = 0.9133333333333333
