f1 = 0.3325
loss = 0.36635965704917905
precision = 0.30227272727272725
recall = 0.36944444444444446
