f1 = 0.7768206734534064
loss = 0.25548177361488345
precision = 0.7526555386949925
recall = 0.8025889967637541
