f1 = 0.9050736497545008
loss = 0.09873860999941826
precision = 0.8890675241157556
recall = 0.9216666666666666
