f1 = 0.3895522388059701
loss = 0.39528108239173887
precision = 0.3527027027027027
recall = 0.435
