f1 = 0.024303073624017155
loss = 0.8148550987243652
precision = 0.023224043715846996
recall = 0.025487256371814093
