f1 = 0.03617571059431524
loss = 0.834190034866333
precision = 0.033816425120772944
recall = 0.03888888888888889
