f1 = 0.8338461538461538
loss = 0.09729725867509842
precision = 0.8187311178247734
recall = 0.8495297805642633
