f1 = 0.8315703824247355
loss = 0.2668619781732559
precision = 0.8363338788870703
recall = 0.8268608414239482
