f1 = 0.0357976653696498
loss = 1.1126818656921387
precision = 0.033576642335766425
recall = 0.03833333333333333
