f1 = 0.751937984496124
loss = 0.1953113630414009
precision = 0.7028985507246377
recall = 0.8083333333333333
