f1 = 0.7752715121136173
loss = 0.13939885422587395
precision = 0.7772194304857621
recall = 0.7733333333333333
