f1 = 0.7991543340380549
loss = 0.23905056565999985
precision = 0.7610738255033557
recall = 0.841246290801187
