f1 = 0.8173628173628175
loss = 0.15979198664426802
precision = 0.8035426731078905
recall = 0.8316666666666667
