f1 = 0.7064516129032257
loss = 0.2992987036705017
precision = 0.6596385542168675
recall = 0.7604166666666666
