f1 = 0.01958041958041958
loss = 1.1615857124328612
precision = 0.01834862385321101
recall = 0.020989505247376312
