f1 = 0.8774834437086093
loss = 0.14267371818423272
precision = 0.8717105263157895
recall = 0.8833333333333333
