f1 = 0.7570093457943925
loss = 0.08227146714925766
precision = 0.7714285714285715
recall = 0.7431192660550459
