f1 = 0.6450417052826691
loss = 0.41552322208881376
precision = 0.8592592592592593
recall = 0.516320474777448
