f1 = 0.9031198686371099
loss = 0.10384046509861947
precision = 0.889967637540453
recall = 0.9166666666666666
