f1 = 0.7466307277628033
loss = 0.24076803922653198
precision = 0.725130890052356
recall = 0.7694444444444445
