f1 = 0.7515833919774807
loss = 0.1908830851316452
precision = 0.714859437751004
recall = 0.7922848664688428
