f1 = 0.877769835596855
loss = 0.19664932936429977
precision = 0.8468965517241379
recall = 0.9109792284866469
