f1 = 0.18504811250925243
loss = 0.664773964881897
precision = 0.17053206002728513
recall = 0.2022653721682848
