f1 = 0.43221690590111644
loss = 0.36466957330703736
precision = 0.41437308868501527
recall = 0.45166666666666666
