f1 = 0.6594761171032358
loss = 0.25615566968917847
precision = 0.592797783933518
recall = 0.7430555555555556
