f1 = 0.13856812933025403
loss = 0.5368032902479172
precision = 0.2857142857142857
recall = 0.09146341463414634
