f1 = 0.7443130118289353
loss = 0.24736630022525788
precision = 0.8872017353579176
recall = 0.6410658307210031
