f1 = 0.8646864686468646
loss = 0.1454980693757534
precision = 0.8562091503267973
recall = 0.8733333333333333
