f1 = 0.10880829015544043
loss = 0.8375685214996338
precision = 0.1111111111111111
recall = 0.1065989847715736
