f1 = 0.13432835820895522
loss = 0.6746873259544373
precision = 0.13170731707317074
recall = 0.13705583756345177
