f1 = 0.5534591194968553
loss = 0.3220980793237686
precision = 0.523117569352708
recall = 0.5875370919881305
