f1 = 0.6844106463878327
loss = 0.21175920367240905
precision = 0.6293706293706294
recall = 0.75
