f1 = 0.018306636155606404
loss = 1.1341729521751405
precision = 0.017316017316017316
recall = 0.019417475728155338
