f1 = 0.7169811320754718
loss = 0.30687422305345535
precision = 0.6842105263157895
recall = 0.7530487804878049
