f1 = 0.03687943262411348
loss = 1.0819702863693237
precision = 0.41935483870967744
recall = 0.019287833827893175
