f1 = 0.8759493670886076
loss = 0.11149138733744621
precision = 0.8871794871794871
recall = 0.865
