f1 = 0.19447779111644659
loss = 0.4956472158432007
precision = 0.5094339622641509
recall = 0.1201780415430267
