f1 = 0.02455661664392906
loss = 0.8933003395795822
precision = 0.022222222222222223
recall = 0.027439024390243903
