f1 = 0.07728813559322034
loss = 0.7769820868968964
precision = 0.07116104868913857
recall = 0.08456973293768547
