f1 = 0.43544303797468353
loss = 0.5084519386291504
precision = 0.43434343434343436
recall = 0.4365482233502538
