f1 = 0.6174142480211082
loss = 0.49483147263526917
precision = 0.6428571428571429
recall = 0.5939086294416244
