f1 = 0.7572559366754619
loss = 0.19439542591571807
precision = 0.7211055276381909
recall = 0.7972222222222223
