f1 = 0.39419588875453443
loss = 0.8529957294464111
precision = 0.7799043062200957
recall = 0.26375404530744334
