f1 = 0.4445983379501385
loss = 0.25095903873443604
precision = 0.41312741312741313
recall = 0.48125937031484256
