f1 = 0.7793783169067475
loss = 0.15032006204128265
precision = 0.7547723935389133
recall = 0.8056426332288401
