f1 = 0.7740189445196209
loss = 0.22098737508058547
precision = 0.7546174142480211
recall = 0.7944444444444444
