f1 = 0.8326967150496563
loss = 0.21791593581438065
precision = 0.8582677165354331
recall = 0.8086053412462908
