f1 = 0.5799011532125206
loss = 0.3386963903903961
precision = 0.7125506072874493
recall = 0.4888888888888889
