f1 = 0.7140600315955765
loss = 0.26467807963490486
precision = 0.6550724637681159
recall = 0.7847222222222222
