f1 = 0.37078651685393255
loss = 0.3564365029335022
precision = 0.5025380710659898
recall = 0.29376854599406527
