f1 = 0.7850467289719626
loss = 0.0807805173099041
precision = 0.8
recall = 0.7706422018348624
