f1 = 0.04482225656877899
loss = 1.0419968605041503
precision = 0.04178674351585014
recall = 0.04833333333333333
