f1 = 0.2208904109589041
loss = 0.4837062001228333
precision = 0.23454545454545456
recall = 0.2087378640776699
