f1 = 0.7513513513513513
loss = 0.23680452406406402
precision = 0.7315789473684211
recall = 0.7722222222222223
