f1 = 0.5336927223719676
loss = 0.5101136714220047
precision = 0.5689655172413793
recall = 0.5025380710659898
