f1 = 0.4651162790697675
loss = 0.5870010852813721
precision = 0.6730769230769231
recall = 0.3553299492385787
