f1 = 0.8999236058059588
loss = 0.09992609024047852
precision = 0.8777943368107303
recall = 0.9231974921630094
