f1 = 0.8993399339933994
loss = 0.10734831895679235
precision = 0.8905228758169934
recall = 0.9083333333333333
