f1 = 0.7217806041335452
loss = 0.25617944449186325
precision = 0.6656891495601173
recall = 0.7881944444444444
