f1 = 0.6875
loss = 0.09843105785548686
precision = 0.6695652173913044
recall = 0.7064220183486238
