f1 = 0.11894273127753303
loss = 1.0212946772575378
precision = 0.11187845303867404
recall = 0.12695924764890282
