f1 = 0.22622107969151672
loss = 0.8680011868476868
precision = 0.7927927927927928
recall = 0.13193403298350825
