f1 = 0.826923076923077
loss = 0.17267204374074935
precision = 0.8179347826086957
recall = 0.8361111111111111
