f1 = 0.7865771812080536
loss = 0.216663458943367
precision = 0.7610389610389611
recall = 0.8138888888888889
