f1 = 0.912037037037037
loss = 0.09584400355815888
precision = 0.898176291793313
recall = 0.9263322884012539
