f1 = 0.749661705006766
loss = 0.26556853502988814
precision = 0.7308707124010554
recall = 0.7694444444444445
