f1 = 0.4240963855421687
loss = 0.46663324534893036
precision = 0.6929133858267716
recall = 0.3055555555555556
