f1 = 0.849445324881141
loss = 0.14301428869366645
precision = 0.9008403361344538
recall = 0.8035982008995503
