f1 = 0.799410029498525
loss = 0.2677854187786579
precision = 0.7742857142857142
recall = 0.8262195121951219
