f1 = 0.24878836833602583
loss = 0.392195463180542
precision = 0.2326283987915408
recall = 0.2673611111111111
