f1 = 0.8687350835322196
loss = 0.16633729189634322
precision = 0.8544600938967136
recall = 0.883495145631068
