f1 = 0.2643356643356643
loss = 0.28716484010219573
precision = 0.24770642201834864
recall = 0.28335832083958024
