f1 = 0.9037721324095458
loss = 0.08529284596443176
precision = 0.8880484114977307
recall = 0.9200626959247649
