f1 = 0.8649586608145351
loss = 0.14837924493294136
precision = 0.8869583420556835
recall = 0.8440239043824701
