f1 = 0.6796116504854369
loss = 0.08734981045126915
precision = 0.7216494845360825
recall = 0.6422018348623854
