f1 = 0.8313155770782888
loss = 0.11512603908777237
precision = 0.8059467918622848
recall = 0.8583333333333333
