f1 = 0.055813953488372085
loss = 0.744741016626358
precision = 0.05217391304347826
recall = 0.06
