f1 = 0.6031746031746031
loss = 0.10897155627608299
precision = 0.7125
recall = 0.5229357798165137
