f1 = 0.02710843373493976
loss = 0.9893734604120255
precision = 0.023936170212765957
recall = 0.03125
