f1 = 0.3753086419753086
loss = 0.48057223856449127
precision = 0.36538461538461536
recall = 0.38578680203045684
