f1 = 0.900589390962672
loss = 0.09637262527465675
precision = 0.8883720930232558
recall = 0.9131474103585657
