f1 = 0.05037783375314862
loss = 0.9866645634174347
precision = 0.05
recall = 0.050761421319796954
