f1 = 0.8209069946195235
loss = 0.19640936106443405
precision = 0.8516746411483254
recall = 0.7922848664688428
