f1 = 0.5340314136125655
loss = 0.09415940865874291
precision = 0.6219512195121951
recall = 0.46788990825688076
