f1 = 0.8722538649308381
loss = 0.14077621400356294
precision = 0.8521462639109698
recall = 0.8933333333333333
