f1 = 0.8887262079062958
loss = 0.11217238828539848
precision = 0.8683834048640916
recall = 0.9100449775112444
