f1 = 0.7129629629629629
loss = 0.11197538077831268
precision = 0.719626168224299
recall = 0.7064220183486238
