f1 = 0.02902757619738752
loss = 1.2408717274665833
precision = 0.6666666666666666
recall = 0.01483679525222552
