f1 = 0.5642458100558659
loss = 0.5620089173316956
precision = 0.6273291925465838
recall = 0.5126903553299492
