f1 = 0.7956487956487956
loss = 0.24347962588071823
precision = 0.7653213751868461
recall = 0.8284789644012945
