f1 = 0.5644916540212445
loss = 0.20760375410318374
precision = 0.5470588235294118
recall = 0.5830721003134797
