f1 = 0.8513119533527697
loss = 0.08406421691179275
precision = 0.8283687943262411
recall = 0.8755622188905547
