f1 = 0.7499999999999999
loss = 0.2746603451669216
precision = 0.7166666666666667
recall = 0.7865853658536586
