f1 = 0.08801955990220049
loss = 0.7222057580947876
precision = 0.08490566037735849
recall = 0.09137055837563451
