f1 = 0.7895480225988701
loss = 0.2092593416571617
precision = 0.7533692722371967
recall = 0.8293768545994066
