f1 = 0.7546666666666667
loss = 0.2219455987215042
precision = 0.7256410256410256
recall = 0.7861111111111111
