f1 = 0.5971370143149284
loss = 0.22143176794052125
precision = 0.5523329129886507
recall = 0.6498516320474778
