f1 = 0.09792284866468842
loss = 0.5419899001717567
precision = 0.08549222797927461
recall = 0.11458333333333333
