f1 = 0.7580786026200874
loss = 0.2592554911971092
precision = 0.8560157790927022
recall = 0.6802507836990596
