f1 = 0.6385169927909372
loss = 0.45331632494926455
precision = 0.8355795148247979
recall = 0.5166666666666667
