f1 = 0.36798803290949883
loss = 0.45755247473716737
precision = 0.34214186369958277
recall = 0.39805825242718446
