f1 = 0.739383846794338
loss = 0.2563124120235443
precision = 0.8425047438330171
recall = 0.658753709198813
