f1 = 0.6837735849056603
loss = 0.2670902281999588
precision = 0.6407355021216408
recall = 0.7330097087378641
