f1 = 0.5742296918767507
loss = 0.19619812369346618
precision = 0.5189873417721519
recall = 0.6426332288401254
