f1 = 0.509009009009009
loss = 0.5324897527694702
precision = 0.904
recall = 0.3542319749216301
