f1 = 0.6964285714285714
loss = 0.1042497657239437
precision = 0.6782608695652174
recall = 0.7155963302752294
