f1 = 0.7729083665338645
loss = 0.18989764302968978
precision = 0.7404580152671756
recall = 0.8083333333333333
