f1 = 0.02573266619013581
loss = 0.9008196830749512
precision = 0.02459016393442623
recall = 0.026986506746626688
