f1 = 0.5208845208845208
loss = 0.5155718773603439
precision = 0.5047619047619047
recall = 0.5380710659898477
