f1 = 0.7850467289719626
loss = 0.14252745509147643
precision = 0.7250996015936255
recall = 0.8557993730407524
