f1 = 0.01992576675131862
loss = 1.7473671284376406
precision = 0.5151515151515151
recall = 0.010159362549800797
