f1 = 0.019662921348314606
loss = 0.7332260012626648
precision = 0.18421052631578946
recall = 0.010385756676557863
