f1 = 0.008620689655172414
loss = 0.27786471843719485
precision = 0.008130081300813009
recall = 0.009174311926605505
