f1 = 0.900763358778626
loss = 0.08544002696871758
precision = 0.8779761904761905
recall = 0.9247648902821317
