f1 = 0.37325905292479106
loss = 0.5307873338460922
precision = 0.41358024691358025
recall = 0.3401015228426396
