f1 = 0.6913073237508555
loss = 0.2850382596254349
precision = 0.6416772554002541
recall = 0.7492581602373887
