f1 = 0.7543859649122807
loss = 0.2979435071349144
precision = 0.8565737051792829
recall = 0.6739811912225705
