f1 = 0.4071246819338422
loss = 0.40220241248607635
precision = 0.3755868544600939
recall = 0.4444444444444444
