f1 = 0.3482142857142857
loss = 0.5014937579631805
precision = 0.32231404958677684
recall = 0.3786407766990291
