f1 = 0.9247787610619468
loss = 0.09104536399245262
precision = 0.9100145137880987
recall = 0.9400299850074962
