f1 = 0.018320610687022898
loss = 1.0119279772043228
precision = 0.01634877384196185
recall = 0.020833333333333332
