f1 = 0.7987567987567987
loss = 0.13205326497554778
precision = 0.7919876733436055
recall = 0.8056426332288401
