f1 = 0.8914956011730205
loss = 0.11159192994236947
precision = 0.8723098995695839
recall = 0.9115442278860569
