f1 = 0.3437862950058072
loss = 0.6560116469860077
precision = 0.7914438502673797
recall = 0.2195845697329377
