f1 = 0.21052631578947367
loss = 0.36937450170516967
precision = 0.3686274509803922
recall = 0.14733542319749215
