f1 = 0.35422343324250677
loss = 0.49127792194485664
precision = 0.32019704433497537
recall = 0.39634146341463417
