f1 = 0.9449743213499633
loss = 0.0670707643032074
precision = 0.9252873563218391
recall = 0.9655172413793104
