f1 = 0.6208530805687205
loss = 0.25641193985939026
precision = 0.5900900900900901
recall = 0.655
