f1 = 0.804159445407279
loss = 0.2019127979874611
precision = 0.8992248062015504
recall = 0.7272727272727273
