f1 = 0.7459807073954985
loss = 0.28401604667305946
precision = 0.6946107784431138
recall = 0.8055555555555556
