f1 = 0.6290165530671861
loss = 0.32146704494953154
precision = 0.8972222222222223
recall = 0.48425787106446777
