f1 = 0.45373134328358217
loss = 0.34105037748813627
precision = 0.6888217522658611
recall = 0.33827893175074186
