f1 = 0.05999634168648253
loss = 0.6939114931167341
precision = 0.3668903803131991
recall = 0.03266932270916335
