f1 = 0.8747993579454253
loss = 0.17060884535312654
precision = 0.8678343949044586
recall = 0.8818770226537217
