f1 = 0.2907608695652174
loss = 0.9017771482467651
precision = 0.7867647058823529
recall = 0.17833333333333334
