f1 = 0.6244864420706655
loss = 0.3129289120435715
precision = 0.6998158379373849
recall = 0.5637982195845698
