f1 = 0.010914051841746247
loss = 1.4162767678499222
precision = 0.009876543209876543
recall = 0.012195121951219513
