f1 = 0.780701754385965
loss = 0.10032926127314568
precision = 0.7478991596638656
recall = 0.8165137614678899
