f1 = 0.33605947955390336
loss = 0.41100547909736634
precision = 0.31966053748231965
recall = 0.3542319749216301
