f1 = 0.2337992376111817
loss = 0.8543947815895081
precision = 0.8141592920353983
recall = 0.13649851632047477
