f1 = 0.6444866920152091
loss = 0.4142424762248993
precision = 0.8188405797101449
recall = 0.5313479623824452
