f1 = 0.6236559139784946
loss = 0.47607851028442383
precision = 0.6628571428571428
recall = 0.5888324873096447
