f1 = 0.5978835978835979
loss = 0.4656010717153549
precision = 0.6243093922651933
recall = 0.5736040609137056
