f1 = 0.7217847769028871
loss = 0.24863199889659882
precision = 0.6840796019900498
recall = 0.7638888888888888
