f1 = 0.13946587537091987
loss = 1.0216857194900513
precision = 0.1323943661971831
recall = 0.14733542319749215
