f1 = 0.911350455675228
loss = 0.10693332627415657
precision = 0.9060955518945635
recall = 0.9166666666666666
