f1 = 0.7699115044247787
loss = 0.2788916155695915
precision = 0.7457142857142857
recall = 0.7957317073170732
