f1 = 0.3350253807106599
loss = 0.44102359414100645
precision = 0.7021276595744681
recall = 0.22
