f1 = 0.6170212765957447
loss = 0.14587635695934295
precision = 0.7341772151898734
recall = 0.5321100917431193
