f1 = 0.9176646706586826
loss = 0.0915400467813015
precision = 0.9162929745889388
recall = 0.9190404797601199
