f1 = 0.00879765395894428
loss = 0.834346204996109
precision = 0.007614213197969543
recall = 0.010416666666666666
