f1 = 0.8649789029535865
loss = 0.19255628436803818
precision = 0.8221925133689839
recall = 0.9124629080118695
