f1 = 0.8830128205128205
loss = 0.17325973212718965
precision = 0.8746031746031746
recall = 0.8915857605177994
