f1 = 0.2606310013717421
loss = 0.9779645800590515
precision = 0.7364341085271318
recall = 0.15833333333333333
