f1 = 0.3894736842105263
loss = 0.10555898994207383
precision = 0.4567901234567901
recall = 0.3394495412844037
