f1 = 0.8572262773722628
loss = 0.11999934249301898
precision = 0.8380589914367269
recall = 0.8772908366533865
