f1 = 0.6463576158940397
loss = 0.2584080547094345
precision = 0.6177215189873417
recall = 0.6777777777777778
