f1 = 0.8359941944847605
loss = 0.1225101262331009
precision = 0.810126582278481
recall = 0.863568215892054
