f1 = 0.08368200836820083
loss = 0.844400942325592
precision = 0.23809523809523808
recall = 0.050761421319796954
