f1 = 0.3146067415730337
loss = 0.3689237117767334
precision = 0.2857142857142857
recall = 0.35
