f1 = 0.039401103230890466
loss = 1.009030282497406
precision = 0.03736920777279522
recall = 0.041666666666666664
