f1 = 0.6379310344827586
loss = 0.24839453399181366
precision = 0.6124137931034482
recall = 0.6656671664167916
