f1 = 0.6924342105263157
loss = 0.25930415093898773
precision = 0.7767527675276753
recall = 0.6246290801186943
