f1 = 0.7266881028938907
loss = 0.31425927206873894
precision = 0.6766467065868264
recall = 0.7847222222222222
