f1 = 0.8037383177570094
loss = 0.09992287829518318
precision = 0.819047619047619
recall = 0.7889908256880734
