f1 = 0.36101083032490977
loss = 0.7441819310188293
precision = 0.625
recall = 0.25380710659898476
