f1 = 0.01895734597156398
loss = 0.7347794771194458
precision = 0.14285714285714285
recall = 0.01015228426395939
