f1 = 0.9186746987951808
loss = 0.11351273879408837
precision = 0.9228441754916793
recall = 0.9145427286356822
