f1 = 0.8846153846153846
loss = 0.131452539563179
precision = 0.8875838926174496
recall = 0.8816666666666667
