f1 = 0.8739770867430442
loss = 0.13302841633558274
precision = 0.9143835616438356
recall = 0.8369905956112853
