f1 = 0.7155499367888748
loss = 0.21083129197359085
precision = 0.6566125290023201
recall = 0.7861111111111111
