f1 = 0.6312849162011174
loss = 0.4436761289834976
precision = 0.7018633540372671
recall = 0.5736040609137056
