f1 = 0.7706666666666667
loss = 0.21704247891902922
precision = 0.7410256410256411
recall = 0.8027777777777778
