f1 = 0.4441281138790036
loss = 0.3130671322345734
precision = 0.42276422764227645
recall = 0.46776611694152925
