f1 = 0.73542600896861
loss = 0.10696647986769676
precision = 0.7192982456140351
recall = 0.7522935779816514
