f1 = 0.29268292682926833
loss = 0.8699951767921448
precision = 0.5365853658536586
recall = 0.20121951219512196
