f1 = 0.6021052631578948
loss = 0.4285285919904709
precision = 0.8171428571428572
recall = 0.4766666666666667
