f1 = 0.3851444291609354
loss = 0.2756597280502319
precision = 0.358974358974359
recall = 0.41543026706231456
