f1 = 0.8706536856745479
loss = 0.12936030477285385
precision = 0.819371727748691
recall = 0.9287833827893175
