f1 = 0.3595505617977528
loss = 0.6711444854736328
precision = 0.6857142857142857
recall = 0.2436548223350254
