f1 = 0.7360703812316715
loss = 0.335815392434597
precision = 0.7090395480225988
recall = 0.7652439024390244
