f1 = 0.011173184357541898
loss = 1.2687585204839706
precision = 0.010309278350515464
recall = 0.012195121951219513
