f1 = 0.7649402390438247
loss = 0.18989599049091338
precision = 0.732824427480916
recall = 0.8
