f1 = 0.7731543624161074
loss = 0.2143627166748047
precision = 0.7480519480519481
recall = 0.8
