f1 = 0.7678571428571428
loss = 0.09789430126547813
precision = 0.7478260869565218
recall = 0.7889908256880734
