f1 = 0.5632183908045978
loss = 0.12121289558708667
precision = 0.7538461538461538
recall = 0.44954128440366975
