f1 = 0.651890482398957
loss = 0.2644889384508133
precision = 0.6142506142506142
recall = 0.6944444444444444
