f1 = 0.7949080622347949
loss = 0.1436661969870329
precision = 0.7594594594594595
recall = 0.8338278931750742
