f1 = 0.5421412300683371
loss = 0.49929966777563095
precision = 0.7880794701986755
recall = 0.4131944444444444
