f1 = 0.24675324675324678
loss = 0.6062811315059662
precision = 0.34234234234234234
recall = 0.19289340101522842
