f1 = 0.3834510595358224
loss = 0.3520697832107544
precision = 0.5993690851735016
recall = 0.2818991097922849
