f1 = 0.5401683244070391
loss = 0.3482928514480591
precision = 0.5123367198838897
recall = 0.5711974110032363
