f1 = 0.8017167381974248
loss = 0.24462067186832429
precision = 0.8861480075901328
recall = 0.731974921630094
