f1 = 0.022900763358778622
loss = 1.128618586063385
precision = 0.02167630057803468
recall = 0.024271844660194174
