f1 = 0.8390501319261214
loss = 0.1405255377292633
precision = 0.888268156424581
recall = 0.795
