f1 = 0.8726376335250615
loss = 0.14530401155352593
precision = 0.8606158833063209
recall = 0.885
