f1 = 0.722560975609756
loss = 0.25953536927700044
precision = 0.8006756756756757
recall = 0.6583333333333333
