f1 = 0.7927927927927928
loss = 0.10941412448883056
precision = 0.7787610619469026
recall = 0.8073394495412844
