f1 = 0.608
loss = 0.5021890997886658
precision = 0.6404494382022472
recall = 0.5786802030456852
