f1 = 0.8643790849673203
loss = 0.16594479456543923
precision = 0.9027303754266212
recall = 0.829153605015674
