f1 = 0.12669683257918554
loss = 1.2448292970657349
precision = 0.5833333333333334
recall = 0.07106598984771574
