f1 = 0.02617801047120419
loss = 1.1244936734437943
precision = 0.022935779816513763
recall = 0.03048780487804878
