f1 = 0.1222707423580786
loss = 1.1391682624816895
precision = 0.8571428571428571
recall = 0.06583072100313479
