f1 = 0.2962962962962963
loss = 0.1976632833480835
precision = 0.7692307692307693
recall = 0.1834862385321101
