f1 = 0.21481481481481485
loss = 0.7749712765216827
precision = 0.3972602739726027
recall = 0.14720812182741116
