f1 = 0.07849293563579278
loss = 0.70601105093956
precision = 0.07418397626112759
recall = 0.08333333333333333
