f1 = 0.5
loss = 0.14628527015447618
precision = 0.7454545454545455
recall = 0.3761467889908257
