f1 = 0.71417004048583
loss = 0.20081017762422562
precision = 0.694488188976378
recall = 0.735
