f1 = 0.8334514528703048
loss = 0.18896916061639785
precision = 0.7978290366350068
recall = 0.8724035608308606
