f1 = 0.9129480614484272
loss = 0.10764378905296326
precision = 0.8914285714285715
recall = 0.9355322338830585
