f1 = 0.1811926605504587
loss = 0.302619731426239
precision = 0.33760683760683763
recall = 0.1238244514106583
