f1 = 0.8850820842255532
loss = 0.2058415085077286
precision = 0.8528198074277854
recall = 0.9198813056379822
