f1 = 0.6525198938992043
loss = 0.45452064275741577
precision = 0.6833333333333333
recall = 0.6243654822335025
