f1 = 0.6371275783040489
loss = 0.21872113943099974
precision = 0.6034732272069464
recall = 0.6747572815533981
