f1 = 0.8040370058873003
loss = 0.20734203159809111
precision = 0.8371278458844134
recall = 0.7734627831715211
