f1 = 0.421209858103062
loss = 0.428874534368515
precision = 0.40228245363766046
recall = 0.44200626959247646
