f1 = 0.4435897435897436
loss = 0.3848730087280273
precision = 0.4119047619047619
recall = 0.48055555555555557
