f1 = 0.8884120171673818
loss = 0.18228619694709777
precision = 0.8577348066298343
recall = 0.9213649851632048
