f1 = 0.13317191283292978
loss = 0.6404846727848053
precision = 0.11802575107296137
recall = 0.1527777777777778
