f1 = 0.8217898832684826
loss = 0.1912406101822853
precision = 0.7916041979010495
recall = 0.8543689320388349
