f1 = 0.72
loss = 0.0872323926538229
precision = 0.6982758620689655
recall = 0.7431192660550459
