f1 = 0.047619047619047616
loss = 0.7637977004051208
precision = 0.38461538461538464
recall = 0.025380710659898477
