f1 = 0.5752380952380953
loss = 0.3143727406859398
precision = 0.6371308016877637
recall = 0.5243055555555556
