f1 = 0.7138686131386862
loss = 0.24058674732405766
precision = 0.749015317286652
recall = 0.6818725099601594
