f1 = 0.9161764705882353
loss = 0.09398889616131782
precision = 0.898989898989899
recall = 0.9340329835082459
