f1 = 0.8599695585996955
loss = 0.1017316959798336
precision = 0.8357988165680473
recall = 0.8855799373040752
