f1 = 0.9276218611521417
loss = 0.07356582432985306
precision = 0.9141193595342066
recall = 0.9415292353823088
