f1 = 0.47699757869249393
loss = 0.28310013115406035
precision = 0.4227467811158798
recall = 0.5472222222222223
