f1 = 0.6147704590818364
loss = 0.29532260447740555
precision = 0.7230046948356808
recall = 0.5347222222222222
