f1 = 0.877769835596855
loss = 0.182014100253582
precision = 0.8468965517241379
recall = 0.9109792284866469
