f1 = 0.16736401673640167
loss = 1.0969305634498596
precision = 0.47619047619047616
recall = 0.10152284263959391
