f1 = 0.7293754818812644
loss = 0.18387945890426635
precision = 0.7177541729893778
recall = 0.7413793103448276
