f1 = 0.6225941422594142
loss = 0.32391913831233976
precision = 0.6252100840336134
recall = 0.62
