f1 = 0.008438818565400845
loss = 0.3014927327632904
precision = 0.0078125
recall = 0.009174311926605505
