f1 = 0.8107680126682502
loss = 0.2518944039940834
precision = 0.7937984496124031
recall = 0.8284789644012945
