f1 = 0.8615384615384615
loss = 0.15889360755681992
precision = 0.8148148148148148
recall = 0.913946587537092
