f1 = 0.7934336525307799
loss = 0.1816868543624878
precision = 0.7816711590296496
recall = 0.8055555555555556
