f1 = 0.8800661703887511
loss = 0.13057027608156205
precision = 0.8735632183908046
recall = 0.8866666666666667
