f1 = 0.7361206305688828
loss = 0.13916446939110755
precision = 0.6840764331210191
recall = 0.7967359050445104
