f1 = 0.5944272445820433
loss = 0.2550974674522877
precision = 0.5363128491620112
recall = 0.6666666666666666
