f1 = 0.7174887892376682
loss = 0.11238520741462707
precision = 0.7017543859649122
recall = 0.7339449541284404
