f1 = 0.5021645021645021
loss = 0.11725416928529739
precision = 0.47540983606557374
recall = 0.5321100917431193
