f1 = 0.7775891341256366
loss = 0.2495947666466236
precision = 0.8481481481481481
recall = 0.7178683385579937
