f1 = 0.8745874587458746
loss = 0.13974057361483574
precision = 0.8660130718954249
recall = 0.8833333333333333
