f1 = 0.0030030030030030025
loss = 0.8757756054401398
precision = 0.0026455026455026454
recall = 0.003472222222222222
