f1 = 0.404040404040404
loss = 0.35258984565734863
precision = 0.37037037037037035
recall = 0.4444444444444444
