f1 = 0.8692579505300353
loss = 0.15491998344659805
precision = 0.8299595141700404
recall = 0.9124629080118695
