f1 = 0.19999999999999998
loss = 0.7354211926460266
precision = 0.1935483870967742
recall = 0.20689655172413793
