f1 = 0.8626334519572953
loss = 0.21593931466341018
precision = 0.8290013679890561
recall = 0.8991097922848664
