f1 = 0.8059914407988586
loss = 0.17092110216617584
precision = 0.7687074829931972
recall = 0.8470764617691154
