f1 = 0.7363344051446945
loss = 0.23513753339648247
precision = 0.6856287425149701
recall = 0.7951388888888888
