f1 = 0.9152787834902245
loss = 0.11625597178936005
precision = 0.8851540616246498
recall = 0.9475262368815592
