f1 = 0.7517337031900139
loss = 0.24859244227409363
precision = 0.7506925207756233
recall = 0.7527777777777778
