f1 = 0.12707182320441987
loss = 1.1291763305664062
precision = 0.92
recall = 0.06824925816023739
