f1 = 0.7787610619469026
loss = 0.09814901426434516
precision = 0.7521367521367521
recall = 0.8073394495412844
