f1 = 0.7836021505376343
loss = 0.22242565155029298
precision = 0.7162162162162162
recall = 0.8649851632047477
