f1 = 0.15347721822541965
loss = 0.5978313386440277
precision = 0.14545454545454545
recall = 0.16243654822335024
