f1 = 0.2532751091703057
loss = 0.13507242500782013
precision = 0.24166666666666667
recall = 0.26605504587155965
