f1 = 0.6008403361344538
loss = 0.29260510504245757
precision = 0.5689655172413793
recall = 0.6364985163204748
