f1 = 0.8697508896797154
loss = 0.22250536531209947
precision = 0.8358413132694938
recall = 0.9065281899109793
