f1 = 0.7717231222385862
loss = 0.30406638979911804
precision = 0.7464387464387464
recall = 0.7987804878048781
