f1 = 0.8536231884057971
loss = 0.1629279263317585
precision = 0.8342776203966006
recall = 0.8738872403560831
