f1 = 0.8213256484149856
loss = 0.1755952686071396
precision = 0.7905686546463245
recall = 0.8545727136431784
