f1 = 0.7980997624703088
loss = 0.19736410081386566
precision = 0.7813953488372093
recall = 0.8155339805825242
