f1 = 0.8956450287592441
loss = 0.09058448038995266
precision = 0.8833063209076175
recall = 0.9083333333333333
