f1 = 0.5073929961089494
loss = 0.24253509938716888
precision = 0.5335515548281505
recall = 0.4836795252225519
