f1 = 0.8472012102874431
loss = 0.2252276584506035
precision = 0.8641975308641975
recall = 0.8308605341246291
