f1 = 0.691764705882353
loss = 0.2089291989803314
precision = 0.7337770382695508
recall = 0.6543026706231454
