f1 = 0.826388888888889
loss = 0.24933306276798248
precision = 0.7767624020887729
recall = 0.8827893175074184
