f1 = 0.3414985590778098
loss = 0.43239258229732513
precision = 0.3319327731092437
recall = 0.3516320474777448
