f1 = 0.01062573789846517
loss = 1.277881893457151
precision = 0.43548387096774194
recall = 0.005378486055776893
