f1 = 0.7867298578199052
loss = 0.10355220846831799
precision = 0.8137254901960784
recall = 0.7614678899082569
