f1 = 0.23513694054776219
loss = 0.45442761182785035
precision = 0.20022753128555176
recall = 0.284789644012945
