f1 = 0.8792977322604243
loss = 0.13720969650894405
precision = 0.8585714285714285
recall = 0.9010494752623688
