f1 = 0.015432098765432098
loss = 1.0024899989366531
precision = 0.013888888888888888
recall = 0.017361111111111112
