f1 = 0.5626598465473146
loss = 0.468313604593277
precision = 0.5670103092783505
recall = 0.5583756345177665
