f1 = 0.01104972375690608
loss = 1.2673650830984116
precision = 0.010101010101010102
recall = 0.012195121951219513
