f1 = 0.648062015503876
loss = 0.2417946793138981
precision = 0.5854341736694678
recall = 0.7256944444444444
