f1 = 0.654434250764526
loss = 0.2914542742073536
precision = 0.5846994535519126
recall = 0.7430555555555556
