f1 = 0.9218289085545723
loss = 0.09083866104483604
precision = 0.9071117561683599
recall = 0.9370314842578711
