f1 = 0.8679245283018868
loss = 0.1318405993282795
precision = 0.9104991394148021
recall = 0.829153605015674
