f1 = 0.7880642693190513
loss = 0.16227878332138063
precision = 0.7698056801195815
recall = 0.8072100313479624
