f1 = 0.4965517241379311
loss = 0.3409814119338989
precision = 0.4639175257731959
recall = 0.5341246290801187
