f1 = 0.8779783393501805
loss = 0.19888555407524108
precision = 0.8551336146272855
recall = 0.9020771513353115
