f1 = 0.7007751937984495
loss = 0.26426565647125244
precision = 0.6330532212885154
recall = 0.7847222222222222
