f1 = 0.8712550607287448
loss = 0.13552641943097116
precision = 0.9011725293132329
recall = 0.8432601880877743
