f1 = 0.8590272052761747
loss = 0.11501712687313556
precision = 0.8499184339314845
recall = 0.8683333333333333
