f1 = 0.15780445969125212
loss = 0.7335884769757589
precision = 0.5679012345679012
recall = 0.09163346613545817
