f1 = 0.9282907662082516
loss = 0.06613070625034571
precision = 0.9156976744186046
recall = 0.9412350597609562
