f1 = 0.034104750304506694
loss = 0.8791512966156005
precision = 0.03036876355748373
recall = 0.03888888888888889
