f1 = 0.19188767550702027
loss = 0.4890796303749084
precision = 0.18035190615835778
recall = 0.205
