f1 = 0.6684210526315789
loss = 0.40556979179382324
precision = 0.6939890710382514
recall = 0.6446700507614214
