f1 = 0.9066059225512528
loss = 0.08481856435537338
precision = 0.8792341678939617
recall = 0.9357366771159875
