f1 = 0.8871224165341812
loss = 0.15377396941184998
precision = 0.871875
recall = 0.9029126213592233
