f1 = 0.6018808777429467
loss = 0.3219552755355835
precision = 0.6906474820143885
recall = 0.5333333333333333
