f1 = 0.9025641025641026
loss = 0.11451734565198421
precision = 0.8825214899713467
recall = 0.9235382308845578
