f1 = 0.6329787234042554
loss = 0.4619995504617691
precision = 0.664804469273743
recall = 0.6040609137055838
