f1 = 0.9048800661703889
loss = 0.08903955444693565
precision = 0.8981937602627258
recall = 0.9116666666666666
