f1 = 0.7477102414654454
loss = 0.2957711607217789
precision = 0.7701543739279588
recall = 0.7265372168284789
