f1 = 0.6896024464831804
loss = 0.18740211725234984
precision = 0.673134328358209
recall = 0.7068965517241379
