f1 = 0.11650485436893203
loss = 1.0721675157546997
precision = 0.8936170212765957
recall = 0.06231454005934718
