f1 = 0.015277777777777779
loss = 1.1800179481506348
precision = 0.014360313315926894
recall = 0.016320474777448073
