f1 = 0.6271721958925751
loss = 0.2073398783802986
precision = 0.5960960960960962
recall = 0.6616666666666666
