f1 = 0.08150470219435736
loss = 0.934252917766571
precision = 0.07692307692307693
recall = 0.08666666666666667
