f1 = 0.7698519515477793
loss = 0.24937191158533095
precision = 0.7467362924281984
recall = 0.7944444444444444
