f1 = 0.9102941176470589
loss = 0.08400953337550163
precision = 0.8932178932178932
recall = 0.9280359820089955
