f1 = 0.6282051282051283
loss = 0.2567386329174042
precision = 0.5833333333333334
recall = 0.6805555555555556
