f1 = 0.7522935779816514
loss = 0.20955407619476318
precision = 0.7121588089330024
recall = 0.7972222222222223
