f1 = 0.15037593984962402
loss = 1.3333193063735962
precision = 0.7692307692307693
recall = 0.08333333333333333
