f1 = 0.7512263489838823
loss = 0.18782773613929749
precision = 0.7118193891102258
recall = 0.7952522255192879
