f1 = 0.04504504504504505
loss = 1.260886013507843
precision = 0.2
recall = 0.025380710659898477
