f1 = 0.8528481012658228
loss = 0.19296817779541015
precision = 0.8343653250773994
recall = 0.872168284789644
