f1 = 0.7559523809523809
loss = 0.2736826092004776
precision = 0.7383720930232558
recall = 0.774390243902439
