f1 = 0.10687022900763359
loss = 0.14194250330328942
precision = 0.3181818181818182
recall = 0.06422018348623854
