f1 = 0.2985842985842986
loss = 0.4177233725786209
precision = 0.2583518930957684
recall = 0.35365853658536583
