f1 = 0.3633841886269071
loss = 0.3824745059013367
precision = 0.33806451612903227
recall = 0.39280359820089955
