f1 = 0.6292134831460674
loss = 0.1297493651509285
precision = 0.8115942028985508
recall = 0.5137614678899083
