f1 = 0.028985507246376815
loss = 1.2912622809410095
precision = 0.625
recall = 0.01483679525222552
