f1 = 0.004155124653739612
loss = 1.083187961578369
precision = 0.003896103896103896
recall = 0.004451038575667656
