f1 = 0.1237882177479493
loss = 0.8350959300994873
precision = 0.11806543385490754
recall = 0.13009404388714735
