f1 = 0.886184681460272
loss = 0.18118842244148253
precision = 0.8561549100968188
recall = 0.9183976261127597
