f1 = 0.5690021231422505
loss = 0.22923280894756318
precision = 0.5388739946380697
recall = 0.6026986506746627
