f1 = 0.47610121836925956
loss = 0.3949908077716827
precision = 0.6463104325699746
recall = 0.3768545994065282
