f1 = 0.6808510638297872
loss = 0.2913362577557564
precision = 0.7984031936127745
recall = 0.5934718100890207
