f1 = 0.52894438138479
loss = 0.7242395460605622
precision = 0.8291814946619217
recall = 0.3883333333333333
