f1 = 0.030816640986132512
loss = 0.6366358548402786
precision = 0.027700831024930747
recall = 0.034722222222222224
