f1 = 0.30654761904761907
loss = 0.5588270008563996
precision = 0.29178470254957506
recall = 0.322884012539185
