f1 = 0.15139442231075698
loss = 1.06904336810112
precision = 0.35185185185185186
recall = 0.09644670050761421
