f1 = 0.5019455252918289
loss = 0.6485232785344124
precision = 0.6935483870967742
recall = 0.3932926829268293
