f1 = 0.4203233256351039
loss = 0.5535147070884705
precision = 0.7982456140350878
recall = 0.2852664576802508
