f1 = 0.913907284768212
loss = 0.10575962513685226
precision = 0.9078947368421053
recall = 0.92
