f1 = 0.9052287581699345
loss = 0.08596901670098304
precision = 0.8878205128205128
recall = 0.9233333333333333
