f1 = 0.7232796486090776
loss = 0.2835374176502228
precision = 0.6957746478873239
recall = 0.7530487804878049
