f1 = 0.7275362318840579
loss = 0.2882831506431103
precision = 0.6933701657458563
recall = 0.7652439024390244
