f1 = 0.46249999999999997
loss = 0.1518772527575493
precision = 0.7254901960784313
recall = 0.3394495412844037
