f1 = 0.856508875739645
loss = 0.1854687213897705
precision = 0.8539823008849557
recall = 0.8590504451038575
