f1 = 0.6128133704735377
loss = 0.3265605457127094
precision = 0.5641025641025641
recall = 0.6707317073170732
