f1 = 0.6053882725832013
loss = 0.2543018817901611
precision = 0.5770392749244713
recall = 0.6366666666666667
