f1 = 0.5268817204301076
loss = 0.5859821438789368
precision = 0.56
recall = 0.49746192893401014
