f1 = 0.5983037779491133
loss = 0.3113263249397278
precision = 0.5714285714285714
recall = 0.627831715210356
