f1 = 0.7924230465666929
loss = 0.20923603028059007
precision = 0.773497688751926
recall = 0.8122977346278317
