f1 = 0.8499298737727911
loss = 0.22044210731983185
precision = 0.8058510638297872
recall = 0.8991097922848664
