f1 = 0.2853717026378897
loss = 0.6609857857227326
precision = 0.74375
recall = 0.17655786350148367
