f1 = 0.6197916666666667
loss = 0.403242364525795
precision = 0.6363636363636364
recall = 0.6040609137055838
