f1 = 0.00834492350486787
loss = 1.2203314453363419
precision = 0.0076726342710997444
recall = 0.009146341463414634
