f1 = 0.4100156494522692
loss = 0.38832324743270874
precision = 0.3864306784660767
recall = 0.43666666666666665
