f1 = 0.7278481012658229
loss = 0.21303345263004303
precision = 0.6686046511627907
recall = 0.7986111111111112
