f1 = 0.09298660362490149
loss = 0.7363533794879913
precision = 0.08819133034379671
recall = 0.09833333333333333
