f1 = 0.11659192825112107
loss = 0.1885163202881813
precision = 0.11403508771929824
recall = 0.11926605504587157
