f1 = 0.03197674418604651
loss = 1.3141409039497376
precision = 0.7857142857142857
recall = 0.016320474777448073
