f1 = 0.8406226834692365
loss = 0.12838554084300996
precision = 0.7974683544303798
recall = 0.8887147335423198
