f1 = 0.8670253651037663
loss = 0.12313755750656127
precision = 0.8506787330316742
recall = 0.8840125391849529
