f1 = 0.18653717347622237
loss = 0.6514292058407092
precision = 0.5850840336134454
recall = 0.11095617529880478
