f1 = 0.0395738203957382
loss = 0.41013644337654115
precision = 0.6842105263157895
recall = 0.02037617554858934
