f1 = 0.7319422150882825
loss = 0.2075228951871395
precision = 0.6805970149253732
recall = 0.7916666666666666
