f1 = 0.7808764940239042
loss = 0.2274552047252655
precision = 0.8433734939759037
recall = 0.7270029673590505
