f1 = 0.7837837837837838
loss = 0.22053418755531312
precision = 0.7631578947368421
recall = 0.8055555555555556
