f1 = 0.702576112412178
loss = 0.2593798816204071
precision = 0.6787330316742082
recall = 0.7281553398058253
