f1 = 0.36704119850187267
loss = 0.8829395473003387
precision = 0.7
recall = 0.24873096446700507
