f1 = 0.53
loss = 0.4998857855796814
precision = 0.8128834355828221
recall = 0.39317507418397624
