f1 = 0.4810810810810811
loss = 0.49444809556007385
precision = 0.5144508670520231
recall = 0.4517766497461929
