f1 = 0.9172161172161172
loss = 0.08970576077699662
precision = 0.8968481375358166
recall = 0.9385307346326837
