f1 = 0.8365079365079365
loss = 0.19890811741352082
precision = 0.8208722741433022
recall = 0.8527508090614887
