f1 = 0.6447574334898278
loss = 0.24095121398568153
precision = 0.5868945868945868
recall = 0.7152777777777778
