f1 = 0.858356940509915
loss = 0.1899028465151787
precision = 0.8211382113821138
recall = 0.8991097922848664
