f1 = 0.8037889039242219
loss = 0.17123932093381883
precision = 0.783641160949868
recall = 0.825
