f1 = 0.008333333333333333
loss = 1.2480896353721618
precision = 0.007832898172323759
recall = 0.008902077151335312
