f1 = 0.00039832702648874725
loss = 1.428461814627928
precision = 1.0
recall = 0.00019920318725099602
