f1 = 0.7197452229299363
loss = 0.24777674302458763
precision = 0.6647058823529411
recall = 0.7847222222222222
