f1 = 0.8967795210569777
loss = 0.09950605928897857
precision = 0.8887070376432079
recall = 0.905
