f1 = 0.6329588014981274
loss = 0.33846247792243955
precision = 0.8428927680798005
recall = 0.5067466266866567
