f1 = 0.16702663786897046
loss = 0.6092627763748169
precision = 0.1504539559014267
recall = 0.18770226537216828
