f1 = 0.7475982532751092
loss = 0.2824136883020401
precision = 0.8121442125237192
recall = 0.6925566343042071
