f1 = 0.7364746945898778
loss = 0.18981172740459443
precision = 0.8810020876826722
recall = 0.6326836581709145
