f1 = 0.24701195219123506
loss = 1.0197511911392212
precision = 0.5740740740740741
recall = 0.15736040609137056
