f1 = 0.6376360808709176
loss = 0.26354648172855377
precision = 0.5774647887323944
recall = 0.7118055555555556
