f1 = 0.9012345679012346
loss = 0.0747671253979206
precision = 0.8875379939209727
recall = 0.9153605015673981
