f1 = 0.6778711484593838
loss = 0.3295726656913757
precision = 0.8013245033112583
recall = 0.587378640776699
