f1 = 0.5714285714285715
loss = 0.09591509327292443
precision = 0.5409836065573771
recall = 0.6055045871559633
