f1 = 0.824597364568082
loss = 0.16183930932083077
precision = 0.8084210526315789
recall = 0.8414342629482072
