f1 = 0.7906295754026353
loss = 0.2533227615058422
precision = 0.7605633802816901
recall = 0.823170731707317
