f1 = 0.0783744557329463
loss = 0.7451352626085281
precision = 0.06733167082294264
recall = 0.09375
