f1 = 0.9249999999999999
loss = 0.09381022676825523
precision = 0.9076479076479076
recall = 0.9430284857571214
