f1 = 0.9059689288634505
loss = 0.08782196193933486
precision = 0.8892455858747994
recall = 0.9233333333333333
