f1 = 0.32105263157894737
loss = 0.6640430092811584
precision = 0.3333333333333333
recall = 0.3096446700507614
