f1 = 0.9024793388429752
loss = 0.09936195444315672
precision = 0.8950819672131147
recall = 0.91
