f1 = 0.6666666666666666
loss = 0.24889922514557838
precision = 0.6091954022988506
recall = 0.7361111111111112
