f1 = 0.8751835535976507
loss = 0.18403272479772567
precision = 0.8662790697674418
recall = 0.884272997032641
