f1 = 0.8391608391608391
loss = 0.20636093914508818
precision = 0.7936507936507936
recall = 0.8902077151335311
