f1 = 0.8461538461538461
loss = 0.1162988305091858
precision = 0.8002645502645502
recall = 0.8976261127596439
