f1 = 0.31189710610932475
loss = 0.4463490806519985
precision = 0.3299319727891156
recall = 0.29573170731707316
