f1 = 0.10044313146233383
loss = 0.5504153147339821
precision = 0.08740359897172237
recall = 0.11805555555555555
