f1 = 0.061538461538461535
loss = 0.7658035755157471
precision = 0.05622489959839357
recall = 0.06796116504854369
