f1 = 0.8673780487804879
loss = 0.1266676127910614
precision = 0.844213649851632
recall = 0.8918495297805643
