f1 = 0.4111111111111111
loss = 0.6608325898647308
precision = 0.8185840707964602
recall = 0.2744807121661721
