f1 = 0.6086956521739131
loss = 0.30535587295889854
precision = 0.5636363636363636
recall = 0.6615853658536586
