f1 = 0.7473460721868364
loss = 0.21567782312631606
precision = 0.7144790257104194
recall = 0.7833827893175074
