f1 = 0.0299625468164794
loss = 0.8823452591896057
precision = 0.027210884353741496
recall = 0.03333333333333333
