f1 = 0.9231962761830877
loss = 0.08721336275339127
precision = 0.9139784946236559
recall = 0.932601880877743
