f1 = 0.851411589895988
loss = 0.1834333509206772
precision = 0.8526785714285714
recall = 0.8501483679525222
