f1 = 0.11016291698991465
loss = 0.8903044819831848
precision = 0.10304789550072568
recall = 0.11833333333333333
