f1 = 0.4013840830449827
loss = 0.6026206016540527
precision = 0.6304347826086957
recall = 0.29441624365482233
