f1 = 0.1532567049808429
loss = 0.9144473969936371
precision = 0.3125
recall = 0.10152284263959391
