f1 = 0.04625199362041467
loss = 1.2231589555740356
precision = 0.04434250764525994
recall = 0.04833333333333333
