f1 = 0.39301310043668125
loss = 0.1190054401755333
precision = 0.375
recall = 0.41284403669724773
