f1 = 0.374384236453202
loss = 0.28933597207069395
precision = 0.35278514588859416
recall = 0.3988005997001499
