f1 = 0.5471406491499227
loss = 0.28437065705657005
precision = 0.49303621169916434
recall = 0.6145833333333334
