f1 = 0.7636363636363637
loss = 0.08300381954759359
precision = 0.7567567567567568
recall = 0.7706422018348624
