f1 = 0.31351351351351353
loss = 0.5026248842477798
precision = 0.3352601156069364
recall = 0.29441624365482233
