f1 = 0.1876430205949657
loss = 0.5246807634830475
precision = 0.17083333333333334
recall = 0.20812182741116753
