f1 = 0.8961307472678941
loss = 0.105663466851647
precision = 0.8859256375316332
recall = 0.9065737051792828
