f1 = 0.6896551724137933
loss = 0.354729101061821
precision = 0.7096774193548387
recall = 0.6707317073170732
