f1 = 0.11199999999999999
loss = 0.2560730680823326
precision = 0.4375
recall = 0.06422018348623854
