f1 = 0.8447412353923207
loss = 0.17625281475484372
precision = 0.9035714285714286
recall = 0.7931034482758621
