f1 = 0.7837020230667423
loss = 0.11932083390945313
precision = 0.7457718603814322
recall = 0.8256972111553785
