f1 = 0.7287671232876712
loss = 0.23934950530529023
precision = 0.7189189189189189
recall = 0.7388888888888889
