f1 = 0.7550200803212851
loss = 0.20885830074548722
precision = 0.7286821705426356
recall = 0.7833333333333333
