f1 = 0.5242424242424243
loss = 0.3128819428384304
precision = 0.4650537634408602
recall = 0.6006944444444444
