f1 = 0.8720514653323803
loss = 0.21805308610200883
precision = 0.8413793103448276
recall = 0.9050445103857567
