f1 = 0.36833046471600694
loss = 0.3873412534594536
precision = 0.42292490118577075
recall = 0.32621951219512196
