f1 = 0.026086956521739132
loss = 0.24443101584911348
precision = 0.024793388429752067
recall = 0.027522935779816515
