f1 = 0.8170347003154574
loss = 0.26911536753177645
precision = 0.796923076923077
recall = 0.8381877022653722
