f1 = 0.8762589928057554
loss = 0.20450424998998643
precision = 0.8505586592178771
recall = 0.9035608308605341
