f1 = 0.33168316831683164
loss = 0.5744491592049599
precision = 0.5775862068965517
recall = 0.2326388888888889
