f1 = 0.6130500758725342
loss = 0.3133331872522831
precision = 0.5444743935309974
recall = 0.7013888888888888
