f1 = 0.3083832335329341
loss = 0.4006680458784103
precision = 0.29512893982808025
recall = 0.322884012539185
