f1 = 0.9311678267594742
loss = 0.06264674924314022
precision = 0.9190839694656489
recall = 0.9435736677115988
