f1 = 0.6506666666666666
loss = 0.48824895918369293
precision = 0.6853932584269663
recall = 0.6192893401015228
