f1 = 0.8381240544629349
loss = 0.21812290996313094
precision = 0.8549382716049383
recall = 0.8219584569732937
