f1 = 0.35253296321998606
loss = 0.28630371391773224
precision = 0.3281653746770026
recall = 0.3808095952023988
