f1 = 0.7601957585644372
loss = 0.2553858421742916
precision = 0.7169230769230769
recall = 0.8090277777777778
