f1 = 0.7973531844499586
loss = 0.1437752865254879
precision = 0.7914614121510674
recall = 0.8033333333333333
