f1 = 0.029925187032418955
loss = 0.9120608687400817
precision = 0.027149321266968326
recall = 0.03333333333333333
