f1 = 0.8528678304239401
loss = 0.17247284427285195
precision = 0.9079646017699115
recall = 0.8040752351097179
