f1 = 0.06913580246913581
loss = 1.0359455347061157
precision = 0.0673076923076923
recall = 0.07106598984771574
