f1 = 0.16430594900849857
loss = 0.7200688600540162
precision = 0.14609571788413098
recall = 0.18770226537216828
