f1 = 0.01971830985915493
loss = 1.1178935050964356
precision = 0.01876675603217158
recall = 0.020771513353115726
