f1 = 0.8786885245901639
loss = 0.11145797930657864
precision = 0.864516129032258
recall = 0.8933333333333333
