f1 = 0.8094861660079051
loss = 0.24851559847593307
precision = 0.7913446676970634
recall = 0.8284789644012945
