f1 = 0.6982489805708804
loss = 0.3450327298658736
precision = 0.877335744424352
recall = 0.5798804780876494
