f1 = 0.7075928917609047
loss = 0.19525416493415831
precision = 0.6865203761755486
recall = 0.73
