f1 = 0.8732802317161477
loss = 0.1901700496673584
precision = 0.8528995756718529
recall = 0.8946587537091988
