f1 = 0.19738988580750408
loss = 0.3426749259233475
precision = 0.19329073482428116
recall = 0.20166666666666666
