f1 = 0.8018794048551293
loss = 0.23240015804767608
precision = 0.7769347496206374
recall = 0.8284789644012945
