f1 = 0.7348242811501597
loss = 0.19688988849520683
precision = 0.6804733727810651
recall = 0.7986111111111112
