f1 = 0.13733905579399142
loss = 1.02470463514328
precision = 0.4444444444444444
recall = 0.08121827411167512
