f1 = 0.034549689440993785
loss = 1.7718656939618729
precision = 0.6742424242424242
recall = 0.017729083665338645
