f1 = 0.88559670781893
loss = 0.13363922014832497
precision = 0.8747967479674796
recall = 0.8966666666666666
