f1 = 0.6570939520730317
loss = 0.1946778966515672
precision = 0.6286390101892285
recall = 0.6882470119521913
