f1 = 0.908256880733945
loss = 0.08161752671003342
precision = 0.8865671641791045
recall = 0.9310344827586207
