f1 = 0.5088757396449705
loss = 0.5144540369510651
precision = 0.6099290780141844
recall = 0.4365482233502538
