f1 = 0.7117726657645468
loss = 0.17619124948978424
precision = 0.654228855721393
recall = 0.7804154302670623
