f1 = 0.7746288798920379
loss = 0.24060212224721908
precision = 0.7532808398950132
recall = 0.7972222222222223
