f1 = 0.7485380116959064
loss = 0.12085478603839875
precision = 0.7303851640513552
recall = 0.767616191904048
