f1 = 0.4941860465116279
loss = 0.5946187376976013
precision = 0.5782312925170068
recall = 0.43147208121827413
