f1 = 0.922737306843267
loss = 0.09299412220716477
precision = 0.9060693641618497
recall = 0.9400299850074962
