f1 = 0.024427480916030534
loss = 0.8564561903476715
precision = 0.021798365122615803
recall = 0.027777777777777776
