f1 = 0.41620333598093723
loss = 0.44806745648384094
precision = 0.3975720789074355
recall = 0.43666666666666665
