f1 = 0.8793103448275862
loss = 0.1927365094423294
precision = 0.8523676880222841
recall = 0.9080118694362018
