f1 = 0.46938775510204084
loss = 0.4964505285024643
precision = 0.4717948717948718
recall = 0.467005076142132
