f1 = 0.7275132275132274
loss = 0.20964211821556092
precision = 0.6944444444444444
recall = 0.7638888888888888
