f1 = 0.12037037037037039
loss = 1.3492701649665833
precision = 0.6842105263157895
recall = 0.06598984771573604
