f1 = 0.9220183486238531
loss = 0.0929334245622158
precision = 0.9
recall = 0.945141065830721
