f1 = 0.772093023255814
loss = 0.08818765208125115
precision = 0.7830188679245284
recall = 0.7614678899082569
