f1 = 0.39119804400978
loss = 0.35496185421943666
precision = 0.34934497816593885
recall = 0.4444444444444444
