f1 = 0.3906882591093117
loss = 0.5287746965885163
precision = 0.6146496815286624
recall = 0.28635014836795253
