f1 = 0.6952380952380952
loss = 0.08152321353554726
precision = 0.7227722772277227
recall = 0.6697247706422018
