f1 = 0.6082474226804123
loss = 0.412111759185791
precision = 0.6178010471204188
recall = 0.5989847715736041
