f1 = 0.652037617554859
loss = 0.3553984686732292
precision = 0.6709677419354839
recall = 0.6341463414634146
