f1 = 0.04275534441805226
loss = 0.714340478181839
precision = 0.04017857142857143
recall = 0.04568527918781726
