f1 = 0.018950437317784254
loss = 1.2176225185394287
precision = 0.017241379310344827
recall = 0.021035598705501618
