f1 = 0.42666666666666675
loss = 0.13636425584554673
precision = 0.41379310344827586
recall = 0.44036697247706424
