f1 = 0.6050000000000001
loss = 0.25086005926132204
precision = 0.55
recall = 0.6722222222222223
