f1 = 0.0548885077186964
loss = 1.1497528628975737
precision = 0.6343612334801763
recall = 0.028685258964143426
