f1 = 0.596401028277635
loss = 0.4220737814903259
precision = 0.6041666666666666
recall = 0.5888324873096447
