f1 = 0.7889518413597733
loss = 0.23338545858860016
precision = 0.7547425474254743
recall = 0.8264094955489614
