f1 = 0.16216216216216214
loss = 0.8112216889858246
precision = 0.6
recall = 0.09375
