f1 = 0.5287009063444109
loss = 0.33756425976753235
precision = 0.5102040816326531
recall = 0.54858934169279
