f1 = 0.8871315600287564
loss = 0.19473476633429526
precision = 0.8605299860529986
recall = 0.9154302670623146
