f1 = 0.6512096774193549
loss = 0.3548376977443695
precision = 0.8239795918367347
recall = 0.5383333333333333
