f1 = 0.07092198581560283
loss = 1.1542426824569703
precision = 0.8064516129032258
recall = 0.037091988130563795
