f1 = 0.5421052631578946
loss = 0.46801362931728363
precision = 0.5628415300546448
recall = 0.5228426395939086
