f1 = 0.11162790697674418
loss = 1.310128092765808
precision = 0.6666666666666666
recall = 0.06091370558375635
