f1 = 0.5402597402597403
loss = 0.5285158604383469
precision = 0.5531914893617021
recall = 0.5279187817258884
