f1 = 0.8916459884201821
loss = 0.13260805383324623
precision = 0.8850574712643678
recall = 0.8983333333333333
