f1 = 0.5449871465295629
loss = 0.43806812167167664
precision = 0.5520833333333334
recall = 0.5380710659898477
