f1 = 0.3386243386243386
loss = 0.6236051619052887
precision = 0.35359116022099446
recall = 0.3248730964467005
