f1 = 0.8925619834710743
loss = 0.13009848147630693
precision = 0.8852459016393442
recall = 0.9
