f1 = 0.8136117556071152
loss = 0.1729762002825737
precision = 0.7792592592592592
recall = 0.8511326860841424
