f1 = 0.403183023872679
loss = 0.4955558478832245
precision = 0.4222222222222222
recall = 0.38578680203045684
