f1 = 0.632768361581921
loss = 0.5221083760261536
precision = 0.7133757961783439
recall = 0.5685279187817259
