f1 = 0.8849557522123893
loss = 0.16948848068714142
precision = 0.88
recall = 0.889967637540453
