f1 = 0.4332662642521798
loss = 0.336849045753479
precision = 0.3919902912621359
recall = 0.48425787106446777
