f1 = 0.1775147928994083
loss = 0.9085054039955139
precision = 0.16806722689075632
recall = 0.18808777429467086
