f1 = 0.23333333333333334
loss = 1.0267287269234657
precision = 0.532608695652174
recall = 0.14939024390243902
