f1 = 0.5363128491620112
loss = 0.14123367480933666
precision = 0.6857142857142857
recall = 0.44036697247706424
