f1 = 0.825974025974026
loss = 0.19507938250899315
precision = 0.8594594594594595
recall = 0.795
