f1 = 0.6676923076923077
loss = 0.25079329311847687
precision = 0.5994475138121547
recall = 0.7534722222222222
