f1 = 0.7078039927404719
loss = 0.26232497692108153
precision = 0.8057851239669421
recall = 0.6310679611650486
