f1 = 0.14348462664714495
loss = 0.6240614950656891
precision = 0.1240506329113924
recall = 0.1701388888888889
