f1 = 0.6464
loss = 0.27833932638168335
precision = 0.599406528189911
recall = 0.7013888888888888
