f1 = 0.03773584905660377
loss = 1.2796852827072143
precision = 0.8666666666666667
recall = 0.019287833827893175
