f1 = 0.09401709401709402
loss = 0.9590215981006622
precision = 0.2972972972972973
recall = 0.05583756345177665
