f1 = 0.31272727272727274
loss = 0.5847465753555298
precision = 0.8164556962025317
recall = 0.1934032983508246
