f1 = 0.16708229426433915
loss = 0.48919004797935484
precision = 0.3641304347826087
recall = 0.10841423948220065
