f1 = 0.7966101694915254
loss = 0.17964008897542955
precision = 0.8103448275862069
recall = 0.7833333333333333
