f1 = 0.7018348623853211
loss = 0.23049821853637695
precision = 0.6652173913043479
recall = 0.7427184466019418
