f1 = 0.739568345323741
loss = 0.29304447770118713
precision = 0.7002724795640327
recall = 0.7835365853658537
