f1 = 0.4652567975830816
loss = 0.6479913592338562
precision = 0.5746268656716418
recall = 0.39086294416243655
