f1 = 0.10937500000000001
loss = 0.6506573557853699
precision = 0.23728813559322035
recall = 0.07106598984771574
