f1 = 0.9075500770416024
loss = 0.10710906982421875
precision = 0.8924242424242425
recall = 0.9231974921630094
