f1 = 0.12566844919786097
loss = 0.9895651578903198
precision = 0.6351351351351351
recall = 0.06973293768545995
