f1 = 0.3783783783783784
loss = 0.1815282627940178
precision = 0.717948717948718
recall = 0.25688073394495414
