f1 = 0.6153846153846154
loss = 0.45058776438236237
precision = 0.6444444444444445
recall = 0.5888324873096447
