f1 = 0.18610421836228289
loss = 0.4098824501037598
precision = 0.1681614349775785
recall = 0.20833333333333334
