f1 = 0.7815468113975577
loss = 0.23078628182411193
precision = 0.7639257294429708
recall = 0.8
