f1 = 0.9148311306901615
loss = 0.09363342970609664
precision = 0.8964028776978418
recall = 0.9340329835082459
