f1 = 0.7440381558028617
loss = 0.21963461115956306
precision = 0.6862170087976539
recall = 0.8125
