f1 = 0.6612466124661247
loss = 0.4620835781097412
precision = 0.7093023255813954
recall = 0.6192893401015228
