f1 = 0.8869814020028612
loss = 0.1880128338932991
precision = 0.856353591160221
recall = 0.9198813056379822
