f1 = 0.8587731811697573
loss = 0.1887326180934906
precision = 0.8269230769230769
recall = 0.8931750741839762
