f1 = 0.057976506252368325
loss = 1.2469184848607755
precision = 0.5930232558139535
recall = 0.03047808764940239
