f1 = 0.7138364779874213
loss = 0.2783195339143276
precision = 0.6522988505747126
recall = 0.7881944444444444
