f1 = 0.8996334092935698
loss = 0.10941324867741845
precision = 0.8949339641237927
recall = 0.9043824701195219
