f1 = 0.6153846153846154
loss = 0.4136114865541458
precision = 0.6217616580310881
recall = 0.6091370558375635
