f1 = 0.804416403785489
loss = 0.2521475225687027
precision = 0.7846153846153846
recall = 0.8252427184466019
