f1 = 0.9187935034802784
loss = 0.09266520217061043
precision = 0.9068702290076336
recall = 0.9310344827586207
