f1 = 0.009852216748768473
loss = 0.8348830044269562
precision = 0.16666666666666666
recall = 0.005076142131979695
