f1 = 0.01111111111111111
loss = 1.158241093158722
precision = 0.01020408163265306
recall = 0.012195121951219513
