f1 = 0.6271186440677966
loss = 0.4924922436475754
precision = 0.7070063694267515
recall = 0.5634517766497462
