f1 = 0.26785714285714285
loss = 0.867330002784729
precision = 0.6325301204819277
recall = 0.16990291262135923
