f1 = 0.6490765171503958
loss = 0.37745559215545654
precision = 0.6758241758241759
recall = 0.6243654822335025
