f1 = 0.19800000000000004
loss = 0.45719838738441465
precision = 0.2591623036649215
recall = 0.16019417475728157
