f1 = 0.8733067729083666
loss = 0.17326303869485854
precision = 0.8602825745682888
recall = 0.8867313915857605
