f1 = 0.6676258992805756
loss = 0.2923901565372944
precision = 0.6321525885558583
recall = 0.7073170731707317
