f1 = 0.8507462686567164
loss = 0.1848507232964039
precision = 0.8465346534653465
recall = 0.855
