f1 = 0.04057279236276849
loss = 0.9261261105537415
precision = 0.03556485355648536
recall = 0.04722222222222222
