f1 = 0.4247990815154994
loss = 0.6431125164031982
precision = 0.7939914163090128
recall = 0.28996865203761757
