f1 = 0.814663951120163
loss = 0.18915631771087646
precision = 0.7509386733416771
recall = 0.8902077151335311
