f1 = 0.2528735632183908
loss = 0.5221167027950286
precision = 0.23229813664596274
recall = 0.2774480712166172
