f1 = 0.009668508287292817
loss = 0.9919261336326599
precision = 0.00904392764857881
recall = 0.010385756676557863
