f1 = 0.9014705882352941
loss = 0.09927315935492516
precision = 0.8845598845598845
recall = 0.9190404797601199
