f1 = 0.8194690265486726
loss = 0.19016466289758682
precision = 0.8735849056603774
recall = 0.7716666666666666
