f1 = 0.7331240188383045
loss = 0.28800649344921114
precision = 0.711890243902439
recall = 0.7556634304207119
