f1 = 0.7062600321027287
loss = 0.3049143962562084
precision = 0.6567164179104478
recall = 0.7638888888888888
