f1 = 0.8940016433853739
loss = 0.11311496943235397
precision = 0.8816855753646677
recall = 0.9066666666666666
