f1 = 0.7196531791907516
loss = 0.2990909293293953
precision = 0.6840659340659341
recall = 0.7591463414634146
