f1 = 0.4451038575667655
loss = 0.49423809349536896
precision = 0.5357142857142857
recall = 0.38071065989847713
