f1 = 0.6409550045913682
loss = 0.34972114861011505
precision = 0.7409766454352441
recall = 0.5647249190938511
