f1 = 0.8448947778643804
loss = 0.18756337016820906
precision = 0.8150375939849624
recall = 0.8770226537216829
