f1 = 0.2262996941896024
loss = 0.5098757028579712
precision = 0.30578512396694213
recall = 0.1796116504854369
