f1 = 0.10818307905686547
loss = 1.0957586765289307
precision = 0.8297872340425532
recall = 0.057863501483679525
