f1 = 0.667802385008518
loss = 0.3378756046295166
precision = 0.6555183946488294
recall = 0.6805555555555556
