f1 = 0.9329403095062638
loss = 0.07724217623472214
precision = 0.9173913043478261
recall = 0.9490254872563718
