f1 = 0.22013422818791947
loss = 0.5288403704762459
precision = 0.19664268585131894
recall = 0.25
