f1 = 0.713128038897893
loss = 0.3046072982251644
precision = 0.668693009118541
recall = 0.7638888888888888
