f1 = 0.8789808917197452
loss = 0.16469202786684037
precision = 0.8652037617554859
recall = 0.8932038834951457
