f1 = 0.6495882891125343
loss = 0.3544985681772232
precision = 0.847255369928401
recall = 0.526706231454006
