f1 = 0.029498525073746312
loss = 0.9207513183355331
precision = 0.02564102564102564
recall = 0.034722222222222224
