f1 = 0.9372693726937269
loss = 0.07885974571108818
precision = 0.9229651162790697
recall = 0.952023988005997
