f1 = 0.7147335423197491
loss = 0.20865997672080994
precision = 0.6514285714285715
recall = 0.7916666666666666
