f1 = 0.5188606620477291
loss = 0.3606716215610504
precision = 0.4948604992657856
recall = 0.5453074433656958
