f1 = 0.8865131578947367
loss = 0.13315526396036148
precision = 0.875
recall = 0.8983333333333333
