f1 = 0.04419047619047619
loss = 1.0784723115902322
precision = 0.5043478260869565
recall = 0.023107569721115537
