f1 = 0.43792325056433407
loss = 0.7039481222629547
precision = 0.782258064516129
recall = 0.30407523510971785
