f1 = 0.05168453292496172
loss = 1.1539789321375828
precision = 0.6617647058823529
recall = 0.026892430278884463
