f1 = 0.16064848931466472
loss = 0.7286320567131043
precision = 0.15159944367176634
recall = 0.17084639498432602
