f1 = 0.8
loss = 0.10321287512779236
precision = 0.7758620689655172
recall = 0.8256880733944955
