f1 = 0.9324522760646109
loss = 0.08780429884791374
precision = 0.9136690647482014
recall = 0.952023988005997
