f1 = 0.742732558139535
loss = 0.17458902150392533
precision = 0.6924119241192412
recall = 0.8009404388714734
