f1 = 0.04432556362246848
loss = 1.5750302976252986
precision = 0.5420560747663551
recall = 0.023107569721115537
