f1 = 0.2937062937062937
loss = 0.5538084506988525
precision = 0.6847826086956522
recall = 0.18694362017804153
