f1 = 0.03125
loss = 1.0482335925102233
precision = 0.029689608636977057
recall = 0.03298350824587706
