f1 = 0.0623229461756374
loss = 1.1826479196548463
precision = 0.6875
recall = 0.032640949554896145
