f1 = 0.6484848484848484
loss = 0.3016858994960785
precision = 0.7133333333333334
recall = 0.5944444444444444
