f1 = 0.09424083769633508
loss = 0.6828751638531685
precision = 0.08256880733944955
recall = 0.10975609756097561
