f1 = 0.8747315676449535
loss = 0.20709905922412872
precision = 0.8450899031811895
recall = 0.9065281899109793
