f1 = 0.82642089093702
loss = 0.17563402354717256
precision = 0.7865497076023392
recall = 0.8705501618122977
