f1 = 0.42928039702233245
loss = 0.712524163722992
precision = 0.8398058252427184
recall = 0.28833333333333333
