f1 = 0.2090909090909091
loss = 0.7170527100563049
precision = 0.20234604105571846
recall = 0.21630094043887146
