f1 = 0.4941176470588236
loss = 0.5883834511041641
precision = 0.6923076923076923
recall = 0.38414634146341464
