f1 = 0.7799842705465986
loss = 0.15118639989226473
precision = 0.7699922360248447
recall = 0.7902390438247012
