f1 = 0.8018362662586075
loss = 0.18670184165239334
precision = 0.760522496371553
recall = 0.8478964401294499
