f1 = 0.7841059602649006
loss = 0.1902507647871971
precision = 0.7493670886075949
recall = 0.8222222222222222
