f1 = 0.9373618275607959
loss = 0.08551715090870857
precision = 0.9217391304347826
recall = 0.9535232383808095
