f1 = 0.8205128205128204
loss = 0.2000295028090477
precision = 0.7890410958904109
recall = 0.8545994065281899
