f1 = 0.4909068104853882
loss = 0.44660407669988333
precision = 0.662715882153742
recall = 0.3898406374501992
