f1 = 0.7164685908319185
loss = 0.29681171476840973
precision = 0.7009966777408638
recall = 0.7326388888888888
