f1 = 0.6949685534591196
loss = 0.3516220934689045
precision = 0.7175324675324676
recall = 0.6737804878048781
