f1 = 0.8673780487804879
loss = 0.1092262789607048
precision = 0.844213649851632
recall = 0.8918495297805643
