f1 = 0.789825970548862
loss = 0.21408422589302062
precision = 0.7622739018087855
recall = 0.8194444444444444
