f1 = 0.8486739469578782
loss = 0.18562148809432982
precision = 0.8192771084337349
recall = 0.8802588996763754
