f1 = 0.11519607843137256
loss = 0.37804771661758424
precision = 0.2640449438202247
recall = 0.07366771159874608
