f1 = 0.04580152671755726
loss = 0.7174391031265259
precision = 0.04225352112676056
recall = 0.05
