f1 = 0.7008547008547009
loss = 0.10164976269006729
precision = 0.656
recall = 0.7522935779816514
