f1 = 0.06866952789699571
loss = 0.7597748339176178
precision = 0.2222222222222222
recall = 0.04060913705583756
