f1 = 0.8780487804878049
loss = 0.15560695752501488
precision = 0.8748159057437408
recall = 0.8813056379821959
