f1 = 0.8796147672552167
loss = 0.16595523059368134
precision = 0.8726114649681529
recall = 0.8867313915857605
