f1 = 0.8209677419354838
loss = 0.12697348445653917
precision = 0.7953125
recall = 0.8483333333333334
