f1 = 0.7353407290015848
loss = 0.2372429072856903
precision = 0.6763848396501457
recall = 0.8055555555555556
