f1 = 0.6064139941690962
loss = 0.41399866342544556
precision = 0.861878453038674
recall = 0.46776611694152925
