f1 = 0.797153024911032
loss = 0.20946813523769378
precision = 0.7660738714090287
recall = 0.8308605341246291
