f1 = 0.41566920565832427
loss = 0.355426687002182
precision = 0.7579365079365079
recall = 0.2863568215892054
