f1 = 0.8346055979643766
loss = 0.1757451117038727
precision = 0.9094269870609981
recall = 0.7711598746081505
