f1 = 0.9102167182662539
loss = 0.08245559483766556
precision = 0.8990825688073395
recall = 0.9216300940438872
