f1 = 0.7415730337078653
loss = 0.22062741816043854
precision = 0.6686531585220501
recall = 0.8323442136498517
