f1 = 0.8177496038034865
loss = 0.2698712632060051
precision = 0.8012422360248447
recall = 0.8349514563106796
