f1 = 0.15068493150684933
loss = 0.6345652341842651
precision = 0.13692946058091288
recall = 0.16751269035532995
