f1 = 0.82537517053206
loss = 0.15021958202123642
precision = 0.7638888888888888
recall = 0.8976261127596439
