f1 = 0.5907335907335907
loss = 0.35547717809677126
precision = 0.7320574162679426
recall = 0.49514563106796117
