f1 = 0.9242089771891097
loss = 0.10905977338552475
precision = 0.9075144508670521
recall = 0.9415292353823088
