f1 = 0.7716763005780347
loss = 0.13496268391609192
precision = 0.752112676056338
recall = 0.7922848664688428
