f1 = 0.7753366406803686
loss = 0.17717397436499596
precision = 0.7352150537634409
recall = 0.8200899550224887
