f1 = 0.926362297496318
loss = 0.08273626156151295
precision = 0.91027496382055
recall = 0.9430284857571214
