f1 = 0.2598187311178247
loss = 0.5895929634571075
precision = 0.3208955223880597
recall = 0.2182741116751269
