f1 = 0.8994276369582993
loss = 0.09959177486598492
precision = 0.8828250401284109
recall = 0.9166666666666666
