f1 = 0.8791032826261009
loss = 0.17306619882583618
precision = 0.8700475435816165
recall = 0.8883495145631068
