f1 = 0.37731481481481477
loss = 0.5809841752052307
precision = 0.8578947368421053
recall = 0.24183976261127596
