f1 = 0.5077881619937695
loss = 0.31533363088965416
precision = 0.4604519774011299
recall = 0.5659722222222222
