f1 = 0.6122448979591836
loss = 0.3490157350897789
precision = 0.5587392550143266
recall = 0.6770833333333334
