f1 = 0.7454545454545455
loss = 0.09863937310874463
precision = 0.7387387387387387
recall = 0.7522935779816514
