f1 = 0.8810126582278481
loss = 0.10434290431439877
precision = 0.8923076923076924
recall = 0.87
