f1 = 0.7220973782771534
loss = 0.3106859624385834
precision = 0.6722454672245467
recall = 0.7799352750809061
