f1 = 0.8
loss = 0.1320015609264374
precision = 0.7927927927927928
recall = 0.8073394495412844
