f1 = 0.6395663956639566
loss = 0.49902279675006866
precision = 0.686046511627907
recall = 0.5989847715736041
