f1 = 0.8347964884277734
loss = 0.21906177699565887
precision = 0.8236220472440945
recall = 0.8462783171521036
