f1 = 0.01650618982118294
loss = 1.2468802332878113
precision = 0.015037593984962405
recall = 0.018292682926829267
