f1 = 0.04624277456647399
loss = 1.314559543132782
precision = 0.8888888888888888
recall = 0.02373887240356083
