f1 = 0.9146531566640687
loss = 0.09786888820692148
precision = 0.8951182303585049
recall = 0.9350597609561753
