f1 = 0.17687074829931973
loss = 0.6423557996749878
precision = 0.26804123711340205
recall = 0.1319796954314721
