f1 = 0.5984703632887189
loss = 0.357342004776001
precision = 0.8258575197889182
recall = 0.46926536731634183
