f1 = 0.006802721088435375
loss = 1.2058165520429611
precision = 0.16666666666666666
recall = 0.003472222222222222
