f1 = 0.37129054520358873
loss = 0.4815915584564209
precision = 0.3470967741935484
recall = 0.3991097922848665
