f1 = 0.7565445026178012
loss = 0.18066689148545265
precision = 0.7153465346534653
recall = 0.8027777777777778
