f1 = 0.03821656050955414
loss = 1.0548840284347534
precision = 0.036585365853658534
recall = 0.04
