f1 = 0.8078602620087335
loss = 0.12879591137170793
precision = 0.785007072135785
recall = 0.8320839580209896
