f1 = 0.6517739816031538
loss = 0.21012171655893325
precision = 0.6184538653366584
recall = 0.6888888888888889
