f1 = 0.8777777777777778
loss = 0.1704953968524933
precision = 0.8613707165109035
recall = 0.8948220064724919
