f1 = 0.7873303167420814
loss = 0.10091598257422447
precision = 0.7767857142857143
recall = 0.7981651376146789
