f1 = 0.9275808936825887
loss = 0.08537627160549163
precision = 0.9121212121212121
recall = 0.9435736677115988
