f1 = 0.1983471074380165
loss = 0.6820394098758698
precision = 0.21686746987951808
recall = 0.18274111675126903
