f1 = 0.031201248049921998
loss = 1.2545750498771668
precision = 0.02932551319648094
recall = 0.03333333333333333
