f1 = 0.1302325581395349
loss = 1.4462645053863525
precision = 0.7777777777777778
recall = 0.07106598984771574
