f1 = 0.06722689075630252
loss = 1.351348727941513
precision = 0.41379310344827586
recall = 0.036585365853658534
