f1 = 0.428476380572189
loss = 0.2774346053600311
precision = 0.3884197828709288
recall = 0.47774480712166173
