f1 = 0.34705882352941175
loss = 0.412740358710289
precision = 0.3268698060941828
recall = 0.36990595611285265
