f1 = 0.7585089141004863
loss = 0.24398842081427574
precision = 0.7112462006079028
recall = 0.8125
