f1 = 0.7385524372230429
loss = 0.313914742320776
precision = 0.7163323782234957
recall = 0.7621951219512195
