f1 = 0.15964523281596454
loss = 0.6867258548736572
precision = 0.1469387755102041
recall = 0.17475728155339806
