f1 = 0.044776119402985065
loss = 0.9780028462409973
precision = 0.04390243902439024
recall = 0.04568527918781726
