f1 = 0.8648648648648648
loss = 0.11444140821695328
precision = 0.829971181556196
recall = 0.9028213166144201
