f1 = 0.7036496350364965
loss = 0.28285159170627594
precision = 0.6750700280112045
recall = 0.7347560975609756
