f1 = 0.02565930149679259
loss = 0.8539557456970215
precision = 0.024456521739130436
recall = 0.026986506746626688
