f1 = 0.1914241960183767
loss = 0.5209379494190216
precision = 0.17705382436260622
recall = 0.20833333333333334
