f1 = 0.30981595092024544
loss = 0.48991404175758363
precision = 0.2869318181818182
recall = 0.33666666666666667
