f1 = 0.4239828693790149
loss = 0.5547014594078064
precision = 0.7615384615384615
recall = 0.29376854599406527
