f1 = 0.03861003861003861
loss = 1.166459846496582
precision = 0.03597122302158273
recall = 0.041666666666666664
