f1 = 0.09290953545232274
loss = 0.8154403269290924
precision = 0.08962264150943396
recall = 0.09644670050761421
