f1 = 0.7004754358161648
loss = 0.23699530214071274
precision = 0.6443148688046647
recall = 0.7673611111111112
