f1 = 0.6801152737752162
loss = 0.3449397161602974
precision = 0.644808743169399
recall = 0.7195121951219512
