f1 = 0.2297872340425532
loss = 1.0876280069351196
precision = 0.7105263157894737
recall = 0.13705583756345177
