f1 = 0.8310287339413552
loss = 0.15333447032939077
precision = 0.8184276608074175
recall = 0.8440239043824701
