f1 = 0.7111111111111111
loss = 0.24843977391719818
precision = 0.6549707602339181
recall = 0.7777777777777778
