f1 = 0.7491582491582491
loss = 0.22306699007749559
precision = 0.8657587548638133
recall = 0.6602373887240356
