f1 = 0.8544802867383512
loss = 0.20948432832956315
precision = 0.826629680998613
recall = 0.884272997032641
