f1 = 0.6109660574412533
loss = 0.3973323106765747
precision = 0.6290322580645161
recall = 0.5939086294416244
