f1 = 0.7637490317583269
loss = 0.1693932220339775
precision = 0.7549770290964778
recall = 0.7727272727272727
