f1 = 0.011034482758620692
loss = 1.2338605642318725
precision = 0.010309278350515464
recall = 0.011869436201780416
