f1 = 0.888152444076222
loss = 0.10732371211051941
precision = 0.8830313014827018
recall = 0.8933333333333333
