f1 = 0.5907859078590786
loss = 0.4586411714553833
precision = 0.6337209302325582
recall = 0.5532994923857868
