f1 = 0.9152263374485597
loss = 0.08945435658097267
precision = 0.9040650406504065
recall = 0.9266666666666666
