f1 = 0.6985645933014354
loss = 0.2635834403336048
precision = 0.6460176991150443
recall = 0.7604166666666666
