f1 = 0.8662420382165605
loss = 0.14468454122543334
precision = 0.8281461434370772
recall = 0.9080118694362018
