f1 = 0.6636771300448431
loss = 0.09416584372520446
precision = 0.6491228070175439
recall = 0.6788990825688074
