f1 = 0.9241379310344827
loss = 0.06552742831408978
precision = 0.904047976011994
recall = 0.945141065830721
