f1 = 0.5365853658536586
loss = 0.14508759453892708
precision = 0.8
recall = 0.4036697247706422
