f1 = 0.7694483734087696
loss = 0.183915114402771
precision = 0.7351351351351352
recall = 0.8071216617210683
