f1 = 0.7458223394898856
loss = 0.2851521402597427
precision = 0.8496993987975952
recall = 0.664576802507837
