f1 = 0.6349206349206349
loss = 0.2892123430967331
precision = 0.6060606060606061
recall = 0.6666666666666666
