f1 = 0.0453857791225416
loss = 0.865364283323288
precision = 0.040214477211796246
recall = 0.052083333333333336
