f1 = 0.6058981233243969
loss = 0.45909741520881653
precision = 0.6420454545454546
recall = 0.5736040609137056
