f1 = 0.7853881278538812
loss = 0.10663495361804962
precision = 0.7818181818181819
recall = 0.7889908256880734
