f1 = 0.8699122106943338
loss = 0.17088316529989242
precision = 0.8582677165354331
recall = 0.8818770226537217
