f1 = 0.6842105263157895
loss = 0.07805013172328472
precision = 0.6554621848739496
recall = 0.7155963302752294
