f1 = 0.8585526315789473
loss = 0.17697321474552155
precision = 0.8474025974025974
recall = 0.87
