f1 = 0.11567944250871082
loss = 0.8165897250175476
precision = 0.10807291666666667
recall = 0.12443778110944528
