f1 = 0.855078125
loss = 0.14524512076990076
precision = 0.8386973180076628
recall = 0.8721115537848606
