f1 = 0.7302452316076294
loss = 0.2109094426035881
precision = 0.7165775401069518
recall = 0.7444444444444445
