f1 = 0.31210191082802546
loss = 0.8025896549224854
precision = 0.4188034188034188
recall = 0.24873096446700507
