f1 = 0.047954866008462625
loss = 0.918130385875702
precision = 0.4857142857142857
recall = 0.025222551928783383
