f1 = 0.9006928406466512
loss = 0.08776500597596168
precision = 0.8850226928895613
recall = 0.9169278996865203
