f1 = 0.017543859649122806
loss = 1.0012677758932114
precision = 0.015151515151515152
recall = 0.020833333333333332
