f1 = 0.9266409266409267
loss = 0.08220178261399269
precision = 0.91324200913242
recall = 0.9404388714733543
