f1 = 0.8852459016393444
loss = 0.19026687890291213
precision = 0.8518518518518519
recall = 0.9213649851632048
