f1 = 0.872416250890948
loss = 0.21316789984703063
precision = 0.8395061728395061
recall = 0.9080118694362018
