f1 = 0.45132743362831856
loss = 0.14599791094660758
precision = 0.4358974358974359
recall = 0.46788990825688076
