f1 = 0.6121530382595649
loss = 0.2260383516550064
precision = 0.5870503597122302
recall = 0.6394984326018809
