f1 = 0.8093922651933702
loss = 0.17705602645874025
precision = 0.804945054945055
recall = 0.8138888888888889
