f1 = 0.8069164265129682
loss = 0.22619221806526185
precision = 0.7843137254901961
recall = 0.8308605341246291
