f1 = 0.7099236641221375
loss = 0.28689750730991365
precision = 0.8303571428571429
recall = 0.62
