f1 = 0.7896389324960754
loss = 0.2559946492314339
precision = 0.7667682926829268
recall = 0.813915857605178
