f1 = 0.5896739130434783
loss = 0.30982648581266403
precision = 0.5318627450980392
recall = 0.6615853658536586
