f1 = 0.034782608695652174
loss = 1.3106404542922974
precision = 0.75
recall = 0.017804154302670624
