f1 = 0.8805237315875614
loss = 0.10457770116627216
precision = 0.864951768488746
recall = 0.8966666666666666
