f1 = 0.5194805194805195
loss = 0.179148568212986
precision = 0.4918032786885246
recall = 0.5504587155963303
