f1 = 0.901386748844376
loss = 0.0865605853497982
precision = 0.8863636363636364
recall = 0.9169278996865203
