f1 = 0.8254980079681276
loss = 0.23473079055547713
precision = 0.8131868131868132
recall = 0.8381877022653722
