f1 = 0.3064516129032258
loss = 0.8603990375995636
precision = 0.7450980392156863
recall = 0.19289340101522842
