f1 = 0.042979942693409746
loss = 0.7315525650978089
precision = 0.625
recall = 0.02225519287833828
