f1 = 0.2932551319648094
loss = 0.5544885098934174
precision = 0.3472222222222222
recall = 0.25380710659898476
