f1 = 0.29673590504451036
loss = 0.35355040431022644
precision = 0.25906735751295334
recall = 0.3472222222222222
