f1 = 0.23300970873786403
loss = 0.7269556820392609
precision = 0.32142857142857145
recall = 0.18274111675126903
