f1 = 0.8698830409356725
loss = 0.15237712115049362
precision = 0.8487874465049928
recall = 0.8920539730134932
