f1 = 0.6332378223495702
loss = 0.21049655377864837
precision = 0.58311345646438
recall = 0.6927899686520376
