f1 = 0.19736842105263155
loss = 0.6367853283882141
precision = 0.18493150684931506
recall = 0.2115987460815047
