f1 = 0.7715133531157271
loss = 0.2853706516325474
precision = 0.7514450867052023
recall = 0.7926829268292683
