f1 = 0.8843338213762811
loss = 0.11081280652433634
precision = 0.8640915593705293
recall = 0.9055472263868066
