f1 = 0.27927927927927926
loss = 0.15550393909215926
precision = 0.2743362831858407
recall = 0.28440366972477066
