f1 = 0.11382113821138211
loss = 0.2606183052062988
precision = 0.5
recall = 0.06422018348623854
