f1 = 0.9110828523916659
loss = 0.10254195395813726
precision = 0.8950605419950028
recall = 0.9276892430278885
