f1 = 0.13636363636363638
loss = 1.2119998931884766
precision = 0.6521739130434783
recall = 0.07614213197969544
