f1 = 0.7908847184986595
loss = 0.18037493228912355
precision = 0.7642487046632125
recall = 0.8194444444444444
