f1 = 0.6089644513137558
loss = 0.2708444371819496
precision = 0.5487465181058496
recall = 0.6840277777777778
