f1 = 0.012307692307692308
loss = 0.7105161786079407
precision = 0.125
recall = 0.006472491909385114
