f1 = 0.688888888888889
loss = 0.21065348386764526
precision = 0.6345029239766082
recall = 0.7534722222222222
