f1 = 0.6812865497076024
loss = 0.29518502578139305
precision = 0.6544943820224719
recall = 0.7103658536585366
