f1 = 0.8464052287581699
loss = 0.16509116142988206
precision = 0.8301282051282052
recall = 0.8633333333333333
