f1 = 0.5760869565217391
loss = 0.5241985768079758
precision = 0.6198830409356725
recall = 0.5380710659898477
