f1 = 0.8538638102524866
loss = 0.13127840906381608
precision = 0.8340807174887892
recall = 0.8746081504702194
