f1 = 0.42735042735042733
loss = 0.5375365614891052
precision = 0.487012987012987
recall = 0.38071065989847713
