f1 = 0.9237536656891495
loss = 0.09961035437881946
precision = 0.9038737446197992
recall = 0.9445277361319341
