f1 = 0.82598235765838
loss = 0.251836322247982
precision = 0.8187599364069952
recall = 0.8333333333333334
