f1 = 0.4174311926605505
loss = 0.7286075949668884
precision = 0.7777777777777778
recall = 0.2852664576802508
