f1 = 0.13404825737265416
loss = 0.42463359236717224
precision = 0.29411764705882354
recall = 0.08680555555555555
