f1 = 0.23017902813299235
loss = 0.6276257336139679
precision = 0.23195876288659795
recall = 0.22842639593908629
