f1 = 0.2519685039370079
loss = 0.18230074346065522
precision = 0.8888888888888888
recall = 0.14678899082568808
