f1 = 0.8512747875354107
loss = 0.20164453834295273
precision = 0.8143631436314364
recall = 0.8916913946587537
