f1 = 0.40804597701149425
loss = 0.5531406551599503
precision = 0.47019867549668876
recall = 0.3604060913705584
