f1 = 0.08865710560625815
loss = 0.9194399267435074
precision = 0.0774487471526196
recall = 0.10365853658536585
