f1 = 0.6055776892430278
loss = 0.21476722061634063
precision = 0.5801526717557252
recall = 0.6333333333333333
