f1 = 0.8698464025869038
loss = 0.09816702604293823
precision = 0.8981636060100167
recall = 0.8432601880877743
