f1 = 0.72
loss = 0.10237669497728348
precision = 0.6982758620689655
recall = 0.7431192660550459
