f1 = 0.8851744186046511
loss = 0.170616053044796
precision = 0.8675213675213675
recall = 0.9035608308605341
