f1 = 0.08398950131233597
loss = 1.1198980212211609
precision = 0.7619047619047619
recall = 0.044444444444444446
