f1 = 0.42142353770260743
loss = 0.25251401364803316
precision = 0.40134228187919463
recall = 0.443620178041543
