f1 = 0.7547169811320755
loss = 0.2595651000738144
precision = 0.7202216066481995
recall = 0.7926829268292683
