f1 = 0.25214899713467054
loss = 0.852230116724968
precision = 0.7213114754098361
recall = 0.1527777777777778
