f1 = 0.5570776255707762
loss = 0.07967597283422947
precision = 0.5545454545454546
recall = 0.5596330275229358
