f1 = 0.7785419532324621
loss = 0.22416180819272996
precision = 0.771117166212534
recall = 0.7861111111111111
