f1 = 0.2406015037593985
loss = 0.2155816823244095
precision = 0.6666666666666666
recall = 0.14678899082568808
