f1 = 0.33458177278402
loss = 0.7732107162475585
precision = 0.73224043715847
recall = 0.2168284789644013
