f1 = 0.49572649572649574
loss = 0.4740811288356781
precision = 0.564935064935065
recall = 0.4416243654822335
