f1 = 0.6791277258566978
loss = 0.23821813985705376
precision = 0.615819209039548
recall = 0.7569444444444444
