f1 = 0.6914728682170542
loss = 0.2804638557136059
precision = 0.6246498599439776
recall = 0.7743055555555556
