f1 = 0.6010928961748635
loss = 0.2275160312652588
precision = 0.5520702634880803
recall = 0.6596701649175413
