f1 = 0.6779661016949153
loss = 0.27064697444438934
precision = 0.6388206388206388
recall = 0.7222222222222222
