f1 = 0.711755233494364
loss = 0.2672278471291065
precision = 0.6636636636636637
recall = 0.7673611111111112
