f1 = 0.247787610619469
loss = 0.6329449117183685
precision = 0.29577464788732394
recall = 0.2131979695431472
