f1 = 0.6289697908597986
loss = 0.3369805455207825
precision = 0.6032689450222882
recall = 0.656957928802589
