f1 = 0.7889908256880734
loss = 0.08259357586503029
precision = 0.7889908256880734
recall = 0.7889908256880734
