f1 = 0.04437400950871632
loss = 1.0523497700691222
precision = 0.04229607250755287
recall = 0.04666666666666667
