f1 = 0.6855524079320112
loss = 0.3116097092628479
precision = 0.9260204081632653
recall = 0.5442278860569715
