f1 = 0.415508412582297
loss = 0.2565693438053131
precision = 0.3895747599451303
recall = 0.445141065830721
