f1 = 0.6881720430107527
loss = 0.26159852370619774
precision = 0.6170798898071626
recall = 0.7777777777777778
