f1 = 0.8473641193297915
loss = 0.14285609389052673
precision = 0.8697567114093959
recall = 0.8260956175298805
