f1 = 0.6149068322981367
loss = 0.25744514912366867
precision = 0.5561797752808989
recall = 0.6875
