f1 = 0.7910328262610088
loss = 0.28652048110961914
precision = 0.7828843106180665
recall = 0.7993527508090615
