f1 = 0.608433734939759
loss = 0.4355275332927704
precision = 0.7481481481481481
recall = 0.5126903553299492
