f1 = 0.6886792452830188
loss = 0.281886525452137
precision = 0.6293103448275862
recall = 0.7604166666666666
