f1 = 0.8742857142857143
loss = 0.17199125736951829
precision = 0.8429752066115702
recall = 0.9080118694362018
