f1 = 0.858784893267652
loss = 0.1591699168086052
precision = 0.8462783171521036
recall = 0.8716666666666667
