f1 = 0.6913580246913581
loss = 0.2659364491701126
precision = 0.6222222222222222
recall = 0.7777777777777778
