f1 = 0.7145969498910676
loss = 0.19301152527332305
precision = 0.6929577464788732
recall = 0.7376311844077961
