f1 = 0.3649025069637883
loss = 0.283833447098732
precision = 0.3659217877094972
recall = 0.3638888888888889
