f1 = 0.695582329317269
loss = 0.1796568289399147
precision = 0.6713178294573643
recall = 0.7216666666666667
