f1 = 0.6249110320284699
loss = 0.18636369407176973
precision = 0.5948509485094851
recall = 0.6581709145427287
