f1 = 0.819423368740516
loss = 0.25031467378139494
precision = 0.8385093167701864
recall = 0.8011869436201781
