f1 = 0.6601448593735303
loss = 0.1878164677935488
precision = 0.6253787203707004
recall = 0.699003984063745
