f1 = 0.4989339019189765
loss = 0.5931817889213562
precision = 0.8634686346863468
recall = 0.35082458770614694
