f1 = 0.8839941262848752
loss = 0.1655593417584896
precision = 0.875
recall = 0.8931750741839762
