f1 = 0.6055045871559634
loss = 0.2876136638224125
precision = 0.5409836065573771
recall = 0.6875
