f1 = 0.10898379970544918
loss = 1.0384371280670166
precision = 0.10277777777777777
recall = 0.11598746081504702
