f1 = 0.46040515653775316
loss = 0.3383967787027359
precision = 0.6067961165048543
recall = 0.37091988130563797
