f1 = 0.4528901122168113
loss = 0.36078927446814146
precision = 0.48328061455038407
recall = 0.42609561752988045
