f1 = 0.7527777777777779
loss = 0.22773812413215638
precision = 0.7527777777777778
recall = 0.7527777777777778
