f1 = 0.7060561299852288
loss = 0.2728577330708504
precision = 0.6848137535816619
recall = 0.7286585365853658
