f1 = 0.1507537688442211
loss = 0.43213529884815216
precision = 0.14563106796116504
recall = 0.15625
