f1 = 0.42010309278350516
loss = 0.3237548381090164
precision = 0.3918269230769231
recall = 0.4527777777777778
