f1 = 0.9145038167938931
loss = 0.08528129458427429
precision = 0.8913690476190477
recall = 0.9388714733542319
