f1 = 0.2471264367816092
loss = 0.5774016082286835
precision = 0.2847682119205298
recall = 0.2182741116751269
