f1 = 0.242503259452412
loss = 0.36597450971603396
precision = 0.2285012285012285
recall = 0.25833333333333336
