f1 = 0.6656298600311042
loss = 0.23571431264281273
precision = 0.6028169014084507
recall = 0.7430555555555556
