f1 = 0.617801047120419
loss = 0.47276508808135986
precision = 0.6378378378378379
recall = 0.5989847715736041
