f1 = 0.0559796437659033
loss = 0.9697783291339874
precision = 0.05612244897959184
recall = 0.05583756345177665
