f1 = 0.1234567901234568
loss = 1.102066946029663
precision = 0.8181818181818182
recall = 0.06676557863501484
