f1 = 0.8575780654988575
loss = 0.14071727991104127
precision = 0.8340740740740741
recall = 0.8824451410658307
