f1 = 0.0513213328226733
loss = 1.5389810683680516
precision = 0.6633663366336634
recall = 0.026693227091633465
