f1 = 0.2591725214676034
loss = 0.5565079629421235
precision = 0.24375917767988253
recall = 0.27666666666666667
