f1 = 0.9345650500384912
loss = 0.062273410335183146
precision = 0.9183055975794251
recall = 0.95141065830721
