f1 = 0.5723905723905723
loss = 0.27446647733449936
precision = 0.5555555555555556
recall = 0.5902777777777778
