f1 = 0.6804915514592934
loss = 0.22742437720298767
precision = 0.6476608187134503
recall = 0.7168284789644013
