f1 = 0.16309012875536483
loss = 1.2808263301849365
precision = 0.5277777777777778
recall = 0.09644670050761421
