f1 = 0.031837916063675836
loss = 1.2708696484565736
precision = 0.6470588235294118
recall = 0.016320474777448073
