f1 = 0.9092240117130308
loss = 0.10966372042894364
precision = 0.8884120171673819
recall = 0.9310344827586207
