f1 = 0.6261127596439169
loss = 0.27046229541301725
precision = 0.5780821917808219
recall = 0.6828478964401294
