f1 = 0.3355119825708061
loss = 0.81491769105196
precision = 0.5877862595419847
recall = 0.2347560975609756
