f1 = 0.875089221984297
loss = 0.2231057405471802
precision = 0.8431911966987621
recall = 0.9094955489614244
