f1 = 0.6425339366515835
loss = 0.10264656767249107
precision = 0.6339285714285714
recall = 0.6513761467889908
