f1 = 0.874120406567631
loss = 0.1455205947160721
precision = 0.9133986928104575
recall = 0.8380809595202399
