f1 = 0.8585365853658538
loss = 0.11723373159766197
precision = 0.8380952380952381
recall = 0.88
