f1 = 0.9221818181818182
loss = 0.08975492790341377
precision = 0.8954802259887006
recall = 0.9505247376311844
