f1 = 0.12589204025617567
loss = 1.3615398535541459
precision = 0.7730337078651686
recall = 0.06852589641434263
