f1 = 0.5441176470588236
loss = 0.3681740015745163
precision = 0.5255681818181818
recall = 0.5640243902439024
