f1 = 0.46824408468244083
loss = 0.3267768621444702
precision = 0.42437923250564336
recall = 0.5222222222222223
