f1 = 0.5769854132901134
loss = 0.2419164516031742
precision = 0.541033434650456
recall = 0.6180555555555556
