f1 = 0.8669322709163346
loss = 0.1822645917534828
precision = 0.8540031397174255
recall = 0.8802588996763754
