f1 = 0.5647668393782384
loss = 0.46463051438331604
precision = 0.5767195767195767
recall = 0.5532994923857868
