f1 = 0.5962264150943397
loss = 0.2849922813475132
precision = 0.6528925619834711
recall = 0.5486111111111112
