f1 = 0.7887323943661972
loss = 0.0869475245475769
precision = 0.8076923076923077
recall = 0.7706422018348624
