f1 = 0.8318144159072081
loss = 0.19132137969136237
precision = 0.8822495606326889
recall = 0.786833855799373
