f1 = 0.5752688172043011
loss = 0.43951334059238434
precision = 0.6114285714285714
recall = 0.5431472081218274
