f1 = 0.010767160161507403
loss = 1.4764733612537384
precision = 0.00963855421686747
recall = 0.012195121951219513
