f1 = 0.8833214030064425
loss = 0.20786503106355667
precision = 0.8533886583679114
recall = 0.9154302670623146
