f1 = 0.38350055741360095
loss = 0.5785389184951782
precision = 0.6164874551971327
recall = 0.2783171521035599
