f1 = 0.6594594594594594
loss = 0.5329603850841522
precision = 0.7052023121387283
recall = 0.6192893401015228
