f1 = 0.4887459807073955
loss = 0.5514750599861145
precision = 0.8571428571428571
recall = 0.34182908545727136
