f1 = 0.712468193384224
loss = 0.22674991190433502
precision = 0.6572769953051644
recall = 0.7777777777777778
