f1 = 0.5307017543859649
loss = 0.5327688694000244
precision = 0.8832116788321168
recall = 0.3793103448275862
