f1 = 0.4199706314243759
loss = 0.379670687019825
precision = 0.3638676844783715
recall = 0.4965277777777778
