f1 = 0.2098360655737705
loss = 0.5377464592456818
precision = 0.2962962962962963
recall = 0.16243654822335024
