f1 = 0.5908496732026144
loss = 0.26338022351264956
precision = 0.5580246913580247
recall = 0.6277777777777778
