f1 = 0.5669291338582677
loss = 0.5337778776884079
precision = 0.5869565217391305
recall = 0.5482233502538071
