f1 = 0.6584070796460177
loss = 0.35379907116293907
precision = 0.6714801444043321
recall = 0.6458333333333334
