f1 = 0.7048710601719198
loss = 0.2748239394277334
precision = 0.6648648648648648
recall = 0.75
