f1 = 0.8413793103448276
loss = 0.16965765953063966
precision = 0.7860824742268041
recall = 0.9050445103857567
