f1 = 0.17073170731707316
loss = 0.9833786487579346
precision = 0.42857142857142855
recall = 0.1065989847715736
