f1 = 0.29228998849252014
loss = 0.5969063639640808
precision = 0.6512820512820513
recall = 0.1884272997032641
