f1 = 0.5885558583106267
loss = 0.4647560268640518
precision = 0.6352941176470588
recall = 0.5482233502538071
