f1 = 0.8671428571428571
loss = 0.2124684989452362
precision = 0.8360881542699724
recall = 0.900593471810089
