f1 = 0.5766233766233766
loss = 0.47129829227924347
precision = 0.5904255319148937
recall = 0.5634517766497462
