f1 = 0.5929203539823009
loss = 0.11030269637703896
precision = 0.5726495726495726
recall = 0.6146788990825688
