f1 = 0.06431852986217458
loss = 0.6199150383472443
precision = 0.057534246575342465
recall = 0.07291666666666667
