f1 = 0.7962962962962964
loss = 0.09710078462958335
precision = 0.8037383177570093
recall = 0.7889908256880734
