f1 = 0.024169184290030208
loss = 0.749160498380661
precision = 0.0213903743315508
recall = 0.027777777777777776
