f1 = 0.019872249822569195
loss = 1.134468388557434
precision = 0.018867924528301886
recall = 0.020989505247376312
