f1 = 0.06753246753246753
loss = 1.0795458793640136
precision = 0.52
recall = 0.03611111111111111
