f1 = 0.7465587044534412
loss = 0.24993354976177215
precision = 0.7259842519685039
recall = 0.7683333333333333
