f1 = 0.4002954209748892
loss = 0.4798739790916443
precision = 0.3784916201117318
recall = 0.42476489028213166
