f1 = 0.814935064935065
loss = 0.1603842243552208
precision = 0.7943037974683544
recall = 0.8366666666666667
