f1 = 0.9108761329305136
loss = 0.09183981418609619
precision = 0.8790087463556852
recall = 0.945141065830721
