f1 = 0.04600484261501211
loss = 0.9192949295043945
precision = 0.0407725321888412
recall = 0.05277777777777778
