f1 = 0.7130434782608697
loss = 0.1292746990919113
precision = 0.6776859504132231
recall = 0.7522935779816514
