f1 = 0.47933884297520657
loss = 0.5538070052862167
precision = 0.5240963855421686
recall = 0.4416243654822335
