f1 = 0.636842105263158
loss = 0.3863743394613266
precision = 0.6612021857923497
recall = 0.6142131979695431
