f1 = 0.9048656499636891
loss = 0.1168859802186489
precision = 0.8774647887323944
recall = 0.9340329835082459
