f1 = 0.8863636363636364
loss = 0.18083708882331848
precision = 0.8501362397820164
recall = 0.9258160237388724
