f1 = 0.8443396226415094
loss = 0.18342459350824356
precision = 0.8211009174311926
recall = 0.8689320388349514
