f1 = 0.3956043956043956
loss = 0.5623614639043808
precision = 0.4311377245508982
recall = 0.36548223350253806
