f1 = 0.8640569395017793
loss = 0.212852843105793
precision = 0.8303693570451436
recall = 0.900593471810089
