f1 = 0.8789435069699193
loss = 0.09672667384147644
precision = 0.860632183908046
recall = 0.8980509745127436
