f1 = 0.9183359013867489
loss = 0.08907442837953568
precision = 0.9030303030303031
recall = 0.9341692789968652
