f1 = 0.48390677025527185
loss = 0.528850257396698
precision = 0.8288973384030418
recall = 0.34169278996865204
