f1 = 0.9204265791632487
loss = 0.08360182456672191
precision = 0.9063004846526656
recall = 0.935
