f1 = 0.04878048780487805
loss = 0.985531210899353
precision = 0.625
recall = 0.025380710659898477
