f1 = 0.696035242290749
loss = 0.09807353168725967
precision = 0.6694915254237288
recall = 0.7247706422018348
