f1 = 0.6728682170542635
loss = 0.25238073989748955
precision = 0.6078431372549019
recall = 0.7534722222222222
