f1 = 0.7822222222222223
loss = 0.0892715223133564
precision = 0.7586206896551724
recall = 0.8073394495412844
