f1 = 0.751145038167939
loss = 0.1938212402164936
precision = 0.7321428571428571
recall = 0.7711598746081505
