f1 = 0.7463976945244957
loss = 0.3279489353299141
precision = 0.7076502732240437
recall = 0.7896341463414634
