f1 = 0.16740088105726872
loss = 0.6794581890106202
precision = 0.1532258064516129
recall = 0.18446601941747573
