f1 = 0.7232142857142856
loss = 0.08878264054656029
precision = 0.7043478260869566
recall = 0.7431192660550459
