f1 = 0.018181818181818184
loss = 0.3404384315013885
precision = 1.0
recall = 0.009174311926605505
