f1 = 0.18311874105865522
loss = 0.5648402124643326
precision = 0.15571776155717762
recall = 0.2222222222222222
