f1 = 0.057692307692307696
loss = 0.9749736785888672
precision = 0.5454545454545454
recall = 0.030456852791878174
