f1 = 0.6418816388467374
loss = 0.1955884352326393
precision = 0.6220588235294118
recall = 0.6630094043887147
