f1 = 0.8553191489361701
loss = 0.2151840001344681
precision = 0.8192934782608695
recall = 0.8946587537091988
