f1 = 0.7834101382488479
loss = 0.06491983458399772
precision = 0.7870370370370371
recall = 0.7798165137614679
