f1 = 0.043113772455089815
loss = 0.8657255172729492
precision = 0.037894736842105266
recall = 0.05
