f1 = 0.21006564551422321
loss = 0.5941013336181641
precision = 0.19645293315143247
recall = 0.22570532915360503
