f1 = 0.5966850828729281
loss = 0.4615897387266159
precision = 0.6545454545454545
recall = 0.5482233502538071
