f1 = 0.15763546798029557
loss = 0.6256512105464935
precision = 0.15311004784688995
recall = 0.16243654822335024
