f1 = 0.08968609865470852
loss = 0.3090373456478119
precision = 0.23255813953488372
recall = 0.05555555555555555
