f1 = 0.7529411764705882
loss = 0.29847224056720734
precision = 0.7272727272727273
recall = 0.7804878048780488
