f1 = 0.07632398753894082
loss = 0.9313083291053772
precision = 0.07163742690058479
recall = 0.08166666666666667
