f1 = 0.4709821428571429
loss = 0.5598047435283661
precision = 0.8178294573643411
recall = 0.33072100313479624
