f1 = 0.5288531775018261
loss = 0.3531899809837341
precision = 0.48202396804260983
recall = 0.5857605177993528
