f1 = 0.5082706766917293
loss = 0.3274422325193882
precision = 0.4482758620689655
recall = 0.5868055555555556
