f1 = 0.030534351145038167
loss = 0.7722864598035812
precision = 0.027247956403269755
recall = 0.034722222222222224
