f1 = 0.7150259067357512
loss = 0.09418836385011672
precision = 0.8214285714285714
recall = 0.6330275229357798
