f1 = 0.581094527363184
loss = 0.4559981107711792
precision = 0.7545219638242894
recall = 0.47249190938511326
