f1 = 0.22057001239157373
loss = 0.41312560737133025
precision = 0.19910514541387025
recall = 0.24722222222222223
