f1 = 0.8603827072997874
loss = 0.21615148335695267
precision = 0.8236092265943012
recall = 0.900593471810089
