f1 = 0.023357664233576648
loss = 0.6169153571128845
precision = 0.7272727272727273
recall = 0.011869436201780416
