f1 = 0.701062215477997
loss = 0.2666434496641159
precision = 0.7725752508361204
recall = 0.6416666666666667
