f1 = 0.03846153846153846
loss = 0.7972259402275086
precision = 0.03571428571428571
recall = 0.041666666666666664
