f1 = 0.8204283360790774
loss = 0.22651224657893182
precision = 0.8110749185667753
recall = 0.83
