f1 = 0.9347985347985348
loss = 0.08556723538786173
precision = 0.9140401146131805
recall = 0.9565217391304348
