f1 = 0.8635682158920539
loss = 0.1343005508184433
precision = 0.8275862068965517
recall = 0.9028213166144201
