f1 = 0.8554913294797688
loss = 0.1510251346975565
precision = 0.9040139616055847
recall = 0.8119122257053292
