f1 = 0.708994708994709
loss = 0.1923154726624489
precision = 0.860813704496788
recall = 0.6026986506746627
