f1 = 0.02418745275888133
loss = 1.264273762702942
precision = 0.02269503546099291
recall = 0.025889967637540454
