f1 = 0.6661631419939578
loss = 0.15325704216957092
precision = 0.6428571428571429
recall = 0.6912225705329154
