f1 = 0.008583690987124463
loss = 0.20036402940750123
precision = 0.008064516129032258
recall = 0.009174311926605505
