f1 = 0.3042208654101407
loss = 0.3428465650946486
precision = 0.27368253462824393
recall = 0.34243027888446215
