f1 = 0.5224274406332453
loss = 0.4704488664865494
precision = 0.5439560439560439
recall = 0.5025380710659898
