f1 = 0.5415019762845851
loss = 0.38315723463892937
precision = 0.6284403669724771
recall = 0.4756944444444444
