f1 = 0.01139937106918239
loss = 1.0840454411272908
precision = 0.4264705882352941
recall = 0.005776892430278884
