f1 = 0.37671232876712324
loss = 0.3692875951528549
precision = 0.3716216216216216
recall = 0.3819444444444444
