f1 = 0.8960000000000001
loss = 0.11767377182841302
precision = 0.8700564971751412
recall = 0.9235382308845578
