f1 = 0.8717532467532468
loss = 0.13149585127830504
precision = 0.8496835443037974
recall = 0.895
