f1 = 0.5161290322580645
loss = 0.09038929231464862
precision = 0.5185185185185185
recall = 0.5137614678899083
