f1 = 0.3581452104942038
loss = 0.857087653057248
precision = 0.7643229166666666
recall = 0.23386454183266933
