f1 = 0.6858006042296072
loss = 0.2899138331413269
precision = 0.7516556291390728
recall = 0.6305555555555555
