f1 = 0.8447712418300655
loss = 0.1597508281469345
precision = 0.8285256410256411
recall = 0.8616666666666667
