f1 = 0.9295154185022025
loss = 0.0782411314547062
precision = 0.9107913669064748
recall = 0.9490254872563718
