f1 = 0.7586206896551723
loss = 0.2047230362892151
precision = 0.7258883248730964
recall = 0.7944444444444444
