f1 = 0.8802642444260942
loss = 0.12953423522412777
precision = 0.8723404255319149
recall = 0.8883333333333333
