f1 = 0.03970223325062035
loss = 0.8416449129581451
precision = 0.038834951456310676
recall = 0.04060913705583756
