f1 = 0.6215384615384615
loss = 0.2692539654672146
precision = 0.5580110497237569
recall = 0.7013888888888888
