f1 = 0.7870778267254037
loss = 0.25866762548685074
precision = 0.7592067988668555
recall = 0.8170731707317073
