f1 = 0.2909090909090909
loss = 0.7565387845039367
precision = 0.759493670886076
recall = 0.17991004497751126
