f1 = 0.6878612716763005
loss = 0.22130095958709717
precision = 0.6638772663877266
recall = 0.7136431784107946
