f1 = 0.3768115942028986
loss = 0.12276009917259216
precision = 0.3979591836734694
recall = 0.3577981651376147
