f1 = 0.7068145800316957
loss = 0.22389912605285645
precision = 0.6501457725947521
recall = 0.7743055555555556
