f1 = 0.4615384615384615
loss = 0.4320257931947708
precision = 0.6482412060301508
recall = 0.35833333333333334
