f1 = 0.9038142620232171
loss = 0.10028484873473645
precision = 0.8993399339933993
recall = 0.9083333333333333
