f1 = 0.6226685796269728
loss = 0.37125103175640106
precision = 0.5880758807588076
recall = 0.6615853658536586
