f1 = 0.13164556962025314
loss = 0.5516284346580506
precision = 0.4482758620689655
recall = 0.0771513353115727
