f1 = 0.4812912692589876
loss = 0.34634694159030915
precision = 0.45241379310344826
recall = 0.5141065830721003
