f1 = 0.6185567010309279
loss = 0.3896292746067047
precision = 0.6282722513089005
recall = 0.6091370558375635
