f1 = 0.5736842105263158
loss = 0.527578592300415
precision = 0.5956284153005464
recall = 0.5532994923857868
