f1 = 0.3404255319148936
loss = 0.5872843563556671
precision = 0.5647058823529412
recall = 0.2436548223350254
