f1 = 0.0806045340050378
loss = 1.0873195827007294
precision = 0.08
recall = 0.08121827411167512
