f1 = 0.03369434416365825
loss = 0.8536407947540283
precision = 0.029723991507430998
recall = 0.03888888888888889
