f1 = 0.6036745406824147
loss = 0.47962793707847595
precision = 0.625
recall = 0.583756345177665
