f1 = 0.4722689075630252
loss = 0.30561578571796416
precision = 0.5445736434108527
recall = 0.4169139465875371
