f1 = 0.8706827309236947
loss = 0.16893682554364203
precision = 0.8644338118022329
recall = 0.8770226537216829
