f1 = 0.8887029288702929
loss = 0.10089256595820188
precision = 0.892436974789916
recall = 0.885
