f1 = 0.7008
loss = 0.3053627274930477
precision = 0.6498516320474778
recall = 0.7604166666666666
