f1 = 0.6347107438016528
loss = 0.3119821324944496
precision = 0.6056782334384858
recall = 0.6666666666666666
