f1 = 0.9248895434462445
loss = 0.08180904947221279
precision = 0.9088277858176556
recall = 0.9415292353823088
