f1 = 0.6910039113428944
loss = 0.2685877248644829
precision = 0.6511056511056511
recall = 0.7361111111111112
