f1 = 0.3945885005636978
loss = 0.5971186518669128
precision = 0.8215962441314554
recall = 0.2596439169139466
