f1 = 0.7331536388140162
loss = 0.2336091160774231
precision = 0.7120418848167539
recall = 0.7555555555555555
