f1 = 0.6602098466505246
loss = 0.22994301915168763
precision = 0.6400625978090767
recall = 0.6816666666666666
