f1 = 0.6435331230283912
loss = 0.3296182230114937
precision = 0.5895953757225434
recall = 0.7083333333333334
