f1 = 0.7762803234501349
loss = 0.18582905381917952
precision = 0.7539267015706806
recall = 0.8
