f1 = 0.7667638483965015
loss = 0.18470529317855836
precision = 0.7460992907801418
recall = 0.7886056971514243
