f1 = 0.34532374100719426
loss = 0.20353665575385094
precision = 0.8
recall = 0.22018348623853212
