f1 = 0.5372670807453416
loss = 0.3742980360984802
precision = 0.4859550561797753
recall = 0.6006944444444444
