f1 = 0.39863325740318906
loss = 0.4780625820159912
precision = 0.8578431372549019
recall = 0.2596439169139466
