f1 = 0.7239819004524886
loss = 0.1270216189324856
precision = 0.7142857142857143
recall = 0.7339449541284404
