f1 = 0.029457364341085274
loss = 1.2806817293167114
precision = 0.02753623188405797
recall = 0.03166666666666667
