f1 = 0.37132784958871917
loss = 0.7447109758853913
precision = 0.8926553672316384
recall = 0.2344213649851632
