f1 = 0.396551724137931
loss = 0.41459131240844727
precision = 0.38068965517241377
recall = 0.41379310344827586
