f1 = 0.75809199318569
loss = 0.15881466418504714
precision = 0.8777120315581854
recall = 0.6671664167916042
