f1 = 0.7435897435897436
loss = 0.19260264188051224
precision = 0.6904761904761905
recall = 0.8055555555555556
