f1 = 0.1693121693121693
loss = 0.13801099956035615
precision = 0.2
recall = 0.14678899082568808
