f1 = 0.4571428571428572
loss = 0.5496610105037689
precision = 0.46808510638297873
recall = 0.4467005076142132
