f1 = 0.6196789951151429
loss = 0.26305420100688937
precision = 0.5849802371541502
recall = 0.658753709198813
