f1 = 0.00881057268722467
loss = 0.23602806329727172
precision = 0.00847457627118644
recall = 0.009174311926605505
