f1 = 0.09986130374479889
loss = 0.968543016910553
precision = 0.7659574468085106
recall = 0.05341246290801187
