f1 = 0.27651217596229377
loss = 0.5405606508255005
precision = 0.26151560178306094
recall = 0.29333333333333333
