f1 = 0.4313725490196079
loss = 0.1652410924434662
precision = 0.75
recall = 0.30275229357798167
