f1 = 0.8811881188118812
loss = 0.14265925735235213
precision = 0.8725490196078431
recall = 0.89
