f1 = 0.5389344262295082
loss = 0.5366741836071014
precision = 0.7346368715083799
recall = 0.4255663430420712
