f1 = 0.8975206611570248
loss = 0.09476828984916211
precision = 0.8901639344262295
recall = 0.905
