f1 = 0.4265997490589712
loss = 0.3873689383268356
precision = 0.3890160183066362
recall = 0.4722222222222222
