f1 = 0.8663900414937759
loss = 0.15938121005892752
precision = 0.8628099173553719
recall = 0.87
