f1 = 0.7074235807860262
loss = 0.31937139853835106
precision = 0.6768802228412256
recall = 0.7408536585365854
