f1 = 0.5669599217986314
loss = 0.3856858104467392
precision = 0.830945558739255
recall = 0.43026706231454004
