f1 = 0.8803680981595093
loss = 0.10883110240101815
precision = 0.9010989010989011
recall = 0.8605697151424287
