f1 = 0.29857819905213273
loss = 0.4719911992549896
precision = 0.28378378378378377
recall = 0.315
