f1 = 0.7251687560270009
loss = 0.28564080893993377
precision = 0.8604118993135011
recall = 0.6266666666666667
