f1 = 0.25
loss = 0.8134750127792358
precision = 0.4925373134328358
recall = 0.16751269035532995
