f1 = 0.0026845637583892616
loss = 1.2343820333480835
precision = 0.002398081534772182
recall = 0.003048780487804878
