f1 = 0.6686131386861314
loss = 0.2819035165011883
precision = 0.6414565826330533
recall = 0.698170731707317
