f1 = 0.10126582278481014
loss = 1.0430595874786377
precision = 0.3
recall = 0.06091370558375635
