f1 = 0.26666666666666666
loss = 0.6167420148849487
precision = 0.3308270676691729
recall = 0.2233502538071066
