f1 = 0.5993690851735015
loss = 0.2744682878255844
precision = 0.5491329479768786
recall = 0.6597222222222222
