f1 = 0.6698262243285941
loss = 0.2789437510073185
precision = 0.6144927536231884
recall = 0.7361111111111112
