f1 = 0.02302158273381295
loss = 1.0471710681915283
precision = 0.022130013831258646
recall = 0.0239880059970015
