f1 = 0.34355828220858897
loss = 0.31708421409130094
precision = 0.3076923076923077
recall = 0.3888888888888889
