f1 = 0.6617238183503243
loss = 0.3266396462917328
precision = 0.866504854368932
recall = 0.5352323838080959
