f1 = 0.7642752562225477
loss = 0.2895924411714077
precision = 0.7352112676056338
recall = 0.7957317073170732
