f1 = 0.8469241773962805
loss = 0.23685332536697387
precision = 0.8176795580110497
recall = 0.8783382789317508
