f1 = 0.13432835820895525
loss = 0.40914052724838257
precision = 0.11780104712041885
recall = 0.15625
