f1 = 0.686976389946687
loss = 0.1662888690829277
precision = 0.6681481481481482
recall = 0.7068965517241379
