f1 = 0.3862857142857143
loss = 0.6316896080970764
precision = 0.8407960199004975
recall = 0.2507418397626113
