f1 = 0.7086614173228347
loss = 0.29258061572909355
precision = 0.6484149855907781
recall = 0.78125
