f1 = 0.4279210925644917
loss = 0.3203396312892437
precision = 0.38005390835579517
recall = 0.4895833333333333
