f1 = 0.05952380952380953
loss = 0.8308060765266418
precision = 0.052083333333333336
recall = 0.06944444444444445
