f1 = 0.44680851063829785
loss = 0.4882199615240097
precision = 0.4692737430167598
recall = 0.4263959390862944
