f1 = 0.9170090386195563
loss = 0.09732751846313477
precision = 0.9043760129659644
recall = 0.93
