f1 = 0.925018559762435
loss = 0.08324732258915901
precision = 0.9161764705882353
recall = 0.9340329835082459
