f1 = 0.25293711126468554
loss = 0.5607619762420655
precision = 0.23673997412677877
recall = 0.271513353115727
