f1 = 0.7301038062283738
loss = 0.24687515795230866
precision = 0.8629856850715747
recall = 0.6326836581709145
