f1 = 0.739762219286658
loss = 0.1963260903954506
precision = 0.7052896725440806
recall = 0.7777777777777778
