f1 = 0.4970414201183432
loss = 0.5080593526363373
precision = 0.5957446808510638
recall = 0.4263959390862944
