f1 = 0.6015424164524421
loss = 0.4510228633880615
precision = 0.609375
recall = 0.5939086294416244
