f1 = 0.5541871921182266
loss = 0.25195371061563493
precision = 0.497787610619469
recall = 0.625
