f1 = 0.6066066066066066
loss = 0.31880996003746986
precision = 0.5976331360946746
recall = 0.6158536585365854
