f1 = 0.13554633471645922
loss = 0.4319646179676056
precision = 0.1258023106546855
recall = 0.1469265367316342
