f1 = 0.8033033033033034
loss = 0.11781362146139145
precision = 0.770893371757925
recall = 0.8385579937304075
