f1 = 0.06333739342265529
loss = 0.6229210376739502
precision = 0.05639913232104121
recall = 0.07222222222222222
