f1 = 0.7053571428571429
loss = 0.10613795667886734
precision = 0.6869565217391305
recall = 0.7247706422018348
