f1 = 0.11634349030470914
loss = 1.1353277802467345
precision = 0.875
recall = 0.06231454005934718
