f1 = 0.10000000000000002
loss = 1.183462679386139
precision = 0.4782608695652174
recall = 0.05583756345177665
