f1 = 0.5487179487179487
loss = 0.38714730739593506
precision = 0.5544041450777202
recall = 0.5431472081218274
