f1 = 0.6337209302325582
loss = 0.3204895481467247
precision = 0.6055555555555555
recall = 0.6646341463414634
