f1 = 0.0463768115942029
loss = 1.53001207113266
precision = 0.47058823529411764
recall = 0.024390243902439025
