f1 = 0.5560675883256528
loss = 0.33493732661008835
precision = 0.4986225895316804
recall = 0.6284722222222222
