f1 = 0.05084745762711864
loss = 0.9481827139854431
precision = 0.5294117647058824
recall = 0.026706231454005934
