f1 = 0.7106598984771573
loss = 0.23305470123887062
precision = 0.693069306930693
recall = 0.7291666666666666
