f1 = 0.07614213197969544
loss = 0.8707238435745239
precision = 0.07614213197969544
recall = 0.07614213197969544
