f1 = 0.021538461538461538
loss = 0.8275124579668045
precision = 0.019337016574585635
recall = 0.024305555555555556
