f1 = 0.7920353982300885
loss = 0.10547072291374207
precision = 0.7793904208998549
recall = 0.8050974512743628
