f1 = 0.5502958579881657
loss = 0.4418971836566925
precision = 0.6595744680851063
recall = 0.4720812182741117
