f1 = 0.9
loss = 0.09674680419266224
precision = 0.885483870967742
recall = 0.915
