f1 = 0.6047819971870605
loss = 0.3150278367102146
precision = 0.5613577023498695
recall = 0.6554878048780488
