f1 = 0.7120699708454812
loss = 0.34680823251312853
precision = 0.8587904360056259
recall = 0.6081673306772908
