f1 = 0.831230283911672
loss = 0.22269633561372756
precision = 0.8107692307692308
recall = 0.8527508090614887
