f1 = 0.1825726141078838
loss = 0.8274906873703003
precision = 0.5
recall = 0.1116751269035533
