f1 = 0.7714285714285715
loss = 0.07923246696591377
precision = 0.801980198019802
recall = 0.7431192660550459
