f1 = 0.05660377358490567
loss = 1.130239576101303
precision = 0.4
recall = 0.030456852791878174
