f1 = 0.9279411764705882
loss = 0.0975113200955093
precision = 0.9105339105339105
recall = 0.9460269865067467
