f1 = 0.9022447501810282
loss = 0.09937667772173882
precision = 0.8725490196078431
recall = 0.9340329835082459
