f1 = 0.7246376811594203
loss = 0.08639776334166527
precision = 0.7653061224489796
recall = 0.6880733944954128
