f1 = 0.8944954128440367
loss = 0.11277344226837158
precision = 0.8731343283582089
recall = 0.9169278996865203
