f1 = 0.48422597212032287
loss = 0.34671252965927124
precision = 0.45517241379310347
recall = 0.5172413793103449
