f1 = 0.02834645669291339
loss = 0.7264274507761002
precision = 0.025936599423631124
recall = 0.03125
