f1 = 0.3136966126656848
loss = 0.5514699339866638
precision = 0.28783783783783784
recall = 0.3446601941747573
