f1 = 0.08372093023255814
loss = 1.3230153918266296
precision = 0.5
recall = 0.04568527918781726
