f1 = 0.7063492063492063
loss = 0.26014577597379684
precision = 0.6742424242424242
recall = 0.7416666666666667
