f1 = 0.8379888268156426
loss = 0.126460762321949
precision = 0.8039816232771823
recall = 0.875
