f1 = 0.15079365079365079
loss = 0.5504067242145538
precision = 0.34545454545454546
recall = 0.09644670050761421
