f1 = 0.5394581861012956
loss = 0.21504247635602952
precision = 0.46830265848670755
recall = 0.6361111111111111
