f1 = 0.6100880704563652
loss = 0.3369914531707764
precision = 0.5870570107858244
recall = 0.635
