f1 = 0.2663755458515284
loss = 0.3981201708316803
precision = 0.5041322314049587
recall = 0.18100890207715134
