f1 = 0.5634824667472793
loss = 0.2393869251012802
precision = 0.4989293361884368
recall = 0.6472222222222223
