f1 = 0.9223880597014926
loss = 0.08033549934625625
precision = 0.9182763744427934
recall = 0.9265367316341829
