f1 = 0.7623318385650225
loss = 0.11400985606014728
precision = 0.7456140350877193
recall = 0.7798165137614679
