f1 = 0.8186195826645265
loss = 0.2585523217916489
precision = 0.8121019108280255
recall = 0.8252427184466019
