f1 = 0.3712121212121212
loss = 0.31237852871418
precision = 0.3402777777777778
recall = 0.4083333333333333
