f1 = 0.8049535603715171
loss = 0.20281076282262803
precision = 0.771513353115727
recall = 0.8414239482200647
