f1 = 0.37016574585635353
loss = 0.5262953341007233
precision = 0.3383838383838384
recall = 0.40853658536585363
