f1 = 0.9404849375459221
loss = 0.07155325114727021
precision = 0.9221902017291066
recall = 0.95952023988006
