f1 = 0.8485735186539869
loss = 0.0887683317065239
precision = 0.8285714285714286
recall = 0.8695652173913043
