f1 = 0.8064269319051262
loss = 0.19872549623250962
precision = 0.8325434439178515
recall = 0.7818991097922848
