f1 = 0.9175542406311638
loss = 0.09346792134616122
precision = 0.90859375
recall = 0.9266932270916335
