f1 = 0.23920265780730895
loss = 0.5835089385509491
precision = 0.34615384615384615
recall = 0.18274111675126903
