f1 = 0.5684210526315788
loss = 0.4220730662345886
precision = 0.5901639344262295
recall = 0.5482233502538071
