f1 = 0.008281573498964804
loss = 1.0191874146461486
precision = 0.007741935483870968
recall = 0.008902077151335312
