f1 = 0.7100681302043906
loss = 0.23019427955150604
precision = 0.6671408250355618
recall = 0.7588996763754046
