f1 = 0.07078417765440667
loss = 0.7999017357826232
precision = 0.06589147286821706
recall = 0.07646176911544228
