f1 = 0.583554376657825
loss = 0.38934797048568726
precision = 0.6111111111111112
recall = 0.5583756345177665
