f1 = 0.019047619047619046
loss = 0.7588237822055817
precision = 0.15384615384615385
recall = 0.01015228426395939
