f1 = 0.04110671936758894
loss = 1.1997360229492187
precision = 0.039097744360902256
recall = 0.043333333333333335
