f1 = 0.14896551724137932
loss = 1.0564633846282958
precision = 0.5046728971962616
recall = 0.08737864077669903
