f1 = 0.7813953488372094
loss = 0.08438021615147591
precision = 0.7924528301886793
recall = 0.7706422018348624
