f1 = 0.8276856524873829
loss = 0.11610700190067291
precision = 0.7663551401869159
recall = 0.8996865203761756
