f1 = 0.7048387096774195
loss = 0.2170985922217369
precision = 0.6828125
recall = 0.7283333333333334
