f1 = 0.1647940074906367
loss = 0.7800130009651184
precision = 0.15781922525107603
recall = 0.1724137931034483
