f1 = 0.5281899109792284
loss = 0.5451724529266357
precision = 0.6357142857142857
recall = 0.4517766497461929
