f1 = 0.36402266288951846
loss = 0.2784960001707077
precision = 0.34823848238482386
recall = 0.38130563798219586
