f1 = 0.0558139534883721
loss = 0.5998559594154358
precision = 0.05150214592274678
recall = 0.06091370558375635
