f1 = 0.7804878048780487
loss = 0.20780152678489686
precision = 0.8126094570928196
recall = 0.7508090614886731
