f1 = 0.813953488372093
loss = 0.21200543642044067
precision = 0.8657243816254417
recall = 0.768025078369906
