f1 = 0.28859060402684555
loss = 0.7863014340400696
precision = 0.42574257425742573
recall = 0.2182741116751269
