f1 = 0.7669977081741788
loss = 0.18215079605579376
precision = 0.7481371087928465
recall = 0.786833855799373
