f1 = 0.5111876075731497
loss = 0.27741807103157046
precision = 0.6
recall = 0.4452773613193403
