f1 = 0.870436649964209
loss = 0.20134431272745132
precision = 0.8409405255878285
recall = 0.9020771513353115
