f1 = 0.7813333333333332
loss = 0.20996462255716325
precision = 0.7512820512820513
recall = 0.8138888888888889
