f1 = 0.5417607223476298
loss = 0.7178291261196137
precision = 0.8391608391608392
recall = 0.4
