f1 = 0.8562248995983935
loss = 0.1914875775575638
precision = 0.8500797448165869
recall = 0.8624595469255664
