f1 = 0.7983310152990264
loss = 0.13922081589698793
precision = 0.7444876783398184
recall = 0.8605697151424287
