f1 = 0.8208469055374592
loss = 0.13388866782188416
precision = 0.802547770700637
recall = 0.84
