f1 = 0.544041450777202
loss = 0.5742285847663879
precision = 0.5555555555555556
recall = 0.5329949238578681
