f1 = 0.7989203778677463
loss = 0.17441902980208396
precision = 0.7769028871391076
recall = 0.8222222222222222
