f1 = 0.7904761904761906
loss = 0.10684061348438263
precision = 0.8217821782178217
recall = 0.7614678899082569
