f1 = 0.5572916666666667
loss = 0.4553581774234772
precision = 0.5721925133689839
recall = 0.5431472081218274
