f1 = 0.4301230992034757
loss = 0.24714924693107604
precision = 0.3997308209959623
recall = 0.46551724137931033
