f1 = 0.5326530612244899
loss = 0.40981451272964475
precision = 0.8529411764705882
recall = 0.38724035608308605
