f1 = 0.8687012065294535
loss = 0.15651119574904443
precision = 0.8326530612244898
recall = 0.9080118694362018
