f1 = 0.8525121555915722
loss = 0.1609891638159752
precision = 0.8538961038961039
recall = 0.8511326860841424
