f1 = 0.6687697160883281
loss = 0.29384733736515045
precision = 0.6127167630057804
recall = 0.7361111111111112
