f1 = 0.9153069153069152
loss = 0.08484654575586319
precision = 0.9075500770416025
recall = 0.9231974921630094
