f1 = 0.17435897435897435
loss = 0.6112317323684693
precision = 0.16368638239339753
recall = 0.1865203761755486
