f1 = 0.7663551401869159
loss = 0.2668293684720993
precision = 0.7387387387387387
recall = 0.7961165048543689
