f1 = 0.0477863668306395
loss = 0.880795955657959
precision = 0.04539385847797063
recall = 0.050445103857566766
