f1 = 0.6704707560627674
loss = 0.16417313516139984
precision = 0.6394557823129252
recall = 0.704647676161919
