f1 = 0.44555694618272834
loss = 0.31400430798530576
precision = 0.4054669703872437
recall = 0.49444444444444446
