f1 = 0.6024096385542168
loss = 0.4704389087855816
precision = 0.691699604743083
recall = 0.5335365853658537
