f1 = 0.6995515695067265
loss = 0.10696292668581009
precision = 0.6842105263157895
recall = 0.7155963302752294
