f1 = 0.03788476716653511
loss = 1.0481099486351013
precision = 0.035982008995502246
recall = 0.04
