f1 = 0.6934201704817545
loss = 0.1956100299516145
precision = 0.6677734735288692
recall = 0.7211155378486056
