f1 = 0.32124352331606215
loss = 0.6487921625375748
precision = 0.6326530612244898
recall = 0.2152777777777778
