f1 = 0.07146930241398973
loss = 1.6585714489805932
precision = 0.7800829875518672
recall = 0.03745019920318725
