f1 = 0.7648624667258207
loss = 0.2616300404071808
precision = 0.8813905930470347
recall = 0.6755485893416928
