f1 = 0.21472814865794906
loss = 0.6252881407737731
precision = 0.20025673940949937
recall = 0.2314540059347181
