f1 = 0.8937605396290051
loss = 0.10623986274003983
precision = 0.9044368600682594
recall = 0.8833333333333333
