f1 = 0.005517241379310346
loss = 1.0547403573989869
precision = 0.005154639175257732
recall = 0.005934718100890208
