f1 = 0.4988713318284424
loss = 0.6293583869934082
precision = 0.7727272727272727
recall = 0.36833333333333335
