f1 = 0.8704819277108433
loss = 0.14003895670175553
precision = 0.8376811594202899
recall = 0.9059561128526645
