f1 = 0.025641025641025644
loss = 0.2626335024833679
precision = 0.024
recall = 0.027522935779816515
