f1 = 0.7692307692307692
loss = 0.08919521868228912
precision = 0.72
recall = 0.8256880733944955
