f1 = 0.17972350230414744
loss = 0.8206353485584259
precision = 0.527027027027027
recall = 0.10833333333333334
