f1 = 0.9122231337161607
loss = 0.09471557289361954
precision = 0.8982229402261712
recall = 0.9266666666666666
