f1 = 0.04040404040404041
loss = 0.758214920759201
precision = 0.04020100502512563
recall = 0.04060913705583756
