f1 = 0.350253807106599
loss = 0.6333029866218567
precision = 0.350253807106599
recall = 0.350253807106599
