f1 = 0.6972030016567585
loss = 0.189027412118865
precision = 0.6825033390574318
recall = 0.7125498007968127
