f1 = 0.7323529411764705
loss = 0.28019726276397705
precision = 0.7073863636363636
recall = 0.7591463414634146
