f1 = 0.6746626686656672
loss = 0.2590578258037567
precision = 0.7328990228013029
recall = 0.625
