f1 = 0.7973748974569319
loss = 0.2884285241365433
precision = 0.7851373182552503
recall = 0.81
