f1 = 0.23687752355316286
loss = 0.8838587641716004
precision = 0.8380952380952381
recall = 0.13793103448275862
