f1 = 0.7449933244325767
loss = 0.21401549577713014
precision = 0.7172236503856041
recall = 0.775
