f1 = 0.14719626168224298
loss = 0.5553376257419587
precision = 0.34615384615384615
recall = 0.09347181008902077
