f1 = 0.773936170212766
loss = 0.1950210690498352
precision = 0.7423469387755102
recall = 0.8083333333333333
