f1 = 0.8144654088050315
loss = 0.25592550337314607
precision = 0.7920489296636085
recall = 0.8381877022653722
