f1 = 0.5813953488372092
loss = 0.3989831358194351
precision = 0.6802721088435374
recall = 0.5076142131979695
