f1 = 0.8028731045490822
loss = 0.23466336131095886
precision = 0.7921259842519685
recall = 0.813915857605178
