f1 = 0.13100436681222707
loss = 1.0075452029705048
precision = 0.46875
recall = 0.07614213197969544
