f1 = 0.8602999210734017
loss = 0.16886687725782396
precision = 0.8397534668721109
recall = 0.8818770226537217
