f1 = 0.8184281842818428
loss = 0.1834331914782524
precision = 0.798941798941799
recall = 0.8388888888888889
