f1 = 0.8762446657183499
loss = 0.15149483382701873
precision = 0.8415300546448088
recall = 0.913946587537092
