f1 = 0.6907378335949763
loss = 0.21967553906142712
precision = 0.6303724928366762
recall = 0.7638888888888888
