f1 = 0.8257638315441784
loss = 0.17001717984676362
precision = 0.8183306055646481
recall = 0.8333333333333334
