f1 = 0.5580693815987933
loss = 0.21775673180818558
precision = 0.5377906976744186
recall = 0.5799373040752351
