f1 = 0.6687402799377916
loss = 0.30964869633316994
precision = 0.6056338028169014
recall = 0.7465277777777778
