f1 = 0.07212205270457697
loss = 0.42805940508842466
precision = 0.5531914893617021
recall = 0.03857566765578635
