f1 = 0.8870512695787528
loss = 0.099740787804145
precision = 0.8668948469290739
recall = 0.9081673306772908
