f1 = 0.8168801808590807
loss = 0.17704416662454606
precision = 0.8300153139356815
recall = 0.8041543026706232
