f1 = 0.03286978508217446
loss = 0.9137551069259644
precision = 0.030162412993039442
recall = 0.03611111111111111
