f1 = 0.6554464703132304
loss = 0.20479967167564467
precision = 0.6176211453744493
recall = 0.6982071713147411
