f1 = 0.7200647249190938
loss = 0.3570596635341644
precision = 0.699685534591195
recall = 0.7416666666666667
