f1 = 0.5845213849287169
loss = 0.4144335210323334
precision = 0.7884615384615384
recall = 0.46440129449838186
