f1 = 0.18243243243243243
loss = 0.47551725804805756
precision = 0.20454545454545456
recall = 0.16463414634146342
