f1 = 0.7130153597413096
loss = 0.1866294875741005
precision = 0.6923076923076923
recall = 0.735
