f1 = 0.0425531914893617
loss = 0.8307119011878967
precision = 0.03982300884955752
recall = 0.04568527918781726
