f1 = 0.8813559322033899
loss = 0.10178869664669037
precision = 0.9064976228209192
recall = 0.8575712143928036
