f1 = 0.7572093023255814
loss = 0.287044495344162
precision = 0.8568421052631578
recall = 0.6783333333333333
