f1 = 0.15680473372781067
loss = 0.6159560084342957
precision = 0.1484593837535014
recall = 0.16614420062695925
