f1 = 0.9294117647058824
loss = 0.09009668380022048
precision = 0.911976911976912
recall = 0.9475262368815592
