f1 = 0.6940639269406393
loss = 0.09516140073537827
precision = 0.6909090909090909
recall = 0.6972477064220184
