f1 = 0.9127413127413129
loss = 0.07785651162266731
precision = 0.8995433789954338
recall = 0.9263322884012539
