f1 = 0.6525781910397295
loss = 0.3334535241127014
precision = 0.7583497053045186
recall = 0.5727002967359051
