f1 = 0.7606461086637298
loss = 0.29825911670923233
precision = 0.7337110481586402
recall = 0.7896341463414634
