f1 = 0.5595854922279793
loss = 0.4414203017950058
precision = 0.5714285714285714
recall = 0.5482233502538071
