f1 = 0.821529745042493
loss = 0.24899759143590927
precision = 0.7859078590785907
recall = 0.8605341246290801
