f1 = 0.7301136363636362
loss = 0.2793041914701462
precision = 0.6835106382978723
recall = 0.7835365853658537
