f1 = 0.05067300079176564
loss = 1.1399932384490967
precision = 0.048265460030165915
recall = 0.05333333333333334
