f1 = 0.7407407407407407
loss = 0.10179896578192711
precision = 0.7476635514018691
recall = 0.7339449541284404
