f1 = 0.7264573991031391
loss = 0.10860752835869789
precision = 0.7105263157894737
recall = 0.7431192660550459
