f1 = 0.7314949201741655
loss = 0.34294820576906204
precision = 0.6980609418282548
recall = 0.7682926829268293
