f1 = 0.5800316957210776
loss = 0.3603666752576828
precision = 0.552870090634441
recall = 0.61
