f1 = 0.012422360248447204
loss = 0.8697270452976227
precision = 0.011235955056179775
recall = 0.013888888888888888
