f1 = 0.5689149560117301
loss = 0.48487500846385956
precision = 0.6736111111111112
recall = 0.49238578680203043
