f1 = 0.23502304147465436
loss = 0.828136819601059
precision = 0.6891891891891891
recall = 0.14166666666666666
