f1 = 0.8
loss = 0.1977312371134758
precision = 0.8680555555555556
recall = 0.7418397626112759
