f1 = 0.7148488830486204
loss = 0.24159422218799592
precision = 0.6783042394014963
recall = 0.7555555555555555
