f1 = 0.902277736958119
loss = 0.11299991458654404
precision = 0.8847262247838616
recall = 0.9205397301349325
