f1 = 0.8776859504132231
loss = 0.14323747679591178
precision = 0.8704918032786885
recall = 0.885
