f1 = 0.6427221172022685
loss = 0.33502664789557457
precision = 0.7053941908713693
recall = 0.5902777777777778
