f1 = 0.36647173489278756
loss = 0.5311102092266082
precision = 0.6143790849673203
recall = 0.2611111111111111
