f1 = 0.6950771491550332
loss = 0.3925083072162142
precision = 0.9020979020979021
recall = 0.5653386454183267
