f1 = 0.7036450079239303
loss = 0.23172615468502045
precision = 0.6472303206997084
recall = 0.7708333333333334
