f1 = 0.6287519747235386
loss = 0.2671506740152836
precision = 0.5768115942028985
recall = 0.6909722222222222
