f1 = 0.03338391502276176
loss = 1.0064364522695541
precision = 0.029649595687331536
recall = 0.03819444444444445
