f1 = 0.6401225114854517
loss = 0.2711384557187557
precision = 0.5726027397260274
recall = 0.7256944444444444
