f1 = 0.7746031746031746
loss = 0.2101234495639801
precision = 0.7134502923976608
recall = 0.8472222222222222
