f1 = 0.6928571428571428
loss = 0.3147787034511566
precision = 0.8565121412803532
recall = 0.5817091454272864
