f1 = 0.8895658796648895
loss = 0.10981614887714386
precision = 0.8651851851851852
recall = 0.9153605015673981
