f1 = 0.05718672039915563
loss = 1.6461475923949598
precision = 0.7801047120418848
recall = 0.029681274900398406
