f1 = 0.25
loss = 0.12893129587173463
precision = 0.22900763358778625
recall = 0.27522935779816515
