f1 = 0.7317073170731707
loss = 0.32819484174251556
precision = 0.6910569105691057
recall = 0.7774390243902439
