f1 = 0.7079964061096137
loss = 0.28627983629703524
precision = 0.8834080717488789
recall = 0.5907046476761619
