f1 = 0.558974358974359
loss = 0.4595310240983963
precision = 0.5647668393782384
recall = 0.5532994923857868
