f1 = 0.24082232011747431
loss = 0.5581619888544083
precision = 0.20865139949109415
recall = 0.2847222222222222
