f1 = 0.10339734121122598
loss = 0.6849783062934875
precision = 0.08997429305912596
recall = 0.12152777777777778
