f1 = 0.3596341652456983
loss = 0.8974955818232369
precision = 0.8106219426974144
recall = 0.23107569721115537
