f1 = 0.11450381679389314
loss = 0.653523176908493
precision = 0.23076923076923078
recall = 0.07614213197969544
