f1 = 0.656671664167916
loss = 0.2620328515768051
precision = 0.6293103448275862
recall = 0.6865203761755486
