f1 = 0.717557251908397
loss = 0.284753629565239
precision = 0.7540106951871658
recall = 0.6844660194174758
