f1 = 0.12528473804100226
loss = 0.5617464482784271
precision = 0.21153846153846154
recall = 0.0889967637540453
