f1 = 0.897119341563786
loss = 0.10239894166588784
precision = 0.8861788617886179
recall = 0.9083333333333333
