f1 = 0.8634569850039463
loss = 0.1544636070728302
precision = 0.9116666666666666
recall = 0.8200899550224887
