f1 = 0.3851699279093717
loss = 0.4209326088428497
precision = 0.6296296296296297
recall = 0.2774480712166172
