f1 = 0.02046783625730994
loss = 1.1757272720336913
precision = 0.7
recall = 0.010385756676557863
