f1 = 0.5623471882640587
loss = 0.30060064494609834
precision = 0.5502392344497608
recall = 0.575
