f1 = 0.6996805111821086
loss = 0.3202238976955414
precision = 0.6479289940828402
recall = 0.7604166666666666
