f1 = 0.7783783783783784
loss = 0.21446356028318406
precision = 0.7578947368421053
recall = 0.8
