f1 = 0.8679525222551929
loss = 0.17000913321971894
precision = 0.8679525222551929
recall = 0.8679525222551929
