f1 = 0.8738417676407698
loss = 0.20039357542991637
precision = 0.840877914951989
recall = 0.9094955489614244
