f1 = 0.7634854771784233
loss = 0.28230078518390656
precision = 0.7836456558773425
recall = 0.7443365695792881
