f1 = 0.8659966499162479
loss = 0.15488697215914726
precision = 0.8703703703703703
recall = 0.8616666666666667
