f1 = 0.88099173553719
loss = 0.1373173825442791
precision = 0.8737704918032787
recall = 0.8883333333333333
