f1 = 0.3828828828828829
loss = 0.6520531117916107
precision = 0.794392523364486
recall = 0.2522255192878338
