f1 = 0.9403095062638172
loss = 0.08480487316846848
precision = 0.9246376811594202
recall = 0.9565217391304348
