f1 = 0.12830188679245283
loss = 0.9464600443840027
precision = 0.12372634643377002
recall = 0.13322884012539185
