f1 = 0.3538998835855646
loss = 0.7600072503089905
precision = 0.6307053941908713
recall = 0.2459546925566343
