f1 = 0.7612509534706332
loss = 0.20778123736381532
precision = 0.7200577200577201
recall = 0.8074433656957929
