f1 = 0.8330494037478705
loss = 0.1515386790037155
precision = 0.9123134328358209
recall = 0.7664576802507836
