f1 = 0.7891654465592973
loss = 0.1951204314827919
precision = 0.7789017341040463
recall = 0.7997032640949555
