f1 = 0.5901639344262295
loss = 0.353406748175621
precision = 0.72
recall = 0.5
