f1 = 0.732846715328467
loss = 0.24548359960317612
precision = 0.7030812324929971
recall = 0.7652439024390244
