f1 = 0.7154213036565978
loss = 0.24707632139325142
precision = 0.6598240469208211
recall = 0.78125
