f1 = 0.9145496535796767
loss = 0.089236681163311
precision = 0.8986384266263238
recall = 0.9310344827586207
