f1 = 0.39077340569877883
loss = 0.4536322355270386
precision = 0.35207823960880197
recall = 0.43902439024390244
