f1 = 0.15055350553505537
loss = 0.3802831947803497
precision = 0.14225941422594143
recall = 0.15987460815047022
