f1 = 0.82909604519774
loss = 0.23307474702596664
precision = 0.7911051212938005
recall = 0.870919881305638
