f1 = 0.8151585460170148
loss = 0.16805226653814315
precision = 0.7807407407407407
recall = 0.8527508090614887
