f1 = 0.601113172541744
loss = 0.4099681556224823
precision = 0.801980198019802
recall = 0.4807121661721068
