f1 = 0.9242089771891097
loss = 0.10095918104052544
precision = 0.9075144508670521
recall = 0.9415292353823088
