f1 = 0.45871559633027525
loss = 0.0978369690477848
precision = 0.45871559633027525
recall = 0.45871559633027525
