f1 = 0.7821782178217821
loss = 0.23180914670228958
precision = 0.7452830188679245
recall = 0.8229166666666666
