f1 = 0.7857142857142858
loss = 0.09877812266349792
precision = 0.7652173913043478
recall = 0.8073394495412844
