f1 = 0.07826086956521737
loss = 1.206912875175476
precision = 0.2727272727272727
recall = 0.04568527918781726
