f1 = 0.5333333333333333
loss = 0.11590708419680595
precision = 0.5172413793103449
recall = 0.5504587155963303
