f1 = 0.8092643051771116
loss = 0.17652187645435333
precision = 0.7941176470588235
recall = 0.825
