f1 = 0.023926812104152005
loss = 1.1040571928024292
precision = 0.022546419098143235
recall = 0.025487256371814093
