f1 = 0.13636363636363638
loss = 0.39827805757522583
precision = 0.128099173553719
recall = 0.14576802507836992
