f1 = 0.009708737864077669
loss = 1.1498248875141144
precision = 0.1111111111111111
recall = 0.005076142131979695
