f1 = 0.5437262357414449
loss = 0.24288762211799622
precision = 0.4745575221238938
recall = 0.6364985163204748
