f1 = 0.7862796833773087
loss = 0.18925455063581467
precision = 0.7487437185929648
recall = 0.8277777777777777
