f1 = 0.608
loss = 0.42204906046390533
precision = 0.6404494382022472
recall = 0.5786802030456852
