f1 = 0.7122861586314153
loss = 0.19602268934249878
precision = 0.6450704225352113
recall = 0.7951388888888888
