f1 = 0.008185538881309688
loss = 1.1035077720880508
precision = 0.007407407407407408
recall = 0.009146341463414634
