f1 = 0.2831858407079646
loss = 0.14286836832761765
precision = 0.27350427350427353
recall = 0.29357798165137616
