f1 = 0.033359809372517875
loss = 1.1795336723327636
precision = 0.03186646433990895
recall = 0.035
