f1 = 0.6521181001283698
loss = 0.19264546632766724
precision = 0.6062052505966588
recall = 0.7055555555555556
