f1 = 0.30598669623059865
loss = 0.41200868785381317
precision = 0.2749003984063745
recall = 0.345
