f1 = 0.825
loss = 0.2466520592570305
precision = 0.797583081570997
recall = 0.8543689320388349
