f1 = 0.7435897435897436
loss = 0.26867979019880295
precision = 0.6904761904761905
recall = 0.8055555555555556
