f1 = 0.7974379503602882
loss = 0.17937761545181274
precision = 0.8556701030927835
recall = 0.7466266866566716
