f1 = 0.642857142857143
loss = 0.11879872754216195
precision = 0.6260869565217392
recall = 0.6605504587155964
