f1 = 0.6264626462646264
loss = 0.4396864891052246
precision = 0.7963386727688787
recall = 0.516320474777448
