f1 = 0.7993850883935435
loss = 0.18678125888109207
precision = 0.7613469985358712
recall = 0.8414239482200647
