f1 = 0.7961934972244251
loss = 0.20841071605682374
precision = 0.8551959114139693
recall = 0.744807121661721
