f1 = 0.7002652519893899
loss = 0.20651583075523378
precision = 0.6700507614213198
recall = 0.7333333333333333
