f1 = 0.9072315558802045
loss = 0.09057829305529594
precision = 0.8846153846153846
recall = 0.9310344827586207
