f1 = 0.9386548410938655
loss = 0.08234398998320103
precision = 0.9256559766763849
recall = 0.952023988005997
