f1 = 0.8228021978021978
loss = 0.19541475176811218
precision = 0.7659846547314578
recall = 0.8887240356083086
