f1 = 0.15552523874488405
loss = 1.0321746706962585
precision = 0.4956521739130435
recall = 0.09223300970873786
