f1 = 0.8969497114591921
loss = 0.09406763054430485
precision = 0.8874388254486134
recall = 0.9066666666666666
