f1 = 0.6179604261796043
loss = 0.2682340368628502
precision = 0.5501355013550135
recall = 0.7048611111111112
