f1 = 0.8081632653061225
loss = 0.17090697288513185
precision = 0.792
recall = 0.825
