f1 = 0.6952380952380952
loss = 0.24911612272262573
precision = 0.6403508771929824
recall = 0.7604166666666666
