f1 = 0.9152542372881356
loss = 0.09882496446371078
precision = 0.9
recall = 0.9310344827586207
