f1 = 0.1640625
loss = 1.0221149623394012
precision = 0.3559322033898305
recall = 0.1065989847715736
