f1 = 0.5894403575751933
loss = 0.26209770785827263
precision = 0.5534184297954188
recall = 0.6304780876494024
