f1 = 0.7777777777777778
loss = 0.09233991503715515
precision = 0.7850467289719626
recall = 0.7706422018348624
