f1 = 0.9355089355089355
loss = 0.06731579229235649
precision = 0.9275808936825886
recall = 0.9435736677115988
