f1 = 0.9105960264900662
loss = 0.09458570051938295
precision = 0.9046052631578947
recall = 0.9166666666666666
