f1 = 0.6090909090909092
loss = 0.2511847406625748
precision = 0.5726495726495726
recall = 0.6504854368932039
