f1 = 0.23703703703703705
loss = 0.19041737765073777
precision = 0.6153846153846154
recall = 0.14678899082568808
