f1 = 0.7476635514018691
loss = 0.08189310729503632
precision = 0.7619047619047619
recall = 0.7339449541284404
