f1 = 0.7381132075471697
loss = 0.17349379062652587
precision = 0.7117903930131004
recall = 0.7664576802507836
