f1 = 0.8597997138769671
loss = 0.1910205066204071
precision = 0.830110497237569
recall = 0.8916913946587537
