f1 = 0.6728395061728395
loss = 0.2906409427523613
precision = 0.6055555555555555
recall = 0.7569444444444444
