f1 = 0.6491935483870968
loss = 0.3818008542060852
precision = 0.8214285714285714
recall = 0.5366666666666666
