f1 = 0.2611683848797251
loss = 0.41488697826862336
precision = 0.24327784891165172
recall = 0.2818991097922849
