f1 = 0.050520059435364036
loss = 0.7221565544605255
precision = 0.04415584415584416
recall = 0.059027777777777776
