f1 = 0.8184397163120567
loss = 0.11409433037042618
precision = 0.7765814266487214
recall = 0.8650674662668666
