f1 = 0.7215189873417721
loss = 0.24644602090120316
precision = 0.6627906976744186
recall = 0.7916666666666666
