f1 = 0.06060606060606061
loss = 0.9143061488866806
precision = 0.053763440860215055
recall = 0.06944444444444445
