f1 = 0.6065359477124183
loss = 0.2725747138261795
precision = 0.5728395061728395
recall = 0.6444444444444445
