f1 = 0.7006369426751593
loss = 0.22352023795247078
precision = 0.6470588235294118
recall = 0.7638888888888888
