f1 = 0.5476369092273068
loss = 0.22532759010791778
precision = 0.5251798561151079
recall = 0.5721003134796239
