f1 = 0.6086956521739131
loss = 0.4932585507631302
precision = 0.6549707602339181
recall = 0.5685279187817259
