f1 = 0.572972972972973
loss = 0.4208315312862396
precision = 0.6127167630057804
recall = 0.5380710659898477
