f1 = 0.89358372456964
loss = 0.10362509936094284
precision = 0.8921875
recall = 0.8949843260188087
