f1 = 0.45478036175710596
loss = 0.5441666692495346
precision = 0.4631578947368421
recall = 0.4467005076142132
