f1 = 0.18105263157894735
loss = 0.5792494356632233
precision = 0.15985130111524162
recall = 0.2087378640776699
