f1 = 0.20418848167539266
loss = 0.4311981275677681
precision = 0.4148936170212766
recall = 0.13541666666666666
