f1 = 0.5889741800418702
loss = 0.3294444739818573
precision = 0.5559947299077734
recall = 0.6261127596439169
