f1 = 0.8199672667757774
loss = 0.2000284679234028
precision = 0.8054662379421221
recall = 0.835
