f1 = 0.15827338129496404
loss = 0.4147021472454071
precision = 0.22448979591836735
recall = 0.12222222222222222
