f1 = 0.5114638447971782
loss = 0.4798246681690216
precision = 0.7004830917874396
recall = 0.4027777777777778
