f1 = 0.7293354943273905
loss = 0.2812325172126293
precision = 0.6838905775075987
recall = 0.78125
