f1 = 0.761970853573907
loss = 0.18228013515472413
precision = 0.7093023255813954
recall = 0.823088455772114
