f1 = 0.8668555240793202
loss = 0.1624154657125473
precision = 0.8292682926829268
recall = 0.9080118694362018
