f1 = 0.6976744186046512
loss = 0.1959447219967842
precision = 0.7305194805194806
recall = 0.6676557863501483
