f1 = 0.8342764753435732
loss = 0.18135045915842057
precision = 0.9052631578947369
recall = 0.7736131934032984
