f1 = 0.7813953488372094
loss = 0.0836736686527729
precision = 0.7924528301886793
recall = 0.7706422018348624
