f1 = 0.8776249094858798
loss = 0.15957109183073043
precision = 0.8571428571428571
recall = 0.8991097922848664
