f1 = 0.0029585798816568047
loss = 1.2240172743797302
precision = 0.5
recall = 0.001483679525222552
