f1 = 0.6264501160092807
loss = 0.3531940907239914
precision = 0.6
recall = 0.6553398058252428
