f1 = 0.5491419656786272
loss = 0.2904341034591198
precision = 0.4985835694050991
recall = 0.6111111111111112
