f1 = 0.7962962962962964
loss = 0.09930235706269741
precision = 0.8037383177570093
recall = 0.7889908256880734
