f1 = 0.6022099447513812
loss = 0.4080750048160553
precision = 0.6606060606060606
recall = 0.5532994923857868
