f1 = 0.7767145135566188
loss = 0.24466494098305702
precision = 0.7446483180428135
recall = 0.8116666666666666
