f1 = 0.10556348074179744
loss = 0.7172258347272873
precision = 0.08958837772397095
recall = 0.1284722222222222
