f1 = 0.8618001417434443
loss = 0.20432266294956208
precision = 0.824966078697422
recall = 0.9020771513353115
