f1 = 0.7430093209054593
loss = 0.19650627225637435
precision = 0.7135549872122762
recall = 0.775
