f1 = 0.5926946933149553
loss = 0.29977317452430724
precision = 0.5534105534105535
recall = 0.6379821958456974
