f1 = 0.026568265682656828
loss = 1.2337894916534424
precision = 0.024423337856173677
recall = 0.02912621359223301
