f1 = 0.15384615384615385
loss = 0.23296301811933517
precision = 0.47619047619047616
recall = 0.09174311926605505
