f1 = 0.8685145700071073
loss = 0.1637694776058197
precision = 0.8335607094133697
recall = 0.9065281899109793
