f1 = 0.5504720406681191
loss = 0.28993324339389803
precision = 0.5391180654338549
recall = 0.5623145400593472
