f1 = 0.8868501529051988
loss = 0.12627840787172318
precision = 0.8656716417910447
recall = 0.9090909090909091
