f1 = 0.13973799126637557
loss = 0.6175297796726227
precision = 0.12030075187969924
recall = 0.16666666666666666
