f1 = 0.09691629955947136
loss = 1.14711092710495
precision = 0.7674418604651163
recall = 0.05172413793103448
