f1 = 0.6729222520107239
loss = 0.1956368178129196
precision = 0.5878220140515222
recall = 0.786833855799373
