f1 = 0.3529411764705882
loss = 0.5316028535366059
precision = 0.3305084745762712
recall = 0.3786407766990291
