f1 = 0.5653710247349824
loss = 0.25542585253715516
precision = 0.5148005148005148
recall = 0.6269592476489029
