f1 = 0.7209515096065874
loss = 0.25297845900058746
precision = 0.8294736842105264
recall = 0.6375404530744336
