f1 = 0.1312741312741313
loss = 0.6248964369297028
precision = 0.27419354838709675
recall = 0.08629441624365482
