f1 = 0.22164276401564537
loss = 0.9518838703632355
precision = 0.9139784946236559
recall = 0.1261127596439169
