f1 = 0.11504424778761062
loss = 0.17660560160875322
precision = 0.1111111111111111
recall = 0.11926605504587157
