f1 = 0.6314152410575428
loss = 0.31612750589847566
precision = 0.6633986928104575
recall = 0.6023738872403561
