f1 = 0.47488702388637827
loss = 0.30296462628186915
precision = 0.6748623853211009
recall = 0.36633466135458165
