f1 = 0.8056648308418568
loss = 0.21800268739461898
precision = 0.7840735068912711
recall = 0.8284789644012945
