f1 = 0.7064220183486238
loss = 0.09783805757761002
precision = 0.7064220183486238
recall = 0.7064220183486238
