f1 = 0.8278745644599302
loss = 0.20297908782958984
precision = 0.7805519053876478
recall = 0.8813056379821959
