f1 = 0.1343101343101343
loss = 0.5541212141513825
precision = 0.11982570806100218
recall = 0.1527777777777778
