f1 = 0.08921239268383725
loss = 1.3849997134769665
precision = 0.7071005917159763
recall = 0.04760956175298805
