f1 = 0.7532846715328467
loss = 0.2582840919494629
precision = 0.7226890756302521
recall = 0.7865853658536586
