f1 = 0.4711538461538462
loss = 0.37680271863937376
precision = 0.6693989071038251
recall = 0.36350148367952523
