f1 = 0.34897713598074603
loss = 0.3700782090425491
precision = 0.3078556263269639
recall = 0.4027777777777778
