f1 = 0.9353846153846154
loss = 0.05785742588341236
precision = 0.918429003021148
recall = 0.9529780564263323
