f1 = 0.8647845468053491
loss = 0.18142975568771363
precision = 0.8660714285714286
recall = 0.8635014836795252
