f1 = 0.01098146877144818
loss = 1.203129231929779
precision = 0.010217113665389528
recall = 0.011869436201780416
