f1 = 0.8945827232796486
loss = 0.09022124111652374
precision = 0.8741058655221745
recall = 0.9160419790104948
