f1 = 0.03603603603603604
loss = 0.2844835102558136
precision = 0.035398230088495575
recall = 0.03669724770642202
