f1 = 0.8543371522094927
loss = 0.18538529574871063
precision = 0.8938356164383562
recall = 0.8181818181818182
