f1 = 0.7326203208556149
loss = 0.25002197325229647
precision = 0.7061855670103093
recall = 0.7611111111111111
