f1 = 0.8232445520581113
loss = 0.24195808470249175
precision = 0.821256038647343
recall = 0.8252427184466019
