f1 = 0.7802690582959642
loss = 0.07849609106779099
precision = 0.7631578947368421
recall = 0.7981651376146789
