f1 = 0.7035175879396985
loss = 0.09613566175103187
precision = 0.7777777777777778
recall = 0.6422018348623854
