f1 = 0.866877971473851
loss = 0.17363831624388695
precision = 0.8493788819875776
recall = 0.8851132686084142
