f1 = 0.005853658536585366
loss = 0.9052354821971819
precision = 0.14285714285714285
recall = 0.00298804780876494
