f1 = 0.0031752331811867435
loss = 1.3104233753447438
precision = 0.42105263157894735
recall = 0.0015936254980079682
