f1 = 0.10486891385767792
loss = 0.5870230197906494
precision = 0.2
recall = 0.07106598984771574
