f1 = 0.6783114992721979
loss = 0.2693621128797531
precision = 0.7125382262996942
recall = 0.6472222222222223
