f1 = 0.7105199516324062
loss = 0.4152369325359662
precision = 0.904
recall = 0.5852589641434263
