f1 = 0.19948849104859334
loss = 0.863214659690857
precision = 0.7222222222222222
recall = 0.11572700296735905
