f1 = 0.08961911874533234
loss = 0.9068854570388794
precision = 0.08321775312066575
recall = 0.0970873786407767
