f1 = 0.18834688346883469
loss = 0.4840638875961304
precision = 0.17181705809641531
recall = 0.20839580209895053
