f1 = 0.873758865248227
loss = 0.19330322742462158
precision = 0.8369565217391305
recall = 0.913946587537092
