f1 = 0.7004341534008683
loss = 0.35189951211214066
precision = 0.6666666666666666
recall = 0.7378048780487805
