f1 = 0.7241139680333566
loss = 0.210673551261425
precision = 0.681045751633987
recall = 0.7729970326409495
