f1 = 0.4777070063694267
loss = 0.6391444206237793
precision = 0.6410256410256411
recall = 0.38071065989847713
