f1 = 0.8595505617977529
loss = 0.18403961211442948
precision = 0.816
recall = 0.9080118694362018
