f1 = 0.9140684410646388
loss = 0.08069200292229653
precision = 0.8877400295420975
recall = 0.9420062695924765
