f1 = 0.6806833114323259
loss = 0.235044401884079
precision = 0.6458852867830424
recall = 0.7194444444444444
