f1 = 0.03890489913544669
loss = 1.0147141814231873
precision = 0.03744798890429958
recall = 0.04047976011994003
