f1 = 0.41883345045678144
loss = 0.28764464557170866
precision = 0.3978638184245661
recall = 0.4421364985163205
