f1 = 0.14216867469879518
loss = 0.6042026460170746
precision = 0.125531914893617
recall = 0.1638888888888889
