f1 = 0.14109090909090907
loss = 0.3676199734210968
precision = 0.13161465400271372
recall = 0.15203761755485892
