f1 = 0.6194225721784777
loss = 0.49284519255161285
precision = 0.6413043478260869
recall = 0.5989847715736041
