f1 = 0.05840568271507498
loss = 0.9281970620155334
precision = 0.05547226386806597
recall = 0.06166666666666667
