f1 = 0.17869415807560138
loss = 0.7680162191390991
precision = 0.2765957446808511
recall = 0.1319796954314721
