f1 = 0.7452471482889734
loss = 0.1455769270658493
precision = 0.723781388478582
recall = 0.768025078369906
