f1 = 0.08327246165084001
loss = 0.8333754420280457
precision = 0.07797537619699042
recall = 0.08934169278996865
