f1 = 0.9031318281136198
loss = 0.10209061205387115
precision = 0.8781869688385269
recall = 0.9295352323838081
