f1 = 0.915644171779141
loss = 0.08245511949062348
precision = 0.8963963963963963
recall = 0.9357366771159875
