f1 = 0.293859649122807
loss = 0.4024367332458496
precision = 0.39880952380952384
recall = 0.2326388888888889
