f1 = 0.8195386702849389
loss = 0.18921718150377273
precision = 0.8010610079575596
recall = 0.8388888888888889
