f1 = 0.07017543859649122
loss = 0.33243336975574495
precision = 0.8
recall = 0.03669724770642202
