f1 = 0.8525647288715194
loss = 0.14359915800228276
precision = 0.8366251198465964
recall = 0.8691235059760957
