f1 = 0.6905829596412555
loss = 0.11660270318388939
precision = 0.6754385964912281
recall = 0.7064220183486238
