f1 = 0.7222222222222223
loss = 0.07705675214529037
precision = 0.7289719626168224
recall = 0.7155963302752294
