f1 = 0.2761265580057526
loss = 0.5578099846839905
precision = 0.32505643340857787
recall = 0.24
