f1 = 0.4938650306748466
loss = 0.3710349425673485
precision = 0.4423076923076923
recall = 0.5590277777777778
