f1 = 0.15865384615384615
loss = 0.6336300373077393
precision = 0.1506849315068493
recall = 0.16751269035532995
