f1 = 0.45114942528735635
loss = 0.32087920010089876
precision = 0.43310344827586206
recall = 0.4707646176911544
