f1 = 0.03503184713375796
loss = 0.9968316078186035
precision = 0.03353658536585366
recall = 0.03666666666666667
