f1 = 0.8922610015174507
loss = 0.09348586946725845
precision = 0.8647058823529412
recall = 0.9216300940438872
