f1 = 0.5990243902439024
loss = 0.4518475949764252
precision = 0.8746438746438746
recall = 0.45548961424332346
