f1 = 0.8138256087981147
loss = 0.24423549324274063
precision = 0.7908396946564885
recall = 0.8381877022653722
