f1 = 0.807905138339921
loss = 0.2420668989419937
precision = 0.7897990726429676
recall = 0.8268608414239482
