f1 = 0.026515890037044257
loss = 1.7776085150008107
precision = 0.6238532110091743
recall = 0.013545816733067729
