f1 = 0.8333333333333334
loss = 0.1398011788725853
precision = 0.783289817232376
recall = 0.8902077151335311
