f1 = 0.633245382585752
loss = 0.4435390532016754
precision = 0.6593406593406593
recall = 0.6091370558375635
