f1 = 0.5650969529085872
loss = 0.45123063027858734
precision = 0.6219512195121951
recall = 0.5177664974619289
