f1 = 0.8206521739130435
loss = 0.17738432586193084
precision = 0.8031914893617021
recall = 0.8388888888888889
