f1 = 0.8671820098383696
loss = 0.16987558156251908
precision = 0.8237650200267023
recall = 0.9154302670623146
