f1 = 0.3734015345268542
loss = 0.5674412399530411
precision = 0.37628865979381443
recall = 0.37055837563451777
