f1 = 0.4396135265700483
loss = 0.5726643279194832
precision = 0.7222222222222222
recall = 0.3159722222222222
