f1 = 0.029978586723768734
loss = 0.8169415950775146
precision = 0.02861035422343324
recall = 0.031484257871064465
