f1 = 0.49343832020997375
loss = 0.5145899057388306
precision = 0.5108695652173914
recall = 0.47715736040609136
