f1 = 0.03675344563552833
loss = 0.9956837743520737
precision = 0.03287671232876712
recall = 0.041666666666666664
