f1 = 0.6193952033368092
loss = 0.4446927487850189
precision = 0.8272980501392758
recall = 0.495
