f1 = 0.5714285714285714
loss = 0.3948735445737839
precision = 0.6434782608695652
recall = 0.5138888888888888
