f1 = 0.6373983739837398
loss = 0.3211855411529541
precision = 0.7050359712230215
recall = 0.5816023738872403
