f1 = 0.8604483007953724
loss = 0.14454483687877656
precision = 0.8310055865921788
recall = 0.8920539730134932
