f1 = 0.20134228187919465
loss = 0.8508276343345642
precision = 0.297029702970297
recall = 0.15228426395939088
