f1 = 0.8747967479674797
loss = 0.11401242129504681
precision = 0.9087837837837838
recall = 0.8432601880877743
