f1 = 0.3117505995203837
loss = 0.7691124379634857
precision = 0.8125
recall = 0.19287833827893175
