f1 = 0.5834502103786816
loss = 0.3700924478471279
precision = 0.5402597402597402
recall = 0.6341463414634146
