f1 = 0.49084858569051576
loss = 0.32768687307834626
precision = 0.5587121212121212
recall = 0.43768545994065283
