f1 = 0.7
loss = 0.2413380265235901
precision = 0.665
recall = 0.7388888888888889
