f1 = 0.28818443804034577
loss = 0.5478909909725189
precision = 0.3333333333333333
recall = 0.25380710659898476
