f1 = 0.1648936170212766
loss = 0.6975615620613098
precision = 0.17318435754189945
recall = 0.15736040609137056
