f1 = 0.1628222523744912
loss = 1.0461459040641785
precision = 0.8571428571428571
recall = 0.08995502248875563
