f1 = 0.7168
loss = 0.2374279461801052
precision = 0.6646884272997032
recall = 0.7777777777777778
