f1 = 0.018374558303886925
loss = 0.8976531386375427
precision = 0.017379679144385027
recall = 0.019490254872563718
