f1 = 0.43986254295532645
loss = 0.6414952874183655
precision = 0.7529411764705882
recall = 0.3106796116504854
