f1 = 0.8603945371775419
loss = 0.1067533791065216
precision = 0.8338235294117647
recall = 0.8887147335423198
