f1 = 0.6122448979591837
loss = 0.43524090200662613
precision = 0.6573705179282868
recall = 0.5729166666666666
