f1 = 0.6666666666666666
loss = 0.08847910389304162
precision = 0.6548672566371682
recall = 0.6788990825688074
