f1 = 0.29955947136563876
loss = 0.12563645392656325
precision = 0.288135593220339
recall = 0.3119266055045872
