f1 = 0.9345106696100073
loss = 0.08285442180931568
precision = 0.9176300578034682
recall = 0.952023988005997
