f1 = 0.703751617076326
loss = 0.2584990054368973
precision = 0.6585956416464891
recall = 0.7555555555555555
