f1 = 0.7179141812584184
loss = 0.16981815064654632
precision = 0.694268701153703
recall = 0.7432270916334661
