f1 = 0.39821693907875183
loss = 0.41318748891353607
precision = 0.34805194805194806
recall = 0.4652777777777778
