f1 = 0.7467018469656992
loss = 0.20265059024095536
precision = 0.7110552763819096
recall = 0.7861111111111111
