f1 = 0.24226804123711343
loss = 0.7750843644142151
precision = 0.9215686274509803
recall = 0.1394658753709199
