f1 = 0.5820029027576197
loss = 0.2558565080165863
precision = 0.5639943741209564
recall = 0.6011994002998501
