f1 = 0.14869888475836432
loss = 0.5711124837398529
precision = 0.2777777777777778
recall = 0.10152284263959391
