f1 = 0.16912751677852347
loss = 0.864978963136673
precision = 0.8873239436619719
recall = 0.09347181008902077
