f1 = 0.5305039787798408
loss = 0.4914713352918625
precision = 0.5555555555555556
recall = 0.5076142131979695
