f1 = 0.40633245382585753
loss = 0.6963658928871155
precision = 0.4230769230769231
recall = 0.39086294416243655
