f1 = 0.017191977077363894
loss = 0.5974883586168289
precision = 0.14285714285714285
recall = 0.009146341463414634
