f1 = 0.6339501206757844
loss = 0.27349240630865096
precision = 0.6127527216174183
recall = 0.6566666666666666
