f1 = 0.7763055339049102
loss = 0.2563945442438126
precision = 0.7488721804511278
recall = 0.8058252427184466
