f1 = 0.8112764291307751
loss = 0.23827387690544127
precision = 0.8590381426202321
recall = 0.7685459940652819
