f1 = 0.7939972714870396
loss = 0.23320215493440627
precision = 0.7348484848484849
recall = 0.8635014836795252
