f1 = 0.6495507060333761
loss = 0.21325059682130815
precision = 0.60381861575179
recall = 0.7027777777777777
