f1 = 0.7047308319738989
loss = 0.32767801731824875
precision = 0.6646153846153846
recall = 0.75
