f1 = 0.860635696821516
loss = 0.14696129709482192
precision = 0.8964346349745331
recall = 0.8275862068965517
