f1 = 0.8523543495610535
loss = 0.21389714926481246
precision = 0.8409448818897638
recall = 0.8640776699029126
