f1 = 0.35507246376811596
loss = 0.6683459579944611
precision = 0.620253164556962
recall = 0.24873096446700507
