f1 = 0.6802507836990596
loss = 0.22594396770000458
precision = 0.62
recall = 0.7534722222222222
