f1 = 0.7712
loss = 0.22923320159316063
precision = 0.7151335311572701
recall = 0.8368055555555556
