f1 = 0.07038123167155425
loss = 0.8170794010162353
precision = 0.064343163538874
recall = 0.07766990291262135
