f1 = 0.546875
loss = 0.48143230378627777
precision = 0.5614973262032086
recall = 0.5329949238578681
