f1 = 0.8163265306122449
loss = 0.20616333186626434
precision = 0.8921933085501859
recall = 0.7523510971786834
