f1 = 0.8451704545454547
loss = 0.18612706065177917
precision = 0.8106267029972752
recall = 0.8827893175074184
