f1 = 0.9258160237388725
loss = 0.10561697334051132
precision = 0.9162995594713657
recall = 0.9355322338830585
