f1 = 0.9114658925979681
loss = 0.10446236804127693
precision = 0.8832630098452883
recall = 0.9415292353823088
