f1 = 0.7231638418079096
loss = 0.1543008029460907
precision = 0.701095461658842
recall = 0.7466666666666667
