f1 = 0.7168831168831169
loss = 0.2500298172235489
precision = 0.6731707317073171
recall = 0.7666666666666667
