f1 = 0.9071487263763353
loss = 0.09287269860506057
precision = 0.8946515397082658
recall = 0.92
