f1 = 0.9117156044387705
loss = 0.0920632279605842
precision = 0.8990896765446446
recall = 0.9247011952191235
