f1 = 0.6009389671361502
loss = 0.2609882615506649
precision = 0.5470085470085471
recall = 0.6666666666666666
