f1 = 0.07127583749109052
loss = 0.8383586645126343
precision = 0.06369426751592357
recall = 0.08090614886731391
