f1 = 0.7464114832535885
loss = 0.10763932093977928
precision = 0.78
recall = 0.7155963302752294
