f1 = 0.9042464612822648
loss = 0.09239889401942492
precision = 0.9034941763727121
recall = 0.905
