f1 = 0.8709219858156029
loss = 0.18881092667579652
precision = 0.8342391304347826
recall = 0.9109792284866469
