f1 = 0.8652694610778442
loss = 0.1235166534781456
precision = 0.828080229226361
recall = 0.9059561128526645
