f1 = 0.7287581699346405
loss = 0.2693294622004032
precision = 0.6882716049382716
recall = 0.7743055555555556
