f1 = 0.8822269807280514
loss = 0.1916307143867016
precision = 0.8500687757909215
recall = 0.9169139465875371
