f1 = 0.888521882741536
loss = 0.14710379764437675
precision = 0.8805237315875614
recall = 0.8966666666666666
