f1 = 0.5466867469879518
loss = 0.3349124133586884
precision = 0.5260869565217391
recall = 0.5689655172413793
