f1 = 0.6925465838509317
loss = 0.26199591904878616
precision = 0.6264044943820225
recall = 0.7743055555555556
