f1 = 0.026086956521739132
loss = 1.0070544332265854
precision = 0.022388059701492536
recall = 0.03125
