f1 = 0.9000825763831544
loss = 0.10599246583878993
precision = 0.8919803600654664
recall = 0.9083333333333333
