f1 = 0.5994694960212202
loss = 0.4410634934902191
precision = 0.6277777777777778
recall = 0.5736040609137056
