f1 = 0.025094102885821833
loss = 0.8214393854141235
precision = 0.02288329519450801
recall = 0.027777777777777776
