f1 = 0.8682284040995607
loss = 0.10177326276898384
precision = 0.8483547925608012
recall = 0.889055472263868
