f1 = 0.23640661938534277
loss = 1.0658835023641586
precision = 0.5263157894736842
recall = 0.1524390243902439
