f1 = 0.8748991121872478
loss = 0.17185290902853012
precision = 0.8727858293075684
recall = 0.8770226537216829
