f1 = 0.3348519362186788
loss = 0.6615653276443482
precision = 0.7205882352941176
recall = 0.21810089020771514
