f1 = 0.008995502248875563
loss = 0.8567054122686386
precision = 0.0079155672823219
recall = 0.010416666666666666
