f1 = 0.7554076539101497
loss = 0.1932152435183525
precision = 0.7252396166134185
recall = 0.7881944444444444
