f1 = 0.11636363636363636
loss = 0.5279290795326232
precision = 0.1032258064516129
recall = 0.13333333333333333
