f1 = 0.8684399712437095
loss = 0.1913863629102707
precision = 0.8423988842398884
recall = 0.8961424332344213
