f1 = 0.7342105263157894
loss = 0.22045397460460664
precision = 0.6975
recall = 0.775
