f1 = 0.24534803583735354
loss = 0.31066333651542666
precision = 0.22704081632653061
recall = 0.26686656671664166
