f1 = 0.5575048732943471
loss = 0.31676604598760605
precision = 0.6355555555555555
recall = 0.4965277777777778
