f1 = 0.05381165919282512
loss = 1.2165695428848267
precision = 0.23076923076923078
recall = 0.030456852791878174
