f1 = 0.4155844155844156
loss = 0.12396548241376877
precision = 0.39344262295081966
recall = 0.44036697247706424
