f1 = 0.8065779169929522
loss = 0.2525261789560318
precision = 0.7814871016691958
recall = 0.8333333333333334
