f1 = 0.8931185944363104
loss = 0.08485668897628784
precision = 0.8726752503576538
recall = 0.9145427286356822
