f1 = 0.8118279569892473
loss = 0.17043558061122893
precision = 0.7864583333333334
recall = 0.8388888888888889
