f1 = 0.6212121212121212
loss = 0.38016532361507416
precision = 0.6833333333333333
recall = 0.5694444444444444
