f1 = 0.10510510510510511
loss = 0.9426508545875549
precision = 0.10086455331412104
recall = 0.109717868338558
