f1 = 0.9028309104820199
loss = 0.10018744915723801
precision = 0.8819133034379671
recall = 0.9247648902821317
