f1 = 0.04113924050632912
loss = 1.256299889087677
precision = 0.0391566265060241
recall = 0.043333333333333335
