f1 = 0.9204097714736013
loss = 0.08644969761371613
precision = 0.9255150554675119
recall = 0.9153605015673981
