f1 = 0.8009592326139089
loss = 0.13454420641064643
precision = 0.7695852534562212
recall = 0.835
