f1 = 0.8233695652173912
loss = 0.1653664954006672
precision = 0.8058510638297872
recall = 0.8416666666666667
