f1 = 0.7643835616438356
loss = 0.24143655449151993
precision = 0.754054054054054
recall = 0.775
