f1 = 0.8848384424192212
loss = 0.15771344900131226
precision = 0.8797364085667215
recall = 0.89
