f1 = 0.9324522760646109
loss = 0.07656317427754403
precision = 0.9136690647482014
recall = 0.952023988005997
