f1 = 0.6810810810810811
loss = 0.09449398294091224
precision = 0.8289473684210527
recall = 0.5779816513761468
