f1 = 0.5374251497005988
loss = 0.30478661358356474
precision = 0.5
recall = 0.580906148867314
