f1 = 0.4729542302357836
loss = 0.3842371881008148
precision = 0.4440104166666667
recall = 0.5059347181008902
