f1 = 0.9304029304029304
loss = 0.08368181735277176
precision = 0.9097421203438395
recall = 0.952023988005997
