f1 = 0.7322580645161291
loss = 0.26218201592564583
precision = 0.6837349397590361
recall = 0.7881944444444444
