f1 = 0.1310615989515072
loss = 0.7450878620147705
precision = 0.11494252873563218
recall = 0.1524390243902439
