f1 = 0.5821237585943467
loss = 0.33076615631580353
precision = 0.5513748191027497
recall = 0.616504854368932
