f1 = 0.7815468113975577
loss = 0.20634258836507796
precision = 0.7639257294429708
recall = 0.8
