f1 = 0.5945945945945946
loss = 0.25095273181796074
precision = 0.5238095238095238
recall = 0.6875
