f1 = 0.8097259745272096
loss = 0.17517409065005587
precision = 0.7851796407185628
recall = 0.8358565737051793
