f1 = 0.4541484716157206
loss = 0.11429100558161735
precision = 0.43333333333333335
recall = 0.47706422018348627
