f1 = 0.5472358292512246
loss = 0.285053488612175
precision = 0.5131233595800525
recall = 0.5862068965517241
