f1 = 0.026741731175228715
loss = 0.877295708656311
precision = 0.025198938992042442
recall = 0.02848575712143928
