f1 = 0.0315638450502152
loss = 0.6096273839473725
precision = 0.13924050632911392
recall = 0.01779935275080906
