f1 = 0.07130793769938075
loss = 1.4323366097375458
precision = 0.6148867313915858
recall = 0.037848605577689244
