f1 = 0.6704707560627674
loss = 0.30297965556383133
precision = 0.6300268096514745
recall = 0.7164634146341463
