f1 = 0.9109489051094891
loss = 0.10945890694856644
precision = 0.887624466571835
recall = 0.9355322338830585
