f1 = 0.3636363636363637
loss = 0.15500583872199059
precision = 0.7647058823529411
recall = 0.23853211009174313
