f1 = 0.7297297297297297
loss = 0.10865185596048832
precision = 0.7168141592920354
recall = 0.7431192660550459
