f1 = 0.48689138576779023
loss = 0.4968661665916443
precision = 0.7471264367816092
recall = 0.3611111111111111
