f1 = 0.9203798392987582
loss = 0.10230264887213707
precision = 0.8974358974358975
recall = 0.9445277361319341
