f1 = 0.9140337986774429
loss = 0.08099939487874508
precision = 0.8962536023054755
recall = 0.9325337331334332
