f1 = 0.8496530454895914
loss = 0.11797410473227501
precision = 0.8361153262518968
recall = 0.8636363636363636
