f1 = 0.1032863849765258
loss = 1.3152073621749878
precision = 0.6875
recall = 0.05583756345177665
