f1 = 0.8351477449455676
loss = 0.181756591796875
precision = 0.8038922155688623
recall = 0.8689320388349514
