f1 = 0.0027510316368638244
loss = 1.2828354954719543
precision = 0.002564102564102564
recall = 0.002967359050445104
