f1 = 0.609625668449198
loss = 0.5222561657428741
precision = 0.6440677966101694
recall = 0.5786802030456852
