f1 = 0.5748502994011977
loss = 0.1453491412103176
precision = 0.8275862068965517
recall = 0.44036697247706424
