f1 = 0.7446457990115322
loss = 0.25234148278832436
precision = 0.7084639498432602
recall = 0.7847222222222222
