f1 = 0.6072652501713502
loss = 0.21646805107593536
precision = 0.5395858708891595
recall = 0.6943573667711599
