f1 = 0.8984310487200661
loss = 0.12815476283431054
precision = 0.8903436988543372
recall = 0.9066666666666666
