f1 = 0.7102439024390244
loss = 0.33642453253269194
precision = 0.8564705882352941
recall = 0.6066666666666667
