f1 = 0.808411214953271
loss = 0.19649266004562377
precision = 0.7792792792792793
recall = 0.8398058252427184
