f1 = 0.461111111111111
loss = 0.5052971243858337
precision = 0.50920245398773
recall = 0.4213197969543147
