f1 = 0.697196261682243
loss = 0.16796719728439463
precision = 0.6566901408450704
recall = 0.7430278884462151
