f1 = 0.014164305949008499
loss = 1.263346552848816
precision = 0.013227513227513227
recall = 0.01524390243902439
