f1 = 0.7825383993532741
loss = 0.23875376880168914
precision = 0.7598116169544741
recall = 0.8066666666666666
