f1 = 0.9090909090909091
loss = 0.08844058811664582
precision = 0.886736214605067
recall = 0.932601880877743
