f1 = 0.680573663624511
loss = 0.2630858778953552
precision = 0.6412776412776413
recall = 0.725
