f1 = 0.8874281018898932
loss = 0.09770503342151642
precision = 0.8752025931928687
recall = 0.9
