f1 = 0.5175438596491228
loss = 0.1076366811990738
precision = 0.4957983193277311
recall = 0.5412844036697247
