f1 = 0.4802631578947368
loss = 0.5048531591892242
precision = 0.6822429906542056
recall = 0.37055837563451777
