f1 = 0.7174825174825176
loss = 0.255608007311821
precision = 0.6785714285714286
recall = 0.7611275964391692
