f1 = 0.686976389946687
loss = 0.23170406222343445
precision = 0.6681481481481482
recall = 0.7068965517241379
