f1 = 0.7555555555555555
loss = 0.2842397540807724
precision = 0.7348703170028819
recall = 0.7774390243902439
