f1 = 0.6766467065868264
loss = 0.302169269323349
precision = 0.7337662337662337
recall = 0.6277777777777778
