f1 = 0.4420062695924765
loss = 0.294637318700552
precision = 0.40285714285714286
recall = 0.4895833333333333
