f1 = 0.6927083333333333
loss = 0.40313299000263214
precision = 0.7112299465240641
recall = 0.6751269035532995
