f1 = 0.8234349919743179
loss = 0.1652691826224327
precision = 0.8860103626943006
recall = 0.7691154422788605
