f1 = 0.7717041800643087
loss = 0.21070072427392006
precision = 0.718562874251497
recall = 0.8333333333333334
