f1 = 0.915680473372781
loss = 0.1087789736688137
precision = 0.9036496350364963
recall = 0.9280359820089955
