f1 = 0.5938375350140056
loss = 0.49325983226299286
precision = 0.6625
recall = 0.5380710659898477
