f1 = 0.17655786350148367
loss = 0.946923828125
precision = 0.1676056338028169
recall = 0.1865203761755486
