f1 = 0.6407185628742516
loss = 0.32116807252168655
precision = 0.6294117647058823
recall = 0.6524390243902439
