f1 = 0.15189873417721517
loss = 0.7751768231391907
precision = 0.14468085106382977
recall = 0.15987460815047022
