f1 = 0.865506329113924
loss = 0.1395958848297596
precision = 0.916247906197655
recall = 0.8200899550224887
