f1 = 0.398671096345515
loss = 0.7465919852256775
precision = 0.5769230769230769
recall = 0.30456852791878175
