f1 = 0.3152748414376321
loss = 0.4423597805640277
precision = 0.4682103610675039
recall = 0.23764940239043825
