f1 = 0.8815384615384615
loss = 0.10685647279024124
precision = 0.8655589123867069
recall = 0.8981191222570533
