f1 = 0.07575757575757576
loss = 0.6064267158508301
precision = 0.14925373134328357
recall = 0.050761421319796954
