f1 = 0.22988505747126436
loss = 0.5486520677804947
precision = 0.26490066225165565
recall = 0.20304568527918782
