f1 = 0.15789473684210528
loss = 0.6799883842468262
precision = 0.30434782608695654
recall = 0.1065989847715736
