f1 = 0.3087557603686636
loss = 0.9369049072265625
precision = 0.6320754716981132
recall = 0.20426829268292682
