f1 = 0.7143890093998554
loss = 0.19566699117422104
precision = 0.6899441340782123
recall = 0.7406296851574213
