f1 = 0.8774193548387098
loss = 0.1642387717962265
precision = 0.8745980707395499
recall = 0.8802588996763754
