f1 = 0.41566265060240964
loss = 0.6780994236469269
precision = 0.5111111111111111
recall = 0.350253807106599
