f1 = 0.811111111111111
loss = 0.24406156688928604
precision = 0.7959501557632399
recall = 0.8268608414239482
