f1 = 0.6136986301369863
loss = 0.406939372420311
precision = 0.6666666666666666
recall = 0.5685279187817259
