f1 = 0.022824536376604847
loss = 1.1360219717025757
precision = 0.021768707482993196
recall = 0.0239880059970015
