f1 = 0.35012210012210015
loss = 0.8158411336880104
precision = 0.7486945169712794
recall = 0.22848605577689243
