f1 = 0.27230769230769225
loss = 0.4391428530216217
precision = 0.25285714285714284
recall = 0.295
