f1 = 0.7786666666666666
loss = 0.19290256798267363
precision = 0.7487179487179487
recall = 0.8111111111111111
