f1 = 0.21527272727272728
loss = 0.5764715373516083
precision = 0.20081411126187246
recall = 0.23197492163009403
