f1 = 0.4009661835748793
loss = 0.6559298038482666
precision = 0.7280701754385965
recall = 0.27666666666666667
