f1 = 0.01676829268292683
loss = 1.0401889443397523
precision = 0.01585014409221902
recall = 0.01779935275080906
