f1 = 0.7792553191489363
loss = 0.19065169095993043
precision = 0.7474489795918368
recall = 0.8138888888888889
