f1 = 0.8494152046783625
loss = 0.20846433639526368
precision = 0.8371757925072046
recall = 0.8620178041543026
