f1 = 0.7643020594965675
loss = 0.27663980722427367
precision = 0.7229437229437229
recall = 0.8106796116504854
