f1 = 0.791891891891892
loss = 0.21798577010631562
precision = 0.7710526315789473
recall = 0.8138888888888889
