f1 = 0.8324873096446701
loss = 0.12886264622211457
precision = 0.8061797752808989
recall = 0.8605697151424287
