f1 = 0.0328381548084441
loss = 1.0919009566307067
precision = 0.030927835051546393
recall = 0.035
