f1 = 0.03617571059431524
loss = 0.555836632847786
precision = 0.11864406779661017
recall = 0.021341463414634148
