f1 = 0.04922644163150493
loss = 0.7559475064277649
precision = 0.046357615894039736
recall = 0.05247376311844078
