f1 = 0.5026415094339622
loss = 0.3361951977014542
precision = 0.471004243281471
recall = 0.5388349514563107
