f1 = 0.8926282051282051
loss = 0.16266830414533615
precision = 0.8841269841269841
recall = 0.901294498381877
