f1 = 0.7287319422150882
loss = 0.24683260545134544
precision = 0.6776119402985075
recall = 0.7881944444444444
