f1 = 0.6673058485139022
loss = 0.34852133095264437
precision = 0.8592592592592593
recall = 0.5454545454545454
