f1 = 0.16706443914081145
loss = 0.8661956429481507
precision = 0.5932203389830508
recall = 0.09722222222222222
