f1 = 0.8488104374520339
loss = 0.1314141184091568
precision = 0.8694968553459119
recall = 0.8290854572713643
