f1 = 0.7568438003220612
loss = 0.22919848933815956
precision = 0.7057057057057057
recall = 0.8159722222222222
