f1 = 0.04205607476635514
loss = 0.7031551599502563
precision = 0.03896103896103896
recall = 0.04568527918781726
