f1 = 0.7832939322301025
loss = 0.265401728451252
precision = 0.7634408602150538
recall = 0.8042071197411004
