f1 = 0.5866209262435678
loss = 0.396037095785141
precision = 0.7668161434977578
recall = 0.475
