f1 = 0.32267884322678847
loss = 0.45441053807735443
precision = 0.2872628726287263
recall = 0.3680555555555556
