f1 = 0.10814606741573034
loss = 0.6332880258560181
precision = 0.10171730515191546
recall = 0.11544227886056972
