f1 = 0.3194444444444445
loss = 0.18000140488147737
precision = 0.6571428571428571
recall = 0.21100917431192662
