f1 = 0.8508833922261484
loss = 0.22257196307182311
precision = 0.8124156545209177
recall = 0.8931750741839762
