f1 = 0.4046511627906976
loss = 0.5370547622442245
precision = 0.37339055793991416
recall = 0.4416243654822335
