f1 = 0.07434944237918216
loss = 1.033143788576126
precision = 0.1388888888888889
recall = 0.050761421319796954
