f1 = 0.13424657534246576
loss = 1.1586137294769288
precision = 0.7777777777777778
recall = 0.0734632683658171
