f1 = 0.7948328267477204
loss = 0.1497575208544731
precision = 0.7713864306784661
recall = 0.8197492163009404
