f1 = 0.005908419497784343
loss = 1.2918916821479798
precision = 0.6666666666666666
recall = 0.002967359050445104
