f1 = 0.837171052631579
loss = 0.16662058159708976
precision = 0.8262987012987013
recall = 0.8483333333333334
