f1 = 0.8494318181818181
loss = 0.22813026309013368
precision = 0.8147138964577657
recall = 0.887240356083086
