f1 = 0.7733333333333334
loss = 0.10261737406253815
precision = 0.75
recall = 0.7981651376146789
