f1 = 0.04005006257822278
loss = 0.8952550768852234
precision = 0.03644646924829157
recall = 0.044444444444444446
