f1 = 0.7596153846153847
loss = 0.212233018130064
precision = 0.7053571428571429
recall = 0.8229166666666666
