f1 = 0.502673796791444
loss = 0.12320229634642602
precision = 0.6025641025641025
recall = 0.43119266055045874
