f1 = 0.019230769230769232
loss = 1.219807967543602
precision = 0.0175
recall = 0.021341463414634148
