f1 = 0.8646498482152204
loss = 0.16359039615182316
precision = 0.9110964041473638
recall = 0.8227091633466136
