f1 = 0.49086161879895557
loss = 0.48260679841041565
precision = 0.5053763440860215
recall = 0.47715736040609136
