f1 = 0.6632390745501285
loss = 0.2772779315710068
precision = 0.7849898580121704
recall = 0.5741839762611276
