f1 = 0.667595818815331
loss = 0.24358621537685393
precision = 0.6294349540078844
recall = 0.7106824925816023
