f1 = 0.8156249999999999
loss = 0.2185240626335144
precision = 0.8613861386138614
recall = 0.7744807121661721
