f1 = 0.0058910162002945516
loss = 1.1990212440490722
precision = 0.4
recall = 0.002967359050445104
