f1 = 0.7700534759358288
loss = 0.20208378583192826
precision = 0.7422680412371134
recall = 0.8
