f1 = 0.29107981220657275
loss = 0.41318415105342865
precision = 0.3079470198675497
recall = 0.27596439169139464
