f1 = 0.8593861527480372
loss = 0.22066868841648102
precision = 0.828060522696011
recall = 0.8931750741839762
