f1 = 0.8134796238244515
loss = 0.2236220806837082
precision = 0.7887537993920972
recall = 0.8398058252427184
