f1 = 0.8156748911465893
loss = 0.15980008691549302
precision = 0.7594594594594595
recall = 0.8808777429467085
