f1 = 0.7521079258010118
loss = 0.20159278810024261
precision = 0.7311475409836066
recall = 0.7743055555555556
