f1 = 0.8766140602582497
loss = 0.1660188466310501
precision = 0.8486111111111111
recall = 0.9065281899109793
