f1 = 0.5788197251414714
loss = 0.2592869594693184
precision = 0.5620094191522763
recall = 0.5966666666666667
