f1 = 0.06779661016949154
loss = 0.26970089972019196
precision = 0.4444444444444444
recall = 0.03669724770642202
