f1 = 0.8817733990147784
loss = 0.15406738072633744
precision = 0.8689320388349514
recall = 0.895
