f1 = 0.766355140186916
loss = 0.07962553203105927
precision = 0.780952380952381
recall = 0.7522935779816514
