f1 = 0.44594594594594594
loss = 0.1733348026871681
precision = 0.8461538461538461
recall = 0.30275229357798167
