f1 = 0.9033674963396778
loss = 0.10974878221750259
precision = 0.882689556509299
recall = 0.9250374812593704
