f1 = 0.782608695652174
loss = 0.27543120086193085
precision = 0.7788461538461539
recall = 0.7864077669902912
