f1 = 0.9236543209876543
loss = 0.09121179544108957
precision = 0.9159647404505387
recall = 0.9314741035856574
