f1 = 0.7809523809523811
loss = 0.2122395321726799
precision = 0.7653333333333333
recall = 0.7972222222222223
