f1 = 0.2143727161997564
loss = 0.6614024758338928
precision = 0.5986394557823129
recall = 0.13056379821958458
