f1 = 0.8813803019410497
loss = 0.16534563153982162
precision = 0.8549511854951185
recall = 0.9094955489614244
