f1 = 0.011560693641618497
loss = 0.58521369099617
precision = 0.1111111111111111
recall = 0.006097560975609756
