f1 = 0.2251082251082251
loss = 0.6032044366002083
precision = 0.1925925925925926
recall = 0.2708333333333333
