f1 = 0.612565445026178
loss = 0.49425108730793
precision = 0.6324324324324324
recall = 0.5939086294416244
