f1 = 0.3001230012300123
loss = 0.36356672644615173
precision = 0.8776978417266187
recall = 0.18100890207715134
