f1 = 0.8653846153846153
loss = 0.17489451467990874
precision = 0.8571428571428571
recall = 0.8737864077669902
