f1 = 0.38237384506041217
loss = 0.4513579666614532
precision = 0.3635135135135135
recall = 0.4032983508245877
