f1 = 0.873481057898499
loss = 0.21160306185483932
precision = 0.8427586206896551
recall = 0.9065281899109793
