f1 = 0.7916986933128363
loss = 0.11313920617103576
precision = 0.7767722473604827
recall = 0.8072100313479624
