f1 = 0.7723577235772358
loss = 0.21640679389238357
precision = 0.753968253968254
recall = 0.7916666666666666
