f1 = 0.8389154704944178
loss = 0.24336024522781372
precision = 0.8270440251572327
recall = 0.8511326860841424
