f1 = 0.9085318985395849
loss = 0.0954185150563717
precision = 0.8914027149321267
recall = 0.9263322884012539
