f1 = 0.7448680351906158
loss = 0.3013254702091217
precision = 0.7175141242937854
recall = 0.774390243902439
