f1 = 0.7541436464088398
loss = 0.2012905016541481
precision = 0.75
recall = 0.7583333333333333
