f1 = 0.4642082429501085
loss = 0.5434479594230652
precision = 0.7039473684210527
recall = 0.34627831715210355
