f1 = 0.9233644859813085
loss = 0.08318041647469405
precision = 0.9121477162293489
recall = 0.9348605577689243
