f1 = 0.8353115727002968
loss = 0.12376236617565155
precision = 0.7929577464788733
recall = 0.8824451410658307
