f1 = 0.7084765856550088
loss = 0.3448624771599676
precision = 0.8749633967789165
recall = 0.595219123505976
