f1 = 0.8235294117647058
loss = 0.1639896422624588
precision = 0.775623268698061
recall = 0.877742946708464
