f1 = 0.011743981209630066
loss = 1.7290223544719172
precision = 0.33707865168539325
recall = 0.00597609561752988
