f1 = 0.7557354925775978
loss = 0.2388016790151596
precision = 0.7349081364829396
recall = 0.7777777777777778
