f1 = 0.7847372210223182
loss = 0.14904088228940965
precision = 0.7548476454293629
recall = 0.8170914542728636
