f1 = 0.5020804438280166
loss = 0.36546569168567655
precision = 0.4713541666666667
recall = 0.5370919881305638
