f1 = 0.05128205128205129
loss = 0.9757749676704407
precision = 0.04580152671755725
recall = 0.05825242718446602
