f1 = 0.05940594059405941
loss = 0.8967276096343995
precision = 0.6363636363636364
recall = 0.03115727002967359
