f1 = 0.43454038997214484
loss = 0.6221089959144592
precision = 0.48148148148148145
recall = 0.39593908629441626
