f1 = 0.49636552440290754
loss = 0.529130607843399
precision = 0.8269896193771626
recall = 0.3545994065281899
