f1 = 0.8805120910384069
loss = 0.18769767135381699
precision = 0.8456284153005464
recall = 0.9183976261127597
