f1 = 0.1616022099447514
loss = 0.6635174870491027
precision = 0.14980793854033292
recall = 0.17541229385307347
