f1 = 0.8477564102564104
loss = 0.16445032358169556
precision = 0.9104991394148021
recall = 0.7931034482758621
