f1 = 0.7445820433436533
loss = 0.1477678745985031
precision = 0.735474006116208
recall = 0.7539184952978056
