f1 = 0.021126760563380285
loss = 0.8778629899024963
precision = 0.0199203187250996
recall = 0.022488755622188907
