f1 = 0.8851711026615968
loss = 0.1165033996105194
precision = 0.8596750369276218
recall = 0.9122257053291536
