f1 = 0.853582554517134
loss = 0.16440932378172873
precision = 0.8228228228228228
recall = 0.8867313915857605
