f1 = 0.540340488527017
loss = 0.2969769835472107
precision = 0.4979536152796726
recall = 0.5906148867313916
