f1 = 0.7981651376146789
loss = 0.07193487398326397
precision = 0.7981651376146789
recall = 0.7981651376146789
