f1 = 0.6815642458100558
loss = 0.29267945513129234
precision = 0.7349397590361446
recall = 0.6354166666666666
