f1 = 0.34581497797356825
loss = 0.5102438926696777
precision = 0.6709401709401709
recall = 0.23293768545994065
