f1 = 0.025899280575539568
loss = 1.1516116738319397
precision = 0.42857142857142855
recall = 0.013353115727002967
