f1 = 0.9135802469135803
loss = 0.0810240238904953
precision = 0.8996960486322189
recall = 0.9278996865203761
