f1 = 0.6324324324324324
loss = 0.5264732837677002
precision = 0.6763005780346821
recall = 0.5939086294416244
