f1 = 0.012213740458015267
loss = 0.878496915102005
precision = 0.010899182561307902
recall = 0.013888888888888888
