f1 = 0.00980392156862745
loss = 1.324653148651123
precision = 0.14285714285714285
recall = 0.005076142131979695
