f1 = 0.5994832041343668
loss = 0.4722379744052887
precision = 0.6105263157894737
recall = 0.5888324873096447
