f1 = 0.006633499170812605
loss = 0.49050509333610537
precision = 0.6666666666666666
recall = 0.0033333333333333335
