f1 = 0.013869625520110956
loss = 1.2728373855352402
precision = 0.01272264631043257
recall = 0.01524390243902439
