f1 = 0.7051938551572787
loss = 0.12622129470109938
precision = 0.6885714285714286
recall = 0.7226386806596702
