f1 = 0.45472061657032753
loss = 0.7036555409431458
precision = 0.6178010471204188
recall = 0.3597560975609756
