f1 = 0.7197595792637114
loss = 0.18173501119017602
precision = 0.6911976911976911
recall = 0.7507836990595611
