f1 = 0.8939617083946982
loss = 0.140150685608387
precision = 0.8784370477568741
recall = 0.9100449775112444
