f1 = 0.8848484848484848
loss = 0.09198094308376312
precision = 0.8563049853372434
recall = 0.9153605015673981
