f1 = 0.07926829268292683
loss = 0.9747470140457153
precision = 0.07492795389048991
recall = 0.08414239482200647
