f1 = 0.7830305336250356
loss = 0.13061371456612558
precision = 0.7493173129437466
recall = 0.8199203187250996
