f1 = 0.9220389805097451
loss = 0.09822426065802574
precision = 0.9220389805097451
recall = 0.9220389805097451
