f1 = 0.021428571428571432
loss = 1.0476496338844299
precision = 0.020463847203274217
recall = 0.022488755622188907
