f1 = 0.6666666666666666
loss = 0.11669507026672363
precision = 0.646551724137931
recall = 0.6880733944954128
