f1 = 0.2683982683982684
loss = 0.16802940517663956
precision = 0.2540983606557377
recall = 0.28440366972477066
