f1 = 0.7490580256217031
loss = 0.21893384158611298
precision = 0.7009873060648801
recall = 0.8042071197411004
