f1 = 0.8606965174129352
loss = 0.18345187678933145
precision = 0.8564356435643564
recall = 0.865
