f1 = 0.820113314447592
loss = 0.1736949622631073
precision = 0.7845528455284553
recall = 0.8590504451038575
