f1 = 0.6631578947368421
loss = 0.10549886822700501
precision = 0.7777777777777778
recall = 0.5779816513761468
