f1 = 0.28402366863905326
loss = 0.3596343547105789
precision = 0.24742268041237114
recall = 0.3333333333333333
