f1 = 0.8195038494439693
loss = 0.19263238608837127
precision = 0.9020715630885122
recall = 0.7507836990595611
