f1 = 0.743119266055046
loss = 0.10182960256934166
precision = 0.7431192660550459
recall = 0.7431192660550459
