f1 = 0.8794093519278097
loss = 0.12294634878635406
precision = 0.9225473321858864
recall = 0.8401253918495298
