f1 = 0.8614107883817426
loss = 0.16453972607851028
precision = 0.8578512396694215
recall = 0.865
