f1 = 0.9152024446142093
loss = 0.09005125686526298
precision = 0.8926974664679582
recall = 0.9388714733542319
