f1 = 0.8707386363636364
loss = 0.16343984156847
precision = 0.8351498637602179
recall = 0.9094955489614244
