f1 = 0.4838212634822804
loss = 0.3802791237831116
precision = 0.43490304709141275
recall = 0.5451388888888888
