f1 = 0.24528301886792456
loss = 0.8834375739097595
precision = 0.32231404958677684
recall = 0.19796954314720813
