f1 = 0.806989674344718
loss = 0.21726100593805314
precision = 0.8683760683760684
recall = 0.7537091988130564
