f1 = 0.8394004282655246
loss = 0.14236916825175286
precision = 0.8010899182561307
recall = 0.881559220389805
