f1 = 0.5003734129947722
loss = 0.334550142288208
precision = 0.47788873038516405
recall = 0.5250783699059561
