f1 = 0.43319838056680166
loss = 0.6856192573904991
precision = 0.6445783132530121
recall = 0.32621951219512196
