f1 = 0.7159841479524439
loss = 0.1998157724738121
precision = 0.6826196473551638
recall = 0.7527777777777778
