f1 = 0.4222222222222222
loss = 0.44636179208755494
precision = 0.3968668407310705
recall = 0.45103857566765576
