f1 = 0.7895500725689405
loss = 0.2575945481657982
precision = 0.7534626038781164
recall = 0.8292682926829268
