f1 = 0.7690140845070423
loss = 0.21612867563962937
precision = 0.7319034852546917
recall = 0.8100890207715133
