f1 = 0.5086342229199372
loss = 0.3399064987897873
precision = 0.46418338108882523
recall = 0.5625
