f1 = 0.6567164179104478
loss = 0.109938595443964
precision = 0.717391304347826
recall = 0.6055045871559633
