f1 = 0.8729361091170137
loss = 0.20834351181983948
precision = 0.8456189151599444
recall = 0.9020771513353115
