f1 = 0.5204081632653061
loss = 0.09281808212399482
precision = 0.5862068965517241
recall = 0.46788990825688076
