f1 = 0.7865519937451134
loss = 0.2746240794658661
precision = 0.7609682299546142
recall = 0.813915857605178
