f1 = 0.37209302325581395
loss = 0.7193422019481659
precision = 0.37894736842105264
recall = 0.36548223350253806
