f1 = 0.29395604395604397
loss = 0.5446759462356567
precision = 0.2675
recall = 0.32621951219512196
