f1 = 0.5386533665835411
loss = 0.2787629753351212
precision = 0.6124763705103969
recall = 0.4807121661721068
