f1 = 0.4833795013850415
loss = 0.35705495774745943
precision = 0.45324675324675323
recall = 0.5178041543026706
