f1 = 0.4021978021978022
loss = 0.5168948709964752
precision = 0.7754237288135594
recall = 0.271513353115727
