f1 = 0.8722341184867952
loss = 0.16894884407520294
precision = 0.8404401650618982
recall = 0.9065281899109793
