f1 = 0.023561220548474312
loss = 1.7414505610279007
precision = 0.3860759493670886
recall = 0.012151394422310757
