f1 = 0.7635694572217111
loss = 0.2713132381439209
precision = 0.8521560574948666
recall = 0.6916666666666667
