f1 = 0.2019230769230769
loss = 0.9296702027320862
precision = 0.75
recall = 0.11666666666666667
