f1 = 0.17624521072796936
loss = 0.5579463839530945
precision = 0.359375
recall = 0.116751269035533
