f1 = 0.6708268330733229
loss = 0.24746520072221756
precision = 0.6090651558073654
recall = 0.7465277777777778
