f1 = 0.5583756345177665
loss = 0.0912256196141243
precision = 0.625
recall = 0.5045871559633027
