f1 = 0.006024096385542169
loss = 0.6230214238166809
precision = 0.25
recall = 0.003048780487804878
