f1 = 0.009316770186335404
loss = 0.8403359800577164
precision = 0.008426966292134831
recall = 0.010416666666666666
