f1 = 0.7868061142397426
loss = 0.2709091976284981
precision = 0.76049766718507
recall = 0.815
