f1 = 0.9206586826347305
loss = 0.08605178147554397
precision = 0.9192825112107623
recall = 0.9220389805097451
