f1 = 0.5898123324396782
loss = 0.40537692606449127
precision = 0.625
recall = 0.5583756345177665
