f1 = 0.7869281045751634
loss = 0.17016200199723244
precision = 0.7432098765432099
recall = 0.8361111111111111
