f1 = 0.850381679389313
loss = 0.17749698013067244
precision = 0.8757861635220126
recall = 0.8264094955489614
