f1 = 0.1324404761904762
loss = 0.9851608395576477
precision = 0.12606232294617564
recall = 0.13949843260188088
