f1 = 0.6542553191489362
loss = 0.3465643972158432
precision = 0.6871508379888268
recall = 0.6243654822335025
