f1 = 0.8358008075370121
loss = 0.11979325201508462
precision = 0.8076923076923077
recall = 0.8659362549800796
