f1 = 0.8672294704528012
loss = 0.12702660411596298
precision = 0.849624060150376
recall = 0.8855799373040752
