f1 = 0.05735660847880299
loss = 0.6605498909950256
precision = 0.05203619909502263
recall = 0.06388888888888888
