f1 = 0.3581081081081081
loss = 0.31891039907932284
precision = 0.32878411910669975
recall = 0.39317507418397624
