f1 = 0.6274206041828041
loss = 0.33686211705207825
precision = 0.6017830609212481
recall = 0.6553398058252428
