f1 = 0.880184331797235
loss = 0.11579336524009705
precision = 0.8629518072289156
recall = 0.8981191222570533
