f1 = 0.008462623413258109
loss = 1.1862779140472413
precision = 0.008064516129032258
recall = 0.008902077151335312
