f1 = 0.1623931623931624
loss = 0.9222701489925385
precision = 0.5135135135135135
recall = 0.09644670050761421
