f1 = 0.777178103315343
loss = 0.26354087740182874
precision = 0.7422680412371134
recall = 0.8155339805825242
