f1 = 0.9169297553275454
loss = 0.08908391576180436
precision = 0.9083268178264269
recall = 0.9256972111553785
