f1 = 0.512987012987013
loss = 0.2998624235391617
precision = 0.5146579804560261
recall = 0.511326860841424
