f1 = 0.055232558139534885
loss = 0.8005181103944778
precision = 0.0475
recall = 0.06597222222222222
