f1 = 0.8016085790884718
loss = 0.2063934773206711
precision = 0.7746113989637305
recall = 0.8305555555555556
