f1 = 0.40932642487046633
loss = 0.48317208886146545
precision = 0.41798941798941797
recall = 0.4010152284263959
