f1 = 0.5857605177993528
loss = 0.35395705699920654
precision = 0.5484848484848485
recall = 0.6284722222222222
