f1 = 0.6219401631912964
loss = 0.299059197306633
precision = 0.7995337995337995
recall = 0.5089020771513353
