f1 = 0.0003977724741447892
loss = 1.3282039492738014
precision = 0.125
recall = 0.00019920318725099602
