f1 = 0.7973760932944608
loss = 0.1956431284546852
precision = 0.7836676217765043
recall = 0.8115727002967359
