f1 = 0.9134099616858238
loss = 0.07341729626059532
precision = 0.8935532233883059
recall = 0.9341692789968652
