f1 = 0.7105459985041137
loss = 0.21893201172351837
precision = 0.6606397774687065
recall = 0.7686084142394822
