f1 = 0.44047619047619047
loss = 0.7316091954708099
precision = 0.5323741007194245
recall = 0.3756345177664975
