f1 = 0.7456724367509987
loss = 0.2218364879488945
precision = 0.7161125319693095
recall = 0.7777777777777778
