f1 = 0.17393204413853383
loss = 0.4095134778934367
precision = 0.19259617711105734
recall = 0.15856573705179283
