f1 = 0.8134228187919463
loss = 0.16716692298650743
precision = 0.787012987012987
recall = 0.8416666666666667
