f1 = 0.4210526315789474
loss = 0.14821458458900452
precision = 0.7441860465116279
recall = 0.29357798165137616
