f1 = 0.7788331071913162
loss = 0.21627999246120452
precision = 0.7612732095490716
recall = 0.7972222222222223
