f1 = 0.9376375641966251
loss = 0.07126935422420502
precision = 0.9181034482758621
recall = 0.9580209895052474
