f1 = 0.7117117117117118
loss = 0.09545266218483447
precision = 0.6991150442477876
recall = 0.7247706422018348
