f1 = 0.03622047244094489
loss = 1.10199077129364
precision = 0.034328358208955224
recall = 0.03833333333333333
