f1 = 0.877280265339967
loss = 0.15150145143270494
precision = 0.8729372937293729
recall = 0.8816666666666667
