f1 = 0.722940776038121
loss = 0.18187154978513717
precision = 0.6679245283018868
recall = 0.787833827893175
