f1 = 0.45866666666666667
loss = 0.5152980387210846
precision = 0.48314606741573035
recall = 0.4365482233502538
