f1 = 0.06658130601792572
loss = 0.5222557485103607
precision = 0.24299065420560748
recall = 0.03857566765578635
