f1 = 0.6134969325153374
loss = 0.30278582870960236
precision = 0.5494505494505495
recall = 0.6944444444444444
