f1 = 0.7205623901581723
loss = 0.2557208836078644
precision = 0.8704883227176221
recall = 0.6146926536731634
