f1 = 0.17391304347826086
loss = 0.8238951563835144
precision = 0.16666666666666666
recall = 0.18181818181818182
