f1 = 0.759124087591241
loss = 0.30095387250185013
precision = 0.7282913165266106
recall = 0.7926829268292683
