f1 = 0.8457780879274249
loss = 0.13653996735811233
precision = 0.7984189723320159
recall = 0.8991097922848664
