f1 = 0.7280334728033473
loss = 0.1071294978260994
precision = 0.6692307692307692
recall = 0.7981651376146789
