f1 = 0.6406250000000001
loss = 0.2497902438044548
precision = 0.5823863636363636
recall = 0.7118055555555556
