f1 = 0.7722110888443554
loss = 0.24621520191431046
precision = 0.7023086269744836
recall = 0.857566765578635
