f1 = 0.8510971786833856
loss = 0.1882776916027069
precision = 0.8252279635258358
recall = 0.8786407766990292
