f1 = 0.7238095238095237
loss = 0.23362374305725098
precision = 0.6666666666666666
recall = 0.7916666666666666
