f1 = 0.804635761589404
loss = 0.22894415855407715
precision = 0.8526315789473684
recall = 0.7617554858934169
