f1 = 0.7631578947368421
loss = 0.10283620283007622
precision = 0.7310924369747899
recall = 0.7981651376146789
