f1 = 0.7940379403794038
loss = 0.18905943185091018
precision = 0.7751322751322751
recall = 0.8138888888888889
