f1 = 0.6428571428571428
loss = 0.23229750245809555
precision = 0.5814606741573034
recall = 0.71875
