f1 = 0.7009646302250804
loss = 0.29712099581956863
precision = 0.6526946107784432
recall = 0.7569444444444444
