f1 = 0.05263157894736842
loss = 0.47467100620269775
precision = 0.16666666666666666
recall = 0.03125
