f1 = 0.7852564102564101
loss = 0.20508458465337753
precision = 0.7291666666666666
recall = 0.8506944444444444
