f1 = 0.17156862745098037
loss = 0.657617598772049
precision = 0.16587677725118483
recall = 0.17766497461928935
