f1 = 0.519650655021834
loss = 0.3511253669857979
precision = 0.7
recall = 0.4131944444444444
