f1 = 0.8470254957507082
loss = 0.1921298995614052
precision = 0.8102981029810298
recall = 0.887240356083086
