f1 = 0.6422018348623852
loss = 0.2698032706975937
precision = 0.6809338521400778
recall = 0.6076388888888888
