f1 = 0.7397260273972603
loss = 0.10474303737282753
precision = 0.7363636363636363
recall = 0.7431192660550459
