f1 = 0.7001321003963011
loss = 0.2053375154733658
precision = 0.6675062972292192
recall = 0.7361111111111112
