f1 = 0.9005397070161912
loss = 0.10251798182725906
precision = 0.8861911987860395
recall = 0.9153605015673981
