f1 = 0.8996710526315789
loss = 0.10772496443241834
precision = 0.887987012987013
recall = 0.9116666666666666
