f1 = 0.5505443234836703
loss = 0.2831432707607746
precision = 0.49859154929577465
recall = 0.6145833333333334
