f1 = 0.009077155824508321
loss = 0.49881001710891726
precision = 0.04918032786885246
recall = 0.005
