f1 = 0.850467289719626
loss = 0.18648356050252915
precision = 0.8198198198198198
recall = 0.883495145631068
