f1 = 0.6615853658536586
loss = 0.270809605717659
precision = 0.5896739130434783
recall = 0.7534722222222222
