f1 = 0.04545454545454545
loss = 1.083281934261322
precision = 0.042899408284023666
recall = 0.04833333333333333
