f1 = 0.876056338028169
loss = 0.1182719886302948
precision = 0.8337801608579088
recall = 0.9228486646884273
