f1 = 0.021505376344086023
loss = 1.0515296310186386
precision = 0.01928374655647383
recall = 0.024305555555555556
