f1 = 0.9299926308032423
loss = 0.07893788442015648
precision = 0.9144927536231884
recall = 0.9460269865067467
