f1 = 0.8685897435897436
loss = 0.18677861839532853
precision = 0.8603174603174604
recall = 0.8770226537216829
