f1 = 0.6896551724137931
loss = 0.11208106465637684
precision = 0.6504065040650406
recall = 0.7339449541284404
