f1 = 0.6521739130434783
loss = 0.10262128487229347
precision = 0.6198347107438017
recall = 0.6880733944954128
