f1 = 0.34385964912280703
loss = 0.39143539071083067
precision = 0.3262316910785619
recall = 0.36350148367952523
