f1 = 0.6016260162601627
loss = 0.564104437828064
precision = 0.6453488372093024
recall = 0.5634517766497462
