f1 = 0.6715092816787732
loss = 0.29074450135231017
precision = 0.736283185840708
recall = 0.6172106824925816
