f1 = 0.6571428571428571
loss = 0.26169427633285525
precision = 0.6170731707317073
recall = 0.7027777777777777
