f1 = 0.8759244042728019
loss = 0.15509846061468124
precision = 0.8638573743922204
recall = 0.8883333333333333
