f1 = 0.7563249001331558
loss = 0.22550938725471498
precision = 0.7263427109974424
recall = 0.7888888888888889
