f1 = 0.7870370370370371
loss = 0.10234927386045456
precision = 0.794392523364486
recall = 0.7798165137614679
