f1 = 0.7933491686460807
loss = 0.20682424902915955
precision = 0.7767441860465116
recall = 0.8106796116504854
