f1 = 0.7148936170212765
loss = 0.2545049339532852
precision = 0.6847826086956522
recall = 0.7477744807121661
