f1 = 0.00802139037433155
loss = 1.4761160016059875
precision = 0.007142857142857143
recall = 0.009146341463414634
