f1 = 0.7304097771387492
loss = 0.1699075073003769
precision = 0.7016574585635359
recall = 0.7616191904047976
