f1 = 0.7164658634538152
loss = 0.3134918689727783
precision = 0.6914728682170542
recall = 0.7433333333333333
