f1 = 0.8379705400981998
loss = 0.15855159983038902
precision = 0.8231511254019293
recall = 0.8533333333333334
