f1 = 0.8517745302713988
loss = 0.2480998992919922
precision = 0.8020969855832241
recall = 0.9080118694362018
