f1 = 0.8085758039816233
loss = 0.15066844671964646
precision = 0.7904191616766467
recall = 0.8275862068965517
