f1 = 0.7463087248322149
loss = 0.22604299038648606
precision = 0.7220779220779221
recall = 0.7722222222222223
