f1 = 0.1449056603773585
loss = 0.9256839275360107
precision = 0.13973799126637554
recall = 0.15047021943573669
