f1 = 0.7025316455696203
loss = 0.27471641823649406
precision = 0.6453488372093024
recall = 0.7708333333333334
