f1 = 0.5980392156862745
loss = 0.2688703313469887
precision = 0.5648148148148148
recall = 0.6354166666666666
