f1 = 0.37410071942446044
loss = 0.6767540946602821
precision = 0.6046511627906976
recall = 0.2708333333333333
