f1 = 0.7645107794361525
loss = 0.23785130977630614
precision = 0.8665413533834586
recall = 0.6839762611275965
