f1 = 0.6100795755968169
loss = 0.4403197765350342
precision = 0.6388888888888888
recall = 0.583756345177665
