f1 = 0.06685133887349955
loss = 1.3465570725646674
precision = 0.4582278481012658
recall = 0.03605577689243028
