f1 = 0.5370843989769821
loss = 0.39752253890037537
precision = 0.5412371134020618
recall = 0.5329949238578681
