f1 = 0.32715376226826604
loss = 0.4187562167644501
precision = 0.6172839506172839
recall = 0.22255192878338279
