f1 = 0.03852080123266563
loss = 1.0614709854125977
precision = 0.03581661891117478
recall = 0.041666666666666664
