f1 = 0.2807017543859649
loss = 0.40495329797267915
precision = 0.25742574257425743
recall = 0.3086053412462908
