f1 = 0.15144230769230768
loss = 0.47912885546684264
precision = 0.13347457627118645
recall = 0.175
