f1 = 0.536376604850214
loss = 0.29782260954380035
precision = 0.5115646258503401
recall = 0.5637181409295352
