f1 = 0.5624521072796934
loss = 0.2633418768644333
precision = 0.5342066957787481
recall = 0.5938511326860841
