f1 = 0.8022678951098513
loss = 0.23202355206012726
precision = 0.76797829036635
recall = 0.8397626112759644
