f1 = 0.38461538461538464
loss = 0.7318166121840477
precision = 0.6428571428571429
recall = 0.27439024390243905
