f1 = 0.28673835125448033
loss = 0.6707558989524841
precision = 0.7361963190184049
recall = 0.17804154302670624
