f1 = 0.7485477178423237
loss = 0.31256961524486543
precision = 0.8493408662900188
recall = 0.6691394658753709
