f1 = 0.40437158469945356
loss = 0.431755468249321
precision = 0.36633663366336633
recall = 0.45121951219512196
