f1 = 0.21074380165289255
loss = 0.28208401799201965
precision = 0.3090909090909091
recall = 0.15987460815047022
