f1 = 0.6153677997595366
loss = 0.26940429064573024
precision = 0.6817631387745217
recall = 0.5607569721115537
