f1 = 0.8204419889502762
loss = 0.1907340928912163
precision = 0.8159340659340659
recall = 0.825
