f1 = 0.9289940828402367
loss = 0.10652363561093807
precision = 0.9167883211678832
recall = 0.9415292353823088
