f1 = 0.4230769230769231
loss = 0.31794096156954765
precision = 0.39285714285714285
recall = 0.4583333333333333
