f1 = 0.25074626865671645
loss = 0.545611560344696
precision = 0.30434782608695654
recall = 0.2131979695431472
