f1 = 0.0358974358974359
loss = 0.8959380626678467
precision = 0.03333333333333333
recall = 0.03888888888888889
