f1 = 0.16199999999999998
loss = 0.5692614555358887
precision = 0.21204188481675393
recall = 0.13106796116504854
