f1 = 0.9068425391591096
loss = 0.09944722428917885
precision = 0.8972267536704731
recall = 0.9166666666666666
