f1 = 0.456824512534819
loss = 0.521102175116539
precision = 0.5061728395061729
recall = 0.41624365482233505
