f1 = 0.3113456464379947
loss = 0.5500056743621826
precision = 0.3241758241758242
recall = 0.29949238578680204
