f1 = 0.659942363112392
loss = 0.3300423175096512
precision = 0.6256830601092896
recall = 0.698170731707317
