f1 = 0.7421758569299554
loss = 0.3263963907957077
precision = 0.7259475218658892
recall = 0.7591463414634146
