f1 = 0.8752800597460793
loss = 0.10908631980419159
precision = 0.8359486447931527
recall = 0.9184952978056427
