f1 = 0.30563002680965146
loss = 0.5954651683568954
precision = 0.2727272727272727
recall = 0.3475609756097561
