f1 = 0.5019628836545325
loss = 0.24485045627636068
precision = 0.4545895281189399
recall = 0.5603585657370518
