f1 = 0.8482247366367538
loss = 0.1490262099507484
precision = 0.831039755351682
recall = 0.8661354581673307
