f1 = 0.3245192307692308
loss = 0.28200590014457705
precision = 0.2860169491525424
recall = 0.375
