f1 = 0.40738007380073804
loss = 0.39978437423706054
precision = 0.38493723849372385
recall = 0.43260188087774293
