f1 = 0.5454545454545455
loss = 0.26532578840851784
precision = 0.49714285714285716
recall = 0.6041666666666666
