f1 = 0.7486548808608762
loss = 0.21578274741768838
precision = 0.7345399698340875
recall = 0.7633228840125392
