f1 = 0.46195652173913043
loss = 0.499098539352417
precision = 0.49707602339181284
recall = 0.43147208121827413
