f1 = 0.01649646504320503
loss = 1.3250577180993324
precision = 0.5833333333333334
recall = 0.008366533864541833
