f1 = 0.8018018018018018
loss = 0.11183089315891266
precision = 0.7876106194690266
recall = 0.8165137614678899
