f1 = 0.7723054960742327
loss = 0.22224179208278655
precision = 0.7441540577716643
recall = 0.8026706231454006
