f1 = 0.3165680473372781
loss = 0.5299420356750488
precision = 0.29971988795518206
recall = 0.335423197492163
