f1 = 0.33156498673740054
loss = 0.5317704901099205
precision = 0.2934272300469484
recall = 0.38109756097560976
