f1 = 0.7956448911222781
loss = 0.2808030039072037
precision = 0.8246527777777778
recall = 0.7686084142394822
