f1 = 0.043165467625899276
loss = 0.8602253645658493
precision = 0.036855036855036855
recall = 0.052083333333333336
