f1 = 0.8538205980066444
loss = 0.14157747663329265
precision = 0.8379363252780975
recall = 0.8703187250996016
