f1 = 0.9317681584739546
loss = 0.08935211449861527
precision = 0.9123563218390804
recall = 0.952023988005997
