f1 = 0.4697247706422018
loss = 0.5463693916797638
precision = 0.6918918918918919
recall = 0.35555555555555557
