f1 = 0.4155844155844156
loss = 0.12479384988546371
precision = 0.7111111111111111
recall = 0.29357798165137616
