f1 = 0.25316455696202533
loss = 0.4215411484241486
precision = 0.24113475177304963
recall = 0.2664576802507837
