f1 = 0.4992721979621543
loss = 0.3876094102859497
precision = 0.4537037037037037
recall = 0.5550161812297735
