f1 = 0.699909338168631
loss = 0.22937799096107483
precision = 0.8853211009174312
recall = 0.5787106446776612
