f1 = 0.05467625899280575
loss = 1.2915144562721252
precision = 0.9047619047619048
recall = 0.028189910979228485
