f1 = 0.82922954725973
loss = 0.24450901448726653
precision = 0.8143525741029641
recall = 0.8446601941747572
