f1 = 0.7643142476697736
loss = 0.19205682799220086
precision = 0.7340153452685422
recall = 0.7972222222222223
