f1 = 0.8794835007173601
loss = 0.16932532489299773
precision = 0.8513888888888889
recall = 0.9094955489614244
