f1 = 0.4210526315789474
loss = 0.5851299613714218
precision = 0.4371584699453552
recall = 0.40609137055837563
