f1 = 0.15306859205776172
loss = 0.6730679512023926
precision = 0.13820078226857888
recall = 0.1715210355987055
