f1 = 0.09302325581395349
loss = 0.6575231850147247
precision = 0.08583690987124463
recall = 0.10152284263959391
