f1 = 0.4848056537102473
loss = 0.39439332485198975
precision = 0.43036386449184444
recall = 0.5550161812297735
