f1 = 0.05714285714285714
loss = 1.1994708895683288
precision = 0.7037037037037037
recall = 0.029780564263322883
