f1 = 0.7686635944700462
loss = 0.24048252552747726
precision = 0.8597938144329897
recall = 0.695
