f1 = 0.3917525773195876
loss = 0.12915670797228812
precision = 0.4470588235294118
recall = 0.3486238532110092
