f1 = 0.7708894878706198
loss = 0.2055523157119751
precision = 0.7486910994764397
recall = 0.7944444444444444
