f1 = 0.12466124661246611
loss = 0.980775249004364
precision = 0.71875
recall = 0.06824925816023739
