f1 = 0.4161073825503356
loss = 0.7354951798915863
precision = 0.6138613861386139
recall = 0.3147208121827411
