f1 = 0.5219638242894057
loss = 0.48249873518943787
precision = 0.531578947368421
recall = 0.5126903553299492
