f1 = 0.6331168831168832
loss = 0.30364834517240524
precision = 0.5945121951219512
recall = 0.6770833333333334
