f1 = 0.9320672023374726
loss = 0.07779962792992592
precision = 0.9088319088319088
recall = 0.9565217391304348
