f1 = 0.8460264900662251
loss = 0.20481077656149865
precision = 0.8964912280701754
recall = 0.8009404388714734
