f1 = 0.5454545454545455
loss = 0.44780030846595764
precision = 0.576271186440678
recall = 0.5177664974619289
