f1 = 0.006289308176100629
loss = 1.2351184534091575
precision = 0.23529411764705882
recall = 0.0031872509960159364
