f1 = 0.8942148760330579
loss = 0.13162759207189084
precision = 0.8868852459016393
recall = 0.9016666666666666
