f1 = 0.7445652173913043
loss = 0.22373797595500947
precision = 0.7287234042553191
recall = 0.7611111111111111
