f1 = 0.872624912033779
loss = 0.11377300620079041
precision = 0.8299866131191432
recall = 0.9198813056379822
