f1 = 0.9080291970802921
loss = 0.11021214053034782
precision = 0.8847795163584637
recall = 0.9325337331334332
