f1 = 0.6905187835420393
loss = 0.33432176113128664
precision = 0.8693693693693694
recall = 0.5727002967359051
