f1 = 0.923760177646188
loss = 0.09761261120438576
precision = 0.9122807017543859
recall = 0.9355322338830585
