f1 = 0.4880054832076765
loss = 0.24947233498096466
precision = 0.4535031847133758
recall = 0.5281899109792285
