f1 = 0.5258620689655172
loss = 0.12749172300100325
precision = 0.4959349593495935
recall = 0.5596330275229358
