f1 = 0.034509803921568626
loss = 1.1164465308189393
precision = 0.03259259259259259
recall = 0.03666666666666667
