f1 = 0.8472440944881889
loss = 0.19409444481134414
precision = 0.8251533742331288
recall = 0.8705501618122977
