f1 = 0.0704225352112676
loss = 1.0505621671676635
precision = 0.6944444444444444
recall = 0.037091988130563795
