f1 = 0.45202020202020204
loss = 0.3262485176324844
precision = 0.41435185185185186
recall = 0.49722222222222223
