f1 = 0.9218289085545723
loss = 0.08596589192748069
precision = 0.9071117561683599
recall = 0.9370314842578711
