f1 = 0.7763496143958869
loss = 0.2233400821685791
precision = 0.825136612021858
recall = 0.7330097087378641
