f1 = 0.39411098527746313
loss = 0.7091902315616607
precision = 0.8325358851674641
recall = 0.258160237388724
