f1 = 0.3620915032679739
loss = 0.286125111579895
precision = 0.320973348783314
recall = 0.41529235382308843
