f1 = 0.813031161473088
loss = 0.213458813726902
precision = 0.7777777777777778
recall = 0.8516320474777448
