f1 = 0.42713567839195987
loss = 0.5399527251720428
precision = 0.4228855721393035
recall = 0.43147208121827413
