f1 = 0.4573055028462998
loss = 0.32448962032794954
precision = 0.6342105263157894
recall = 0.35756676557863504
