f1 = 0.05444126074498567
loss = 1.197931206226349
precision = 0.7916666666666666
recall = 0.028189910979228485
