f1 = 0.6964856230031948
loss = 0.23200994729995728
precision = 0.6449704142011834
recall = 0.7569444444444444
