f1 = 0.871259568545581
loss = 0.192374187707901
precision = 0.8204456094364351
recall = 0.9287833827893175
