f1 = 0.7128712871287128
loss = 0.1038190945982933
precision = 0.7741935483870968
recall = 0.6605504587155964
