f1 = 0.4974093264248705
loss = 0.46396544575691223
precision = 0.5079365079365079
recall = 0.4873096446700508
