f1 = 0.2352941176470588
loss = 0.3733040809631348
precision = 0.5025641025641026
recall = 0.1536050156739812
