f1 = 0.6528497409326425
loss = 0.3803006708621979
precision = 0.6666666666666666
recall = 0.6395939086294417
