f1 = 0.36109167249825047
loss = 0.37347798347473143
precision = 0.34172185430463575
recall = 0.3827893175074184
