f1 = 0.6243386243386243
loss = 0.45944464206695557
precision = 0.6519337016574586
recall = 0.5989847715736041
