f1 = 0.5718799368088467
loss = 0.2698868662118912
precision = 0.5246376811594203
recall = 0.6284722222222222
