f1 = 0.8147566718995289
loss = 0.1892683118581772
precision = 0.7911585365853658
recall = 0.8398058252427184
