f1 = 0.24342105263157895
loss = 0.8234214186668396
precision = 0.34579439252336447
recall = 0.18781725888324874
