f1 = 0.12166172106824924
loss = 0.8010960817337036
precision = 0.11549295774647887
recall = 0.12852664576802508
