f1 = 0.631578947368421
loss = 0.2621595948934555
precision = 0.6
recall = 0.6666666666666666
