f1 = 0.255
loss = 0.8464003741741181
precision = 0.8095238095238095
recall = 0.1513353115727003
