f1 = 0.8173228346456692
loss = 0.23471348285675048
precision = 0.7960122699386503
recall = 0.8398058252427184
