f1 = 0.6666666666666667
loss = 0.2421072542667389
precision = 0.6206415620641562
recall = 0.7200647249190939
