f1 = 0.8315171835708298
loss = 0.20153782442212104
precision = 0.8936936936936937
recall = 0.7774294670846394
