f1 = 0.08583690987124463
loss = 0.7296154201030731
precision = 0.2777777777777778
recall = 0.050761421319796954
