f1 = 0.3814064362336114
loss = 0.821976113319397
precision = 0.7239819004524887
recall = 0.2588996763754045
