f1 = 0.3714637146371464
loss = 0.742302131652832
precision = 0.7743589743589744
recall = 0.24433656957928804
