f1 = 0.8369795342272407
loss = 0.22114000767469405
precision = 0.7981157469717362
recall = 0.8798219584569733
