f1 = 0.36437490597261923
loss = 0.8657863800432167
precision = 0.7443146896127842
recall = 0.2412350597609562
