f1 = 0.5844504021447722
loss = 0.48195087909698486
precision = 0.6193181818181818
recall = 0.5532994923857868
