f1 = 0.16192109777015437
loss = 0.6940572907527288
precision = 0.582716049382716
recall = 0.09402390438247012
