f1 = 0.6773255813953488
loss = 0.3236635588109493
precision = 0.6472222222222223
recall = 0.7103658536585366
