f1 = 0.7323704333050128
loss = 0.1835242584347725
precision = 0.7469670710571924
recall = 0.7183333333333334
