f1 = 0.7651006711409396
loss = 0.2319934442639351
precision = 0.7402597402597403
recall = 0.7916666666666666
