f1 = 0.33911077618688773
loss = 0.5093522489070892
precision = 0.31734837799717913
recall = 0.3640776699029126
