f1 = 0.8487947406866326
loss = 0.15331258326768876
precision = 0.8359712230215828
recall = 0.8620178041543026
