f1 = 0.7981510015408321
loss = 0.11784520074725151
precision = 0.7848484848484848
recall = 0.8119122257053292
