f1 = 0.776034236804565
loss = 0.16519000381231308
precision = 0.7120418848167539
recall = 0.8526645768025078
