f1 = 0.014054813773717497
loss = 1.1380675077438354
precision = 0.013227513227513227
recall = 0.014992503748125937
