f1 = 0.6112600536193029
loss = 0.519731879234314
precision = 0.6477272727272727
recall = 0.5786802030456852
