f1 = 0.14135338345864662
loss = 1.2366050362586976
precision = 0.7230769230769231
recall = 0.07833333333333334
