f1 = 0.20975609756097563
loss = 1.0949948579072952
precision = 0.524390243902439
recall = 0.13109756097560976
