f1 = 0.732919254658385
loss = 0.24323789775371552
precision = 0.8978260869565218
recall = 0.6191904047976012
