f1 = 0.9292628443782577
loss = 0.09217737466096879
precision = 0.9230769230769231
recall = 0.9355322338830585
