f1 = 0.17266187050359713
loss = 0.5099047899246216
precision = 0.1518987341772152
recall = 0.2
