f1 = 0.43540669856459335
loss = 0.4313430190086365
precision = 0.41743119266055045
recall = 0.455
