f1 = 0.8364732479276563
loss = 0.12704152166843413
precision = 0.8055152394775036
recall = 0.8699059561128527
