f1 = 0.8125
loss = 0.09253112524747849
precision = 0.7913043478260869
recall = 0.8348623853211009
