f1 = 0.7762557077625571
loss = 0.08806567639112473
precision = 0.7727272727272727
recall = 0.7798165137614679
