f1 = 0.9042904290429042
loss = 0.10042007677257062
precision = 0.8954248366013072
recall = 0.9133333333333333
