f1 = 0.7560975609756098
loss = 0.1448372036218643
precision = 0.7359050445103857
recall = 0.7774294670846394
