f1 = 0.7285921625544266
loss = 0.2966412976384163
precision = 0.6952908587257618
recall = 0.7652439024390244
