f1 = 0.3045685279187817
loss = 0.6947258338332176
precision = 0.5660377358490566
recall = 0.20833333333333334
