f1 = 0.9029905178701678
loss = 0.11416964307427406
precision = 0.8792613636363636
recall = 0.9280359820089955
