f1 = 0.8674121405750799
loss = 0.16869418323040009
precision = 0.8564668769716088
recall = 0.8786407766990292
