f1 = 0.03846153846153846
loss = 0.8203462958335876
precision = 0.03571428571428571
recall = 0.041666666666666664
