f1 = 0.11826347305389222
loss = 0.8352279543876648
precision = 0.11318051575931232
recall = 0.1238244514106583
