f1 = 0.1436950146627566
loss = 0.61703310161829
precision = 0.12436548223350254
recall = 0.1701388888888889
