f1 = 0.7408491947291362
loss = 0.34017834067344666
precision = 0.7126760563380282
recall = 0.7713414634146342
