f1 = 0.8116710875331565
loss = 0.17311589866876603
precision = 0.7766497461928934
recall = 0.85
