f1 = 0.6378378378378379
loss = 0.4651225656270981
precision = 0.6820809248554913
recall = 0.5989847715736041
