f1 = 0.5641025641025641
loss = 0.4348418116569519
precision = 0.5699481865284974
recall = 0.5583756345177665
