f1 = 0.8053375196232339
loss = 0.2572712108492851
precision = 0.7820121951219512
recall = 0.8300970873786407
