f1 = 0.45817044566067244
loss = 0.2801113724708557
precision = 0.43151693667157587
recall = 0.48833333333333334
