f1 = 0.8504306969459671
loss = 0.15074303597211838
precision = 0.8239757207890743
recall = 0.8786407766990292
