f1 = 0.28954423592493295
loss = 0.787467360496521
precision = 0.6352941176470588
recall = 0.1875
