f1 = 0.6863270777479893
loss = 0.36417490243911743
precision = 0.7272727272727273
recall = 0.649746192893401
