f1 = 0.7133550488599347
loss = 0.32325106486678123
precision = 0.6717791411042945
recall = 0.7604166666666666
