f1 = 0.3024296675191816
loss = 0.9380467849619248
precision = 0.7653721682847896
recall = 0.18844621513944224
