f1 = 0.8159165539887966
loss = 0.1632418642802091
precision = 0.7919010123734533
recall = 0.8414342629482072
