f1 = 0.7489361702127659
loss = 0.2273503303527832
precision = 0.717391304347826
recall = 0.7833827893175074
