f1 = 0.7715053763440862
loss = 0.21307720243930817
precision = 0.7473958333333334
recall = 0.7972222222222223
