f1 = 0.6120556414219473
loss = 0.2900806590914726
precision = 0.5515320334261838
recall = 0.6875
