f1 = 0.4931506849315069
loss = 0.11270690634846688
precision = 0.4909090909090909
recall = 0.4954128440366973
