f1 = 0.5207006369426752
loss = 0.27961894273757937
precision = 0.49847560975609756
recall = 0.545
