f1 = 0.5503791982665223
loss = 0.5108289420604706
precision = 0.7863777089783281
recall = 0.42333333333333334
