f1 = 0.6509186351706037
loss = 0.31786729097366334
precision = 0.7931769722814499
recall = 0.5519287833827893
