f1 = 0.5519287833827894
loss = 0.5793414115905762
precision = 0.6642857142857143
recall = 0.4720812182741117
