f1 = 0.46249999999999997
loss = 0.11015738248825073
precision = 0.7254901960784313
recall = 0.3394495412844037
