f1 = 0.04207920792079207
loss = 0.8862097501754761
precision = 0.03794642857142857
recall = 0.04722222222222222
