f1 = 0.2701908957415565
loss = 0.5734164297580719
precision = 0.2541436464088398
recall = 0.2884012539184953
