f1 = 0.9047981721249048
loss = 0.09028051495552063
precision = 0.88
recall = 0.9310344827586207
