f1 = 0.5546666666666668
loss = 0.5623058080673218
precision = 0.5842696629213483
recall = 0.5279187817258884
