f1 = 0.8555620267909144
loss = 0.13270833359246015
precision = 0.83434305187429
recall = 0.8778884462151394
