f1 = 0.43052555795536357
loss = 0.23538225889205933
precision = 0.3981358189081225
recall = 0.46865203761755486
