f1 = 0.9191176470588235
loss = 0.10346917137503624
precision = 0.9018759018759018
recall = 0.9370314842578711
