f1 = 0.8435054773082943
loss = 0.17787728756666182
precision = 0.8166666666666667
recall = 0.872168284789644
