f1 = 0.8708901363271853
loss = 0.18795048892498017
precision = 0.863275039745628
recall = 0.8786407766990292
