f1 = 0.7772435897435898
loss = 0.27444401383399963
precision = 0.7698412698412699
recall = 0.7847896440129449
