f1 = 0.6118251928020566
loss = 0.5208672732114792
precision = 0.6197916666666666
recall = 0.6040609137055838
