f1 = 0.5478036175710593
loss = 0.5144580602645874
precision = 0.5578947368421052
recall = 0.5380710659898477
