f1 = 0.8708751793400288
loss = 0.21092946231365203
precision = 0.8430555555555556
recall = 0.900593471810089
