f1 = 0.8830128205128205
loss = 0.16485633924603463
precision = 0.8746031746031746
recall = 0.8915857605177994
