f1 = 0.4982332155477031
loss = 0.3989440828561783
precision = 0.6844660194174758
recall = 0.39166666666666666
