f1 = 0.5283582089552238
loss = 0.2610678285360336
precision = 0.5042735042735043
recall = 0.554858934169279
