f1 = 0.05740181268882175
loss = 0.9028924256563187
precision = 0.05080213903743316
recall = 0.06597222222222222
