f1 = 0.7240259740259741
loss = 0.2399832271039486
precision = 0.6798780487804879
recall = 0.7743055555555556
