f1 = 0.796221322537112
loss = 0.17757082134485244
precision = 0.7742782152230971
recall = 0.8194444444444444
