f1 = 0.10377358490566038
loss = 1.464085042476654
precision = 0.7333333333333333
recall = 0.05583756345177665
