f1 = 0.30914826498422715
loss = 0.5357348769903183
precision = 0.4083333333333333
recall = 0.24873096446700507
