f1 = 0.8594905505341003
loss = 0.16267487406730652
precision = 0.8476499189627229
recall = 0.8716666666666667
