f1 = 0.4521172638436482
loss = 0.24510136842727662
precision = 0.40301974448315914
recall = 0.5148367952522255
