f1 = 0.7898493259318002
loss = 0.2754707783460617
precision = 0.7744945567651633
recall = 0.8058252427184466
