f1 = 0.7318952234206472
loss = 0.24842602610588074
precision = 0.6985294117647058
recall = 0.7686084142394822
