f1 = 0.5670103092783506
loss = 0.49884553253650665
precision = 0.5759162303664922
recall = 0.5583756345177665
