f1 = 0.8941355674028941
loss = 0.08268502354621887
precision = 0.8696296296296296
recall = 0.9200626959247649
