f1 = 0.6269896193771626
loss = 0.27444517612457275
precision = 0.5875486381322957
recall = 0.672106824925816
