f1 = 0.8810888252148998
loss = 0.16448383927345275
precision = 0.8518005540166205
recall = 0.9124629080118695
