f1 = 0.7413660782808903
loss = 0.16856739521026612
precision = 0.7263157894736842
recall = 0.7570532915360502
