f1 = 0.329004329004329
loss = 0.19155475348234177
precision = 0.3114754098360656
recall = 0.3486238532110092
