f1 = 0.7327586206896552
loss = 0.25826605036854744
precision = 0.6929347826086957
recall = 0.7774390243902439
