f1 = 0.13991163475699558
loss = 0.8163403391838073
precision = 0.13194444444444445
recall = 0.14890282131661442
