f1 = 0.9036544850498339
loss = 0.09468100778758526
precision = 0.9006622516556292
recall = 0.9066666666666666
