f1 = 0.9352941176470588
loss = 0.08502890467643738
precision = 0.9177489177489178
recall = 0.9535232383808095
