f1 = 0.2676691729323308
loss = 0.3943556994199753
precision = 0.23607427055702918
recall = 0.3090277777777778
