f1 = 0.7401360544217687
loss = 0.21892916411161423
precision = 0.7253333333333334
recall = 0.7555555555555555
