f1 = 0.6347992351816444
loss = 0.3241846039891243
precision = 0.7063829787234043
recall = 0.5763888888888888
