f1 = 0.845648604269294
loss = 0.11456041969358921
precision = 0.8333333333333334
recall = 0.8583333333333333
