f1 = 0.8542422044960116
loss = 0.12694739177823067
precision = 0.827247191011236
recall = 0.8830584707646177
