f1 = 0.7423822714681442
loss = 0.293430233001709
precision = 0.8322981366459627
recall = 0.67
