f1 = 0.4937655860349127
loss = 0.4555429369211197
precision = 0.4852941176470588
recall = 0.5025380710659898
