f1 = 0.9236471460340994
loss = 0.10393655113875866
precision = 0.9134897360703812
recall = 0.9340329835082459
