f1 = 0.910077519379845
loss = 0.08609646111726761
precision = 0.9003067484662577
recall = 0.9200626959247649
