f1 = 0.8819776714513556
loss = 0.15973109602928162
precision = 0.8694968553459119
recall = 0.8948220064724919
