f1 = 0.8656476267095735
loss = 0.2061725452542305
precision = 0.8608
recall = 0.8705501618122977
