f1 = 0.7122093023255814
loss = 0.3595481365919113
precision = 0.6805555555555556
recall = 0.7469512195121951
