f1 = 0.7041884816753927
loss = 0.2255994886159897
precision = 0.6658415841584159
recall = 0.7472222222222222
