f1 = 0.16991643454038996
loss = 1.040449583530426
precision = 0.61
recall = 0.09870550161812297
