f1 = 0.8382478632478634
loss = 0.1893175852795442
precision = 0.9039170506912443
recall = 0.7814741035856574
