f1 = 0.1206896551724138
loss = 0.16248178482055664
precision = 1.0
recall = 0.06422018348623854
