f1 = 0.8674897119341562
loss = 0.14931936264038087
precision = 0.8569105691056911
recall = 0.8783333333333333
