f1 = 0.02080624187256177
loss = 0.8127392649650573
precision = 0.019559902200488997
recall = 0.022222222222222223
