f1 = 0.7443105756358768
loss = 0.22037230283021927
precision = 0.7183462532299741
recall = 0.7722222222222223
