f1 = 0.9240214888718342
loss = 0.070908572524786
precision = 0.9052631578947369
recall = 0.9435736677115988
