f1 = 0.8542159180457053
loss = 0.1770884484052658
precision = 0.8325652841781874
recall = 0.8770226537216829
