f1 = 0.03804347826086957
loss = 1.0656470775604248
precision = 0.03508771929824561
recall = 0.04154302670623145
