f1 = 0.8468119779995926
loss = 0.15677742791526458
precision = 0.8664026677782409
recall = 0.8280876494023904
