f1 = 0.7544483985765124
loss = 0.13186803460121155
precision = 0.7250341997264022
recall = 0.7863501483679525
