f1 = 0.1410958904109589
loss = 0.5084859669208527
precision = 0.13104325699745548
recall = 0.15281899109792285
