f1 = 0.7418086500655309
loss = 0.2275957077741623
precision = 0.7022332506203474
recall = 0.7861111111111111
