f1 = 0.8076009501187648
loss = 0.2491748571395874
precision = 0.7906976744186046
recall = 0.8252427184466019
