f1 = 0.8699918233851186
loss = 0.10785152390599251
precision = 0.8539325842696629
recall = 0.8866666666666667
