f1 = 0.5327510917030567
loss = 0.10663958638906479
precision = 0.5083333333333333
recall = 0.5596330275229358
