f1 = 0.011799410029498525
loss = 1.3268314599990845
precision = 1.0
recall = 0.005934718100890208
