f1 = 0.5632096896290689
loss = 0.2537402331829071
precision = 0.5291607396870555
recall = 0.6019417475728155
