f1 = 0.48329048843187655
loss = 0.46403105556964874
precision = 0.4895833333333333
recall = 0.47715736040609136
