f1 = 0.13438735177865613
loss = 0.7266604602336884
precision = 0.30357142857142855
recall = 0.08629441624365482
