f1 = 0.8298368298368297
loss = 0.1894334450364113
precision = 0.7982062780269058
recall = 0.8640776699029126
