f1 = 0.592
loss = 0.4871603548526764
precision = 0.6235955056179775
recall = 0.5634517766497462
