f1 = 0.6389530408006158
loss = 0.2600837260484695
precision = 0.6093979441997063
recall = 0.6715210355987055
