f1 = 0.8652849740932641
loss = 0.133625078946352
precision = 0.8978494623655914
recall = 0.835
