f1 = 0.1475409836065574
loss = 0.2912439852952957
precision = 0.6923076923076923
recall = 0.08256880733944955
