f1 = 0.8700072621641249
loss = 0.11164991110563278
precision = 0.8436619718309859
recall = 0.8980509745127436
