f1 = 0.5848871442590775
loss = 0.4392349451780319
precision = 0.863768115942029
recall = 0.4421364985163205
