f1 = 0.6590389016018308
loss = 0.30320319831371306
precision = 0.6781789638932496
recall = 0.6409495548961425
