f1 = 0.13953488372093023
loss = 1.0727698922157287
precision = 0.796875
recall = 0.07646176911544228
