f1 = 0.836392657621708
loss = 0.22264197915792466
precision = 0.8251968503937008
recall = 0.8478964401294499
