f1 = 0.44984412250137534
loss = 0.2758457296911408
precision = 0.4167516139993204
recall = 0.4886454183266932
