f1 = 0.9182493806771264
loss = 0.11086950227618217
precision = 0.9099836333878887
recall = 0.9266666666666666
