f1 = 0.4009378663540445
loss = 0.7865354299545289
precision = 0.7276595744680852
recall = 0.2766990291262136
