f1 = 0.06294706723891273
loss = 0.8631047606468201
precision = 0.05789473684210526
recall = 0.06896551724137931
