f1 = 0.5911016949152543
loss = 0.4557854950428009
precision = 0.811046511627907
recall = 0.465
