f1 = 0.6970740103270224
loss = 0.284803506731987
precision = 0.8299180327868853
recall = 0.6008902077151336
