f1 = 0.6022099447513812
loss = 0.20476512014865875
precision = 0.5382716049382716
recall = 0.6833855799373041
