f1 = 0.7862068965517242
loss = 0.21001651585102082
precision = 0.7808219178082192
recall = 0.7916666666666666
