f1 = 0.2652439024390244
loss = 0.42975585758686063
precision = 0.2443820224719101
recall = 0.29
