f1 = 0.1800554016620499
loss = 0.5063269212841988
precision = 0.1649746192893401
recall = 0.19817073170731708
