f1 = 0.19852941176470587
loss = 0.3630455076694489
precision = 0.17763157894736842
recall = 0.225
