f1 = 0.21587301587301586
loss = 0.6304776072502136
precision = 0.288135593220339
recall = 0.17258883248730963
