f1 = 0.7027818448023426
loss = 0.2960825078189373
precision = 0.676056338028169
recall = 0.7317073170731707
