f1 = 0.9121278140885984
loss = 0.11259807795286178
precision = 0.8845070422535212
recall = 0.9415292353823088
