f1 = 0.8415622697126013
loss = 0.10741748809814453
precision = 0.7941585535465925
recall = 0.8949843260188087
