f1 = 0.6233766233766234
loss = 0.4737199991941452
precision = 0.6382978723404256
recall = 0.6091370558375635
