f1 = 0.6208791208791209
loss = 0.45153677463531494
precision = 0.6766467065868264
recall = 0.5736040609137056
