f1 = 0.7021943573667713
loss = 0.2763806700706482
precision = 0.6808510638297872
recall = 0.7249190938511327
