f1 = 0.40808080808080804
loss = 0.5511024117469787
precision = 0.7481481481481481
recall = 0.28055555555555556
