f1 = 0.49173098125689085
loss = 0.5977451980113984
precision = 0.7716262975778547
recall = 0.36084142394822005
