f1 = 0.4035216434336023
loss = 0.46492877006530764
precision = 0.3793103448275862
recall = 0.43103448275862066
