f1 = 0.6815809097688292
loss = 0.23140704929828643
precision = 0.6851574212893553
recall = 0.6780415430267063
