f1 = 0.4
loss = 0.17032794803380966
precision = 0.8055555555555556
recall = 0.26605504587155965
