f1 = 0.24086603518267927
loss = 0.8764656066894532
precision = 0.8811881188118812
recall = 0.13949843260188088
