f1 = 0.8664310954063604
loss = 0.17994081676006318
precision = 0.8272604588394062
recall = 0.9094955489614244
