f1 = 0.8253968253968254
loss = 0.1704573765397072
precision = 0.8764044943820225
recall = 0.78
