f1 = 0.8592592592592593
loss = 0.11614915505051612
precision = 0.848780487804878
recall = 0.87
