f1 = 0.12173913043478261
loss = 0.22462596148252487
precision = 0.11570247933884298
recall = 0.12844036697247707
