f1 = 0.004166666666666667
loss = 1.2921302914619446
precision = 0.0039164490861618795
recall = 0.004451038575667656
