f1 = 0.5502183406113538
loss = 0.3353275954723358
precision = 0.7411764705882353
recall = 0.4375
