f1 = 0.31055900621118016
loss = 0.6814594328403473
precision = 0.6097560975609756
recall = 0.20833333333333334
