f1 = 0.8728103579588729
loss = 0.12674423009157182
precision = 0.8869969040247678
recall = 0.8590704647676162
