f1 = 0.41430332922318125
loss = 0.36769934594631193
precision = 0.37250554323725055
recall = 0.4666666666666667
