f1 = 0.02531645569620253
loss = 0.2720964714884758
precision = 0.0234375
recall = 0.027522935779816515
