f1 = 0.8983333333333333
loss = 0.10205653011798858
precision = 0.8983333333333333
recall = 0.8983333333333333
