f1 = 0.9068425391591096
loss = 0.1112662672996521
precision = 0.8972267536704731
recall = 0.9166666666666666
