f1 = 0.46956521739130436
loss = 0.11021796241402626
precision = 0.4462809917355372
recall = 0.4954128440366973
