f1 = 0.8152260111022998
loss = 0.23883814960718155
precision = 0.7993779160186625
recall = 0.8317152103559871
