f1 = 0.08133971291866028
loss = 0.7269748449325562
precision = 0.07142857142857142
recall = 0.09444444444444444
