f1 = 0.7776298268974701
loss = 0.19308947771787643
precision = 0.7468030690537084
recall = 0.8111111111111111
