f1 = 0.9235026685115635
loss = 0.09367786208995134
precision = 0.9164378187524519
recall = 0.9306772908366534
