f1 = 0.6164978292329957
loss = 0.21580933332443236
precision = 0.5958041958041959
recall = 0.638680659670165
