f1 = 0.715917745620716
loss = 0.21011533215641975
precision = 0.6962962962962963
recall = 0.7366771159874608
