f1 = 0.8460987831066571
loss = 0.15520814508199693
precision = 0.8174273858921162
recall = 0.8768545994065282
