f1 = 0.2346938775510204
loss = 0.38515654802322385
precision = 0.21934604904632152
recall = 0.25235109717868337
