f1 = 0.2575757575757576
loss = 0.19506517350673674
precision = 0.7391304347826086
recall = 0.1559633027522936
