f1 = 0.2828136330674402
loss = 0.38183132410049436
precision = 0.25624178712220763
recall = 0.3155339805825243
