f1 = 0.5664233576642336
loss = 0.2922637388110161
precision = 0.5434173669467787
recall = 0.5914634146341463
