f1 = 0.9210134128166916
loss = 0.08702294416725635
precision = 0.9155555555555556
recall = 0.9265367316341829
