f1 = 0.017045454545454548
loss = 1.0976567417383194
precision = 0.014423076923076924
recall = 0.020833333333333332
