f1 = 0.8319327731092437
loss = 0.178092011064291
precision = 0.8967391304347826
recall = 0.7758620689655172
