f1 = 0.5295546558704453
loss = 0.25525797307491305
precision = 0.5149606299212598
recall = 0.545
