f1 = 0.7220902612826603
loss = 0.1568666875362396
precision = 0.6877828054298643
recall = 0.76
