f1 = 0.25359477124183005
loss = 0.8685057282447814
precision = 0.6598639455782312
recall = 0.156957928802589
