f1 = 0.20136054421768707
loss = 0.9188858509063721
precision = 0.7628865979381443
recall = 0.11598746081504702
