f1 = 0.02764976958525346
loss = 0.9230615794658661
precision = 0.15
recall = 0.015228426395939087
