f1 = 0.0730593607305936
loss = 0.7618390023708344
precision = 0.36363636363636365
recall = 0.04060913705583756
