f1 = 0.7042766151046406
loss = 0.3308884590864182
precision = 0.8045738045738046
recall = 0.6262135922330098
