f1 = 0.7247706422018348
loss = 0.08265979811549187
precision = 0.7247706422018348
recall = 0.7247706422018348
