f1 = 0.7777777777777778
loss = 0.21775121092796326
precision = 0.7424242424242424
recall = 0.8166666666666667
