f1 = 0.005105046141763205
loss = 1.6196250962276084
precision = 0.1780821917808219
recall = 0.0025896414342629482
