f1 = 0.9310611928737412
loss = 0.06656495630741119
precision = 0.9203675344563553
recall = 0.9420062695924765
