f1 = 0.7161438408569242
loss = 0.18269600421190263
precision = 0.6995515695067265
recall = 0.7335423197492164
