f1 = 0.8658940397350995
loss = 0.14041591361165046
precision = 0.8601973684210527
recall = 0.8716666666666667
