f1 = 0.732846715328467
loss = 0.29147224500775337
precision = 0.7030812324929971
recall = 0.7652439024390244
