f1 = 0.6810477657935285
loss = 0.2504032030701637
precision = 0.6121883656509696
recall = 0.7673611111111112
