f1 = 0.03198781416603199
loss = 1.0629663146009631
precision = 0.3620689655172414
recall = 0.016733067729083666
