f1 = 0.11192660550458715
loss = 1.4594780487172745
precision = 0.7093023255813954
recall = 0.060756972111553786
