f1 = 0.7903871829105474
loss = 0.2190162271261215
precision = 0.7609254498714653
recall = 0.8222222222222222
