f1 = 0.6020892687559353
loss = 0.4208926260471344
precision = 0.728735632183908
recall = 0.5129449838187702
