f1 = 0.049612403100775186
loss = 1.2069409489631653
precision = 0.0463768115942029
recall = 0.05333333333333334
