f1 = 0.1254404510218464
loss = 0.5132356703281402
precision = 0.1111111111111111
recall = 0.14401294498381878
