f1 = 0.7384556793297155
loss = 0.17616708079973856
precision = 0.7072770381178187
recall = 0.7725099601593626
