f1 = 0.9006116207951071
loss = 0.08820881843566894
precision = 0.8791044776119403
recall = 0.9231974921630094
