f1 = 0.6267029972752043
loss = 0.5285548567771912
precision = 0.6764705882352942
recall = 0.583756345177665
