f1 = 0.7333333333333334
loss = 0.3104582764208317
precision = 0.7051282051282052
recall = 0.7638888888888888
