f1 = 0.04741980474198047
loss = 0.9641140222549438
precision = 0.04432855280312908
recall = 0.050974512743628186
