f1 = 0.1992337164750958
loss = 0.6147004783153533
precision = 0.18439716312056736
recall = 0.21666666666666667
