f1 = 0.7785312923851966
loss = 0.15059743777793996
precision = 0.7578272350056583
recall = 0.800398406374502
