f1 = 0.6829268292682926
loss = 0.3956779181957245
precision = 0.8504672897196262
recall = 0.5705329153605015
