f1 = 0.6166219839142091
loss = 0.43486280739307404
precision = 0.6534090909090909
recall = 0.583756345177665
