f1 = 0.8692120227457353
loss = 0.14238661676645278
precision = 0.9021922428330523
recall = 0.8385579937304075
