f1 = 0.11550577528876443
loss = 0.757857512901811
precision = 0.4755043227665706
recall = 0.06573705179282868
