f1 = 0.5299145299145299
loss = 0.45499271154403687
precision = 0.6038961038961039
recall = 0.4720812182741117
