f1 = 0.8088119590873329
loss = 0.24170445501804352
precision = 0.7871362940275651
recall = 0.8317152103559871
