f1 = 0.742857142857143
loss = 0.2156241573393345
precision = 0.6842105263157895
recall = 0.8125
