f1 = 0.7332242225859248
loss = 0.295738760381937
precision = 0.6934984520123839
recall = 0.7777777777777778
