f1 = 0.8704980842911878
loss = 0.11691133528947831
precision = 0.8515742128935532
recall = 0.890282131661442
