f1 = 0.49408284023668636
loss = 0.39499811083078384
precision = 0.47988505747126436
recall = 0.5091463414634146
