f1 = 0.8830409356725147
loss = 0.10947126224637031
precision = 0.8616262482168331
recall = 0.9055472263868066
