f1 = 0.7930489731437599
loss = 0.2637777775526047
precision = 0.7746913580246914
recall = 0.8122977346278317
