f1 = 0.7524115755627008
loss = 0.2168276160955429
precision = 0.7005988023952096
recall = 0.8125
