f1 = 0.8573743922204214
loss = 0.13647315204143523
precision = 0.8343848580441641
recall = 0.8816666666666667
