f1 = 0.0505050505050505
loss = 1.049715667963028
precision = 0.05025125628140704
recall = 0.050761421319796954
