f1 = 0.16802800466744455
loss = 0.5143223345279694
precision = 0.2801556420233463
recall = 0.12
