f1 = 0.5180180180180181
loss = 0.5884636044502258
precision = 0.7986111111111112
recall = 0.38333333333333336
