f1 = 0.8243727598566308
loss = 0.22887578904628753
precision = 0.79750346740638
recall = 0.8531157270029673
