f1 = 0.0916030534351145
loss = 0.8992375731468201
precision = 0.09183673469387756
recall = 0.09137055837563451
