f1 = 0.43828715365239296
loss = 0.491681769490242
precision = 0.435
recall = 0.4416243654822335
