f1 = 0.09737827715355807
loss = 0.6370095610618591
precision = 0.18571428571428572
recall = 0.06598984771573604
