f1 = 0.11732605729877214
loss = 0.9645292401313782
precision = 0.7288135593220338
recall = 0.06379821958456973
