f1 = 0.9276844411979547
loss = 0.08696362115442753
precision = 0.9045584045584045
recall = 0.952023988005997
