f1 = 0.6845425867507886
loss = 0.3139939546585083
precision = 0.791970802919708
recall = 0.6027777777777777
