f1 = 0.05056890012642225
loss = 0.884585440158844
precision = 0.04640371229698376
recall = 0.05555555555555555
