f1 = 0.7126197417742608
loss = 0.2430184519320142
precision = 0.7465095986038395
recall = 0.6816733067729084
