f1 = 0.6513761467889908
loss = 0.11994013339281082
precision = 0.6513761467889908
recall = 0.6513761467889908
