f1 = 0.8248337028824834
loss = 0.11648317575454711
precision = 0.7804195804195804
recall = 0.8746081504702194
