f1 = 0.2716049382716049
loss = 1.0749441981315613
precision = 0.717391304347826
recall = 0.16751269035532995
