f1 = 0.7488584474885845
loss = 0.07336852848529815
precision = 0.7454545454545455
recall = 0.7522935779816514
