f1 = 0.008771929824561405
loss = 0.9314018368721009
precision = 0.3
recall = 0.004451038575667656
