f1 = 0.7410586552217453
loss = 0.32554028183221817
precision = 0.6981132075471698
recall = 0.7896341463414634
