f1 = 0.24521072796934865
loss = 0.873026704788208
precision = 0.5818181818181818
recall = 0.1553398058252427
