f1 = 0.8095238095238094
loss = 0.24837150946259498
precision = 0.8847583643122676
recall = 0.7460815047021944
