f1 = 0.8777292576419214
loss = 0.17655760794878006
precision = 0.8614285714285714
recall = 0.8946587537091988
