f1 = 0.5378346915017462
loss = 0.27470552623271943
precision = 0.46292585170340683
recall = 0.6416666666666667
