f1 = 0.8933002481389578
loss = 0.09844085238873959
precision = 0.8866995073891626
recall = 0.9
