f1 = 0.8734491315136477
loss = 0.1540299355983734
precision = 0.8669950738916257
recall = 0.88
