f1 = 0.16393442622950818
loss = 0.24735005646944047
precision = 0.7692307692307693
recall = 0.09174311926605505
