f1 = 0.5571847507331378
loss = 0.42653220891952515
precision = 0.8166189111747851
recall = 0.4228486646884273
