f1 = 0.1473684210526316
loss = 0.7954882025718689
precision = 0.1416184971098266
recall = 0.1536050156739812
