f1 = 0.5338289962825279
loss = 0.32103063315153124
precision = 0.5077793493635078
recall = 0.5626959247648903
