f1 = 0.06837606837606838
loss = 0.26498772352933886
precision = 0.5
recall = 0.03669724770642202
