f1 = 0.7562111801242236
loss = 0.2386703073978424
precision = 0.7268656716417911
recall = 0.7880258899676376
