f1 = 0.7450462351387055
loss = 0.21188019216060638
precision = 0.7103274559193955
recall = 0.7833333333333333
