f1 = 0.88099173553719
loss = 0.13227422386407853
precision = 0.8737704918032787
recall = 0.8883333333333333
