f1 = 0.8025276461295419
loss = 0.25959594249725343
precision = 0.7839506172839507
recall = 0.8220064724919094
