f1 = 0.22641509433962265
loss = 0.6931189894676208
precision = 0.21145374449339208
recall = 0.2436548223350254
