f1 = 0.09640397857689365
loss = 0.7573260068893433
precision = 0.0891089108910891
recall = 0.105
