f1 = 0.14123624047417443
loss = 0.7074054123139849
precision = 0.4711864406779661
recall = 0.08306772908366535
