f1 = 0.26537216828478966
loss = 0.5978978872299194
precision = 0.36607142857142855
recall = 0.20812182741116753
