f1 = 0.6955177743431221
loss = 0.2918810695409775
precision = 0.6267409470752089
recall = 0.78125
