f1 = 0.041884816753926704
loss = 0.9717043876647949
precision = 0.03894297635605007
recall = 0.045307443365695796
