f1 = 0.7453580901856763
loss = 0.20663309544324876
precision = 0.7131979695431472
recall = 0.7805555555555556
