f1 = 0.7060402684563758
loss = 0.2704812452197075
precision = 0.6831168831168831
recall = 0.7305555555555555
