f1 = 0.8732193732193733
loss = 0.1711648989468813
precision = 0.8397260273972603
recall = 0.9094955489614244
