f1 = 0.020964360587002098
loss = 0.87934250831604
precision = 0.01963350785340314
recall = 0.022488755622188907
