f1 = 0.5319634703196348
loss = 0.6482131719589234
precision = 0.8442028985507246
recall = 0.3883333333333333
