f1 = 0.3548387096774194
loss = 0.6042724400758743
precision = 0.48672566371681414
recall = 0.27918781725888325
