f1 = 0.7909090909090909
loss = 0.08638875558972359
precision = 0.7837837837837838
recall = 0.7981651376146789
