f1 = 0.07339798440768207
loss = 1.6674128104658688
precision = 0.8075313807531381
recall = 0.038446215139442234
