f1 = 0.5054263565891473
loss = 0.3638209328055382
precision = 0.4565826330532213
recall = 0.5659722222222222
