f1 = 0.008759124087591242
loss = 0.42398402094841003
precision = 0.2727272727272727
recall = 0.004451038575667656
