f1 = 0.04068857589984351
loss = 1.2318069696426392
precision = 0.038348082595870206
recall = 0.043333333333333335
