f1 = 0.7280701754385965
loss = 0.28978675603866577
precision = 0.699438202247191
recall = 0.7591463414634146
