f1 = 0.8237179487179487
loss = 0.24883702397346497
precision = 0.8158730158730159
recall = 0.8317152103559871
