f1 = 0.7376543209876544
loss = 0.17388405799865722
precision = 0.7264437689969605
recall = 0.7492163009404389
