f1 = 0.45588235294117646
loss = 0.44527748227119446
precision = 0.44075829383886256
recall = 0.4720812182741117
