f1 = 0.9123669123669124
loss = 0.08983350917696953
precision = 0.8969404186795491
recall = 0.9283333333333333
