f1 = 0.17081850533807827
loss = 0.7681327164173126
precision = 0.2857142857142857
recall = 0.1218274111675127
