f1 = 0.9410029498525074
loss = 0.08027741760015487
precision = 0.9259796806966618
recall = 0.9565217391304348
