f1 = 0.6089238845144357
loss = 0.43066464364528656
precision = 0.6304347826086957
recall = 0.5888324873096447
