f1 = 0.010767160161507403
loss = 1.0047811269760132
precision = 0.00963855421686747
recall = 0.012195121951219513
