f1 = 0.46022727272727276
loss = 0.4668206721544266
precision = 0.5225806451612903
recall = 0.41116751269035534
