f1 = 0.2869565217391304
loss = 0.7322394609451294
precision = 0.66
recall = 0.18333333333333332
