f1 = 0.34263959390862947
loss = 0.3374746650457382
precision = 0.31542056074766356
recall = 0.375
