f1 = 0.08859060402684564
loss = 0.6669731736183167
precision = 0.07913669064748201
recall = 0.10060975609756098
