f1 = 0.12328767123287672
loss = 1.0367662906646729
precision = 0.8035714285714286
recall = 0.06676557863501484
