f1 = 0.014450867052023125
loss = 0.9031026601791382
precision = 0.2777777777777778
recall = 0.00741839762611276
