f1 = 0.5471698113207547
loss = 0.2865941561758518
precision = 0.5
recall = 0.6041666666666666
