f1 = 0.1111111111111111
loss = 1.0050756692886353
precision = 0.8695652173913043
recall = 0.05934718100890208
