f1 = 0.4767616191904048
loss = 0.264986851811409
precision = 0.4818181818181818
recall = 0.47181008902077154
