f1 = 0.006906077348066298
loss = 1.024932050704956
precision = 0.006459948320413436
recall = 0.00741839762611276
