f1 = 0.6938775510204082
loss = 0.2490561082959175
precision = 0.6332378223495702
recall = 0.7673611111111112
