f1 = 0.8179959100204498
loss = 0.22133828401565553
precision = 0.7566204287515763
recall = 0.8902077151335311
