f1 = 0.17520215633423178
loss = 1.054291272163391
precision = 0.8666666666666667
recall = 0.09745127436281859
