f1 = 0.8535211267605634
loss = 0.11937325820326805
precision = 0.8123324396782842
recall = 0.8991097922848664
