f1 = 0.336996336996337
loss = 0.7542313039302826
precision = 0.6052631578947368
recall = 0.233502538071066
