f1 = 0.39628482972136225
loss = 0.2868923097848892
precision = 0.41423948220064727
recall = 0.3798219584569733
