f1 = 0.028314028314028315
loss = 0.808789324760437
precision = 0.026378896882494004
recall = 0.030555555555555555
