f1 = 0.6905710491367861
loss = 0.24080559015274047
precision = 0.6615776081424937
recall = 0.7222222222222222
