f1 = 0.5074626865671642
loss = 0.6288479745388031
precision = 0.8154981549815498
recall = 0.36833333333333335
