f1 = 0.0029411764705882353
loss = 1.1846528768539428
precision = 0.16666666666666666
recall = 0.001483679525222552
