f1 = 0.917246713070379
loss = 0.09764004796743393
precision = 0.9053435114503817
recall = 0.9294670846394985
