f1 = 0.8537134283570893
loss = 0.22007518708705903
precision = 0.8634294385432474
recall = 0.844213649851632
