f1 = 0.2842377260981912
loss = 0.704325407743454
precision = 0.2894736842105263
recall = 0.27918781725888325
