f1 = 0.9020817270624518
loss = 0.10333689153194428
precision = 0.8877086494688923
recall = 0.9169278996865203
