f1 = 0.7690253671562083
loss = 0.20238324254751205
precision = 0.7403598971722365
recall = 0.8
