f1 = 0.8850289495450787
loss = 0.1278072938323021
precision = 0.8784893267651889
recall = 0.8916666666666667
