f1 = 0.004120879120879121
loss = 1.0278034448623656
precision = 0.0038363171355498722
recall = 0.004451038575667656
