f1 = 0.8630705394190872
loss = 0.16863865330815314
precision = 0.859504132231405
recall = 0.8666666666666667
