f1 = 0.9049429657794676
loss = 0.08296104297041892
precision = 0.8788774002954209
recall = 0.932601880877743
