f1 = 0.9249432882927309
loss = 0.08449247140008226
precision = 0.9159992185973823
recall = 0.9340637450199203
