f1 = 0.6923076923076924
loss = 0.0840840183198452
precision = 0.648
recall = 0.7431192660550459
