f1 = 0.7123287671232876
loss = 0.09297297820448876
precision = 0.7090909090909091
recall = 0.7155963302752294
