f1 = 0.8241935483870967
loss = 0.14244645982980728
precision = 0.8917975567190227
recall = 0.7661169415292354
