f1 = 0.7094240837696335
loss = 0.20412645488977432
precision = 0.6707920792079208
recall = 0.7527777777777778
