f1 = 0.3851351351351351
loss = 0.6673293590545655
precision = 0.7990654205607477
recall = 0.25370919881305637
