f1 = 0.0029498525073746312
loss = 1.2154025912284852
precision = 0.25
recall = 0.001483679525222552
