f1 = 0.8122065727699531
loss = 0.17484309673309326
precision = 0.859271523178808
recall = 0.7700296735905044
