f1 = 0.7883934890304317
loss = 0.13262735605239867
precision = 0.7187096774193549
recall = 0.8730407523510971
