f1 = 0.1430722891566265
loss = 0.8620731711387635
precision = 0.13380281690140844
recall = 0.15372168284789645
