f1 = 0.5415282392026578
loss = 0.3034012243151665
precision = 0.5191082802547771
recall = 0.5659722222222222
