f1 = 0.5426470588235294
loss = 0.3106095016002655
precision = 0.4973045822102426
recall = 0.5970873786407767
