f1 = 0.6728971962616822
loss = 0.3051421381533146
precision = 0.6101694915254238
recall = 0.75
