f1 = 0.6339285714285715
loss = 0.09494619555771351
precision = 0.6173913043478261
recall = 0.6513761467889908
