f1 = 0.7176470588235295
loss = 0.28413089737296104
precision = 0.6931818181818182
recall = 0.7439024390243902
