f1 = 0.6453407510431155
loss = 0.30843039229512215
precision = 0.5933503836317136
recall = 0.7073170731707317
