f1 = 0.6241042345276873
loss = 0.1268543168902397
precision = 0.5518433179723502
recall = 0.7181409295352323
