f1 = 0.5698630136986301
loss = 0.48583221435546875
precision = 0.6190476190476191
recall = 0.5279187817258884
