f1 = 0.6656346749226006
loss = 0.2934945225715637
precision = 0.6005586592178771
recall = 0.7465277777777778
