f1 = 0.024427480916030534
loss = 0.5882820606231689
precision = 0.21621621621621623
recall = 0.012944983818770227
