f1 = 0.1208548268238762
loss = 1.0098084807395935
precision = 0.11404728789986092
recall = 0.12852664576802508
