f1 = 0.02678571428571428
loss = 0.25265883803367617
precision = 0.02608695652173913
recall = 0.027522935779816515
