f1 = 0.03949224259520451
loss = 0.9347361922264099
precision = 0.4
recall = 0.020771513353115726
