f1 = 0.8491008600469118
loss = 0.17066006511449813
precision = 0.8214826021180031
recall = 0.8786407766990292
