f1 = 0.8346709470304976
loss = 0.24305983632802963
precision = 0.8280254777070064
recall = 0.8414239482200647
