f1 = 0.03571428571428572
loss = 0.1856221705675125
precision = 0.6666666666666666
recall = 0.01834862385321101
