f1 = 0.5954198473282443
loss = 0.26575148701667783
precision = 0.5492957746478874
recall = 0.65
