f1 = 0.31055900621118016
loss = 0.43649521097540855
precision = 0.31645569620253167
recall = 0.3048780487804878
