f1 = 0.008146639511201629
loss = 1.0319473028182984
precision = 0.007509386733416771
recall = 0.008902077151335312
