f1 = 0.9142857142857141
loss = 0.08875885307788849
precision = 0.9010654490106544
recall = 0.9278996865203761
