f1 = 0.31818181818181823
loss = 0.8248673379421234
precision = 0.6268656716417911
recall = 0.2131979695431472
