f1 = 0.6201550387596899
loss = 0.49429650604724884
precision = 0.631578947368421
recall = 0.6091370558375635
