f1 = 0.9126289161315432
loss = 0.0899403754589787
precision = 0.891974134651959
recall = 0.9342629482071713
