f1 = 0.07808142777467932
loss = 1.4787526200799381
precision = 0.584958217270195
recall = 0.04183266932270916
