f1 = 0.28021390374331545
loss = 0.3252198398113251
precision = 0.44107744107744107
recall = 0.20532915360501566
