f1 = 0.8323977546110666
loss = 0.16733286678791046
precision = 0.8948275862068965
recall = 0.7781109445277361
