f1 = 0.8911764705882352
loss = 0.12865723967552184
precision = 0.8744588744588745
recall = 0.9085457271364318
