f1 = 0.12844036697247707
loss = 0.7373654171824455
precision = 0.11475409836065574
recall = 0.14583333333333334
