f1 = 0.6374269005847953
loss = 0.3288467079401016
precision = 0.6123595505617978
recall = 0.6646341463414634
