f1 = 0.763877381938691
loss = 0.14771819934248925
precision = 0.7594728171334432
recall = 0.7683333333333333
