f1 = 0.3609756097560975
loss = 0.7845929861068726
precision = 0.7326732673267327
recall = 0.23948220064724918
