f1 = 0.7531734837799718
loss = 0.23256934881210328
precision = 0.717741935483871
recall = 0.7922848664688428
