f1 = 0.3318777292576419
loss = 0.12580773383378982
precision = 0.31666666666666665
recall = 0.3486238532110092
