f1 = 0.0023833167825223437
loss = 1.01860123054654
precision = 0.4
recall = 0.001195219123505976
