f1 = 0.7539936102236422
loss = 0.23009737208485603
precision = 0.6982248520710059
recall = 0.8194444444444444
