f1 = 0.4376899696048632
loss = 0.2973128594458103
precision = 0.3891891891891892
recall = 0.5
