f1 = 0.8035003977724741
loss = 0.22619442790746688
precision = 0.7902973395931142
recall = 0.8171521035598706
