f1 = 0.6812227074235808
loss = 0.3109818063676357
precision = 0.6518105849582173
recall = 0.7134146341463414
