f1 = 0.07441860465116279
loss = 1.4953172206878662
precision = 0.4444444444444444
recall = 0.04060913705583756
