f1 = 0.7452830188679245
loss = 0.12413320615887642
precision = 0.7669902912621359
recall = 0.7247706422018348
