f1 = 0.13236363636363635
loss = 0.7283511519432068
precision = 0.1202113606340819
recall = 0.14724919093851133
