f1 = 0.5728155339805826
loss = 0.36941973865032196
precision = 0.686046511627907
recall = 0.49166666666666664
