f1 = 0.03278688524590164
loss = 0.1337362639605999
precision = 0.04054054054054054
recall = 0.027522935779816515
