f1 = 0.7674113009198423
loss = 0.19057266265153885
precision = 0.7281795511221946
recall = 0.8111111111111111
