f1 = 0.778523489932886
loss = 0.1929675191640854
precision = 0.7532467532467533
recall = 0.8055555555555556
