f1 = 0.783739837398374
loss = 0.2394543021917343
precision = 0.7875816993464052
recall = 0.7799352750809061
