f1 = 0.5485232067510548
loss = 0.13292226679623126
precision = 0.5078125
recall = 0.5963302752293578
