f1 = 0.3717624763108022
loss = 1.032208301857406
precision = 0.8971036585365854
recall = 0.2344621513944223
