f1 = 0.7543352601156069
loss = 0.3126562312245369
precision = 0.717032967032967
recall = 0.7957317073170732
