f1 = 0.0611353711790393
loss = 0.22591215074062349
precision = 0.058333333333333334
recall = 0.06422018348623854
