f1 = 0.22127659574468087
loss = 1.1002460718154907
precision = 0.6842105263157895
recall = 0.1319796954314721
