f1 = 0.9128289473684211
loss = 0.09553850665688515
precision = 0.900974025974026
recall = 0.925
