f1 = 0.04610951008645533
loss = 1.5202469676733017
precision = 0.42105263157894735
recall = 0.024390243902439025
