f1 = 0.2491103202846975
loss = 0.7807775139808655
precision = 0.4166666666666667
recall = 0.17766497461928935
