f1 = 0.8633802816901408
loss = 0.16417892873287201
precision = 0.82171581769437
recall = 0.9094955489614244
