f1 = 0.9119341563786008
loss = 0.10279065705835819
precision = 0.9008130081300812
recall = 0.9233333333333333
