f1 = 0.5519713261648745
loss = 0.45346051156520845
precision = 0.7777777777777778
recall = 0.42777777777777776
