f1 = 0.8293545534924845
loss = 0.18140546306967736
precision = 0.8832391713747646
recall = 0.7816666666666666
