f1 = 0.8563340410474168
loss = 0.2112085372209549
precision = 0.8186738836265224
recall = 0.8976261127596439
