f1 = 0.6790123456790124
loss = 0.2646292634308338
precision = 0.6111111111111112
recall = 0.7638888888888888
