f1 = 0.5211365211365212
loss = 0.3174402564764023
precision = 0.4889466840052016
recall = 0.5578635014836796
