f1 = 0.7987711213517664
loss = 0.1928545907139778
precision = 0.7602339181286549
recall = 0.8414239482200647
