f1 = 0.6666666666666667
loss = 0.16215086877346038
precision = 0.5945945945945946
recall = 0.7586206896551724
