f1 = 0.017167381974248927
loss = 0.21769906878471373
precision = 0.016129032258064516
recall = 0.01834862385321101
