f1 = 0.2718446601941748
loss = 0.5809987485408783
precision = 0.375
recall = 0.2131979695431472
