f1 = 0.03712296983758701
loss = 0.6752727329730988
precision = 0.03418803418803419
recall = 0.04060913705583756
