f1 = 0.37276478679504815
loss = 0.28564175247561696
precision = 0.3278886872353297
recall = 0.43187250996015936
