f1 = 0.8773885350318471
loss = 0.1592875301837921
precision = 0.8636363636363636
recall = 0.8915857605177994
