f1 = 0.49440000000000006
loss = 0.31540469229221346
precision = 0.4753846153846154
recall = 0.515
