f1 = 0.7181208053691274
loss = 0.14787355810403824
precision = 0.6500607533414338
recall = 0.8020989505247377
