f1 = 0.03309692671394799
loss = 1.257434356212616
precision = 0.03139013452914798
recall = 0.035
