f1 = 0.7394285714285713
loss = 0.17418458999371997
precision = 0.7083941605839416
recall = 0.7733067729083666
