f1 = 0.7798408488063661
loss = 0.18853392750024794
precision = 0.7461928934010152
recall = 0.8166666666666667
