f1 = 0.8752904725019365
loss = 0.13663783222436904
precision = 0.905448717948718
recall = 0.8470764617691154
