f1 = 0.8964992389649924
loss = 0.09560407996177674
precision = 0.871301775147929
recall = 0.9231974921630094
