f1 = 0.8664310954063604
loss = 0.11105812191963196
precision = 0.8272604588394062
recall = 0.9094955489614244
