f1 = 0.8392282958199356
loss = 0.19751705676317216
precision = 0.8338658146964856
recall = 0.8446601941747572
