f1 = 0.9059405940594061
loss = 0.09775565844029188
precision = 0.8970588235294118
recall = 0.915
