f1 = 0.06598793363499246
loss = 1.4585828056522445
precision = 0.6161971830985915
recall = 0.0348605577689243
