f1 = 0.8847262247838618
loss = 0.16514337658882142
precision = 0.8599439775910365
recall = 0.9109792284866469
