f1 = 0.5411764705882353
loss = 0.15423073805868626
precision = 0.7540983606557377
recall = 0.42201834862385323
