f1 = 0.7598039215686273
loss = 0.24680130779743195
precision = 0.7451923076923077
recall = 0.775
