f1 = 0.7929176289453425
loss = 0.20771611332893372
precision = 0.824
recall = 0.7640949554896143
