f1 = 0.04694835680751173
loss = 1.092327207326889
precision = 0.3125
recall = 0.025380710659898477
