f1 = 0.34641407307171856
loss = 0.49971601366996765
precision = 0.31143552311435524
recall = 0.3902439024390244
