f1 = 0.06403940886699508
loss = 0.9921436309814453
precision = 0.06220095693779904
recall = 0.06598984771573604
