f1 = 0.7015209125475286
loss = 0.33572990298271177
precision = 0.8913043478260869
recall = 0.5783699059561128
