f1 = 0.125
loss = 0.4451321244239807
precision = 0.21052631578947367
recall = 0.08888888888888889
