f1 = 0.21538461538461537
loss = 0.21818660497665404
precision = 0.6666666666666666
recall = 0.12844036697247707
