f1 = 0.8610007942811756
loss = 0.1793989360332489
precision = 0.8455538221528861
recall = 0.8770226537216829
