f1 = 0.14545454545454545
loss = 1.291691541671753
precision = 0.6956521739130435
recall = 0.08121827411167512
