f1 = 0.38945233265720075
loss = 0.7705665230751038
precision = 0.5818181818181818
recall = 0.2926829268292683
