f1 = 0.4246682279469164
loss = 0.4303581863641739
precision = 0.39941262848751835
recall = 0.4533333333333333
