f1 = 0.8632893823733517
loss = 0.19325989931821824
precision = 0.8109517601043025
recall = 0.9228486646884273
