f1 = 0.8470407378939278
loss = 0.19614216238260268
precision = 0.8787878787878788
recall = 0.8175074183976261
