f1 = 0.44554455445544555
loss = 0.32938576936721803
precision = 0.42168674698795183
recall = 0.47226386806596704
