f1 = 0.6341463414634146
loss = 0.25270792096853256
precision = 0.5652173913043478
recall = 0.7222222222222222
