f1 = 0.878419452887538
loss = 0.1172115981578827
precision = 0.8525073746312685
recall = 0.9059561128526645
