f1 = 0.644827221811265
loss = 0.29220427616554145
precision = 0.6866981769074949
recall = 0.6077689243027888
