f1 = 0.8025078369905956
loss = 0.25088818818330766
precision = 0.7781155015197568
recall = 0.8284789644012945
