f1 = 0.15000000000000002
loss = 0.27775156646966936
precision = 0.8181818181818182
recall = 0.08256880733944955
