f1 = 0.9080459770114941
loss = 0.1078820914030075
precision = 0.8948220064724919
recall = 0.9216666666666666
