f1 = 0.18507462686567167
loss = 0.8688436895608902
precision = 0.6595744680851063
recall = 0.1076388888888889
