f1 = 0.5498233215547702
loss = 0.3480351954698563
precision = 0.524966261808367
recall = 0.5771513353115727
