f1 = 0.8096
loss = 0.2622010990977287
precision = 0.8006329113924051
recall = 0.8187702265372169
