f1 = 0.9032258064516129
loss = 0.11105725169181824
precision = 0.8837876614060258
recall = 0.9235382308845578
