f1 = 0.2764227642276423
loss = 1.043696641921997
precision = 0.6938775510204082
recall = 0.17258883248730963
