f1 = 0.8655876143560874
loss = 0.16287486851215363
precision = 0.8232931726907631
recall = 0.9124629080118695
