f1 = 0.5683060109289618
loss = 0.5213864594697952
precision = 0.6153846153846154
recall = 0.5279187817258884
