f1 = 0.7634408602150538
loss = 0.2316042587161064
precision = 0.7395833333333334
recall = 0.7888888888888889
