f1 = 0.3244444444444445
loss = 0.6070743083953858
precision = 0.6460176991150443
recall = 0.2166172106824926
