f1 = 0.7552123552123552
loss = 0.16763850077986717
precision = 0.7442922374429224
recall = 0.7664576802507836
