f1 = 0.717579250720461
loss = 0.3113007880747318
precision = 0.680327868852459
recall = 0.7591463414634146
