f1 = 0.7046783625730995
loss = 0.33767857402563095
precision = 0.6769662921348315
recall = 0.7347560975609756
