f1 = 0.8537170263788968
loss = 0.20416034162044525
precision = 0.8436018957345972
recall = 0.8640776699029126
