f1 = 0.8460342146189734
loss = 0.15021653175354005
precision = 0.8143712574850299
recall = 0.8802588996763754
