f1 = 0.5503355704697986
loss = 0.3171203285455704
precision = 0.49160671462829736
recall = 0.625
