f1 = 0.5772151898734176
loss = 0.414150208234787
precision = 0.5757575757575758
recall = 0.5786802030456852
