f1 = 0.04255319148936171
loss = 0.8492366373538971
precision = 0.03783783783783784
recall = 0.04861111111111111
