f1 = 0.5086419753086421
loss = 0.4414462596178055
precision = 0.4951923076923077
recall = 0.5228426395939086
