f1 = 0.5606469002695419
loss = 0.4899623245000839
precision = 0.5977011494252874
recall = 0.5279187817258884
