f1 = 0.8899835796387521
loss = 0.1144590325653553
precision = 0.8770226537216829
recall = 0.9033333333333333
