f1 = 0.06516290726817044
loss = 0.9378387331962585
precision = 0.06435643564356436
recall = 0.06598984771573604
