f1 = 0.4166666666666667
loss = 0.10611030720174312
precision = 0.4205607476635514
recall = 0.41284403669724773
