f1 = 0.9076127124907613
loss = 0.11256962046027183
precision = 0.8950437317784257
recall = 0.9205397301349325
