f1 = 0.03616133518776078
loss = 0.6957494914531708
precision = 0.28888888888888886
recall = 0.019287833827893175
