f1 = 0.05128205128205129
loss = 0.7913931608200073
precision = 0.04533333333333334
recall = 0.059027777777777776
