f1 = 0.35670731707317077
loss = 0.46770649403333664
precision = 0.3179347826086957
recall = 0.40625
