f1 = 0.916850625459897
loss = 0.09493489675223828
precision = 0.9002890173410405
recall = 0.9340329835082459
