f1 = 0.6572327044025157
loss = 0.32330405712127686
precision = 0.6005747126436781
recall = 0.7256944444444444
