f1 = 0.877887788778878
loss = 0.13961114063858987
precision = 0.869281045751634
recall = 0.8866666666666667
